,baseMean,log2FoldChange,lfcSE,stat,pvalue,padj,Avg counts in Cre-,Avg counts in Cre+
mt-Nd5,5361.631607,1.180264695,0.137228891,8.600701266,7.92E-18,1.11E-13,5552.1,5856.6
Tox,1003.991844,-1.710187247,0.213523513,-8.009362628,1.15E-15,8.09E-12,337.7,2787.5
Maf,811.5502108,-1.91883446,0.265667501,-7.222691728,5.10E-13,2.38E-09,292,2333.7
mt-Rnr2,157718.4336,1.025699473,0.14617024,7.017156667,2.26E-12,7.94E-09,149513.9,185279.6
Gzma,751.6172611,2.093546897,0.300536102,6.966041298,3.26E-12,9.15E-09,842,510.6
Cd3g,3258.918725,-0.758141217,0.109754199,-6.907628323,4.93E-12,1.15E-08,1846.7,7278.4
Lars2,1970.65211,1.440542796,0.210925607,6.829624973,8.51E-12,1.71E-08,1858.4,1871.6
Gzmk,779.843766,-1.170533333,0.176749428,-6.622557979,3.53E-11,6.19E-08,329,1907.6
mt-Rnr1,83006.51175,1.205959618,0.193745865,6.224440538,4.83E-10,7.54E-07,81291.3,90191.9
mt-Nd2,6663.059387,0.891769657,0.144247858,6.182203829,6.32E-10,8.87E-07,7086,8410
Coch,15.59661916,-5.882235227,0.970114127,-6.063446621,1.33E-09,1.47E-06,0.3,55
CT010467.1,209529.4637,1.091485056,0.179570585,6.078306521,1.21E-09,1.47E-06,186945.8,235337.4
Tcf7,532.0530769,1.618962057,0.267137843,6.060399525,1.36E-09,1.47E-06,567.5,469.1
Nkg7,7246.320903,-0.686907174,0.114004856,-6.025244856,1.69E-09,1.69E-06,4116.4,15834.8
AW112010,4266.308823,-0.755133584,0.126859513,-5.952518376,2.64E-09,2.47E-06,2542,9507.4
Il2rb,5102.447505,-0.579588731,0.097828584,-5.924533553,3.13E-09,2.75E-06,3074.6,10862.5
Glp1r,88.44652975,-2.219410422,0.380244898,-5.83679212,5.32E-09,4.39E-06,27,261
Gm15564,574.9689343,1.318991,0.227684531,5.793063743,6.91E-09,5.39E-06,563.4,584.7
Zfp36l2,829.6138317,1.207906911,0.213858209,5.648167142,1.62E-08,1.20E-05,787,870.6
Gm47586,500.3844513,-1.062116309,0.190738559,-5.56844047,2.57E-08,1.80E-05,273.8,1202.8
Syt11,367.6666859,-1.381887969,0.24902554,-5.549181706,2.87E-08,1.92E-05,160.3,940.1
Klf3,365.3152963,1.486509409,0.269568617,5.514400836,3.50E-08,2.23E-05,345.7,341.2
Sell,326.3257008,1.823386016,0.333834824,5.461940716,4.71E-08,2.75E-05,363.1,261.3
Tcrg-C2,765.1071003,-1.385123852,0.253376704,-5.466658265,4.59E-08,2.75E-05,341,1971
Ly6c2,1980.613565,0.915418808,0.169491453,5.400973271,6.63E-08,3.72E-05,1993.5,2463
Sfmbt2,11.63541394,7.786820813,1.446831926,5.381980224,7.37E-08,3.98E-05,20.9,0
Reep2,20.65952598,-5.101810138,0.959621679,-5.316480704,1.06E-07,5.50E-05,0.6,72.5
A030005L19Rik,11.10794943,-5.789134557,1.108604625,-5.222001087,1.77E-07,8.87E-05,0.2,39.7
Ncf4,321.4023625,-0.844513548,0.16292392,-5.183484101,2.18E-07,0.00010539,180.1,726.5
Ctsd,1635.339479,-0.587654769,0.113833392,-5.162411107,2.44E-07,0.000114045,974.3,3483.3
Sptbn1,593.699486,0.742331929,0.145690125,5.095279634,3.48E-07,0.000157646,566.1,788.4
Pdcd4,1172.461147,0.65631388,0.129635435,5.062766047,4.13E-07,0.000181221,1063.6,1587.2
Gm44292,183.6019907,-1.307096019,0.259431105,-5.03831651,4.70E-07,0.000199727,90.8,476
Dmxl2,10.01990891,-6.151165442,1.231412107,-4.995212737,5.88E-07,0.000242586,0,39.2
Il7r,1108.023565,0.980499946,0.197271106,4.970317082,6.68E-07,0.000268023,1000.3,1295.2
Ccl5,10991.15334,-0.929642705,0.188678055,-4.927137411,8.34E-07,0.000325289,5115.4,26378.8
Klhl30,13.69660655,-5.299079697,1.07793877,-4.915937568,8.84E-07,0.000326322,0.5,46.1
Rfx7,296.6310886,0.769108952,0.156331823,4.919721012,8.67E-07,0.000326322,291.1,390.7
Ccr5,754.1333723,-0.910812629,0.185816107,-4.901688249,9.50E-07,0.000341913,420,1748.7
Cmah,196.5763257,2.222146289,0.456374352,4.869130527,1.12E-06,0.000393269,202.4,124.4
Ltf,19.12629216,-7.082380456,1.460492625,-4.84930929,1.24E-06,0.000424074,0,68.1
Arl5c,115.3668855,1.083305413,0.224857192,4.81774855,1.45E-06,0.000470703,113.4,128.7
Ccr7,446.9913895,1.332621721,0.276793999,4.814489205,1.48E-06,0.000470703,465.3,454.3
Lef1,302.5050608,1.363439673,0.283158505,4.815111154,1.47E-06,0.000470703,336.7,294.3
Klf2,747.7201063,1.568965237,0.330022128,4.754121329,1.99E-06,0.000621586,723.6,659.1
mt-Co1,3260.510974,0.533312809,0.113616158,4.693987342,2.68E-06,0.000817421,3133.6,4785.1
Serbp1,3969.599231,0.361325979,0.077546277,4.659488405,3.17E-06,0.000946537,3396.8,6112.9
Fos,1505.040639,0.912017328,0.19690794,4.631694018,3.63E-06,0.001047856,1522.7,1798.2
Xcl1,582.3255328,1.412521981,0.30508763,4.629889386,3.66E-06,0.001047856,664.1,543.7
Gm6652,16.12459705,-4.916768132,1.064963961,-4.616839921,3.90E-06,0.001057895,0.9,56.6
Osgin1,195.5513416,-2.03449127,0.44078684,-4.615589866,3.92E-06,0.001057895,54,568.3
Ssh2,949.9235425,0.962471568,0.208418855,4.61796784,3.88E-06,0.001057895,861.9,1164.2
Ifi27l2a,2461.58434,-0.648862998,0.141247894,-4.593788818,4.35E-06,0.001152562,1533.1,5290
Ifitm1,708.1556192,1.303631831,0.284590267,4.580732316,4.63E-06,0.001191838,815.1,734.8
Sapcd2,13.27102792,-4.69686471,1.026573937,-4.575281469,4.76E-06,0.001191838,0.8,47
Usp9x,300.7141431,1.243231249,0.271679223,4.576099846,4.74E-06,0.001191838,288.3,319.8
Trpm1,9.513020084,-5.762467045,1.279379063,-4.504112356,6.67E-06,0.001641016,0.1,36.5
Foxp1,1112.948505,0.596181167,0.134213322,4.442041646,8.91E-06,0.002156138,1046.5,1573
Il18r1,637.0106472,0.770833135,0.173741148,4.436675724,9.14E-06,0.0021731,562.1,822.3
S1pr1,356.2101982,1.426760819,0.326119046,4.374969308,1.21E-05,0.002840705,355.4,342.2
Treml2,96.82622949,2.362752252,0.54443357,4.33983572,1.43E-05,0.003280488,107.5,54.2
Gpr146,65.91288853,2.633385771,0.607533292,4.334553851,1.46E-05,0.003306049,95.7,34.8
Gm2682,400.2565112,1.098462475,0.254236988,4.320624171,1.56E-05,0.003465918,399.9,468.6
Erbin,393.6414458,0.887925927,0.205793802,4.314638821,1.60E-05,0.003505519,367.2,498.9
Cxcr6,1888.625498,-0.76096192,0.176588289,-4.309243403,1.64E-05,0.00353687,988.7,4264.6
Adrb1,124.9898982,-2.2711143,0.530467925,-4.281341418,1.86E-05,0.003773954,39.6,373.1
Igfbp4,178.6526311,1.719112736,0.401363318,4.283183485,1.84E-05,0.003773954,291.7,149.3
Klf4,226.3342231,1.573298538,0.367730486,4.278401161,1.88E-05,0.003773954,279.2,200.6
Satb1,1082.181669,0.820922971,0.191771146,4.280742897,1.86E-05,0.003773954,1008.8,1359
Tirap,12.28077189,-3.91287919,0.913197938,-4.284809488,1.83E-05,0.003773954,1.2,36.3
Kmt5b,374.7037247,0.937380137,0.219480425,4.270905426,1.95E-05,0.003848102,337.7,463.6
Mme,34.03156415,10.52351922,2.473292879,4.25486173,2.09E-05,0.004077233,75.1,0.1
Cdk6,2234.140575,-0.710122705,0.167866363,-4.230285873,2.33E-05,0.004253842,1405.2,4974.3
Ptprc,6091.394394,0.521261975,0.123191853,4.231302325,2.32E-05,0.004253842,4959.4,8895.3
Rock2,540.9517809,0.785913881,0.18565086,4.233289738,2.30E-05,0.004253842,511.6,714.8
Rplp1,4430.302469,0.452748696,0.106743384,4.24146846,2.22E-05,0.004253842,4022.6,6582
Tet1,14.36809424,6.317925091,1.491670163,4.235470581,2.28E-05,0.004253842,17.6,0.6
Actn1,262.5189201,1.135482648,0.269306802,4.216316256,2.48E-05,0.004356249,332.2,280.8
Baz2b,220.0556755,1.464740014,0.347180207,4.218961752,2.45E-05,0.004356249,203.9,202.3
Spo11,13.20909717,-5.725765848,1.356172948,-4.222002701,2.42E-05,0.004356249,0.3,44
mt-Nd6,5677.96798,0.506419637,0.120767014,4.193360586,2.75E-05,0.004762066,5631,8457
Igkc,139.349682,-1.730105259,0.413331872,-4.185753332,2.84E-05,0.004805747,47.4,393.8
Rgs10,181.0750785,1.120332639,0.267609873,4.186439868,2.83E-05,0.004805747,202.6,196.2
Fam120a,662.900679,0.493703844,0.119592204,4.12822766,3.66E-05,0.005830012,589.7,985
Gzmc,271.2624863,1.574833708,0.381324764,4.129901479,3.63E-05,0.005830012,383,235.7
Npm1,1073.458339,0.66987828,0.16217603,4.130562819,3.62E-05,0.005830012,1093.2,1449.8
Prf1,1522.533205,-0.952507965,0.230695463,-4.12885434,3.65E-05,0.005830012,742.4,3522.7
Ptpn7,723.2347385,-0.649701823,0.15701511,-4.137829951,3.51E-05,0.005830012,470.1,1551.4
Ighm,247.6453696,1.349118263,0.327470496,4.119816219,3.79E-05,0.005979031,233.7,245
Filip1l,229.4158203,1.097463392,0.266810099,4.113275305,3.90E-05,0.006082721,265.9,252.6
Arntl,119.9344309,-1.341648492,0.326645683,-4.107351056,4.00E-05,0.006172226,43.4,310.4
Prrc2c,2716.026591,0.577957433,0.140930469,4.101011203,4.11E-05,0.006274855,2255.7,3853.2
Shq1,10.74791268,-4.63261226,1.130338582,-4.098428855,4.16E-05,0.006277032,0.6,38.1
Mrgpre,11.94493495,-6.087837585,1.486800429,-4.094589607,4.23E-05,0.006314058,0.1,41.5
Tnfsf8,139.0482887,1.659440147,0.406557079,4.081690456,4.47E-05,0.006604743,163.3,116.7
Aopep,429.5202118,-0.733331117,0.181218205,-4.046674663,5.20E-05,0.007221467,250.3,975.3
Cd38,253.6190199,-1.218385786,0.300864649,-4.049614307,5.13E-05,0.007221467,110.8,617.5
Gm37469,10.26046212,7.017174436,1.729891816,4.056423859,4.98E-05,0.007221467,15.3,5.2
Sbsn,7.336418726,6.805817339,1.679041677,4.053393929,5.05E-05,0.007221467,7.8,0.1
Txk,723.7317037,0.797653507,0.19711797,4.046579357,5.20E-05,0.007221467,647.7,962.2
Ube2k,409.9454458,0.549407828,0.135720521,4.048082205,5.16E-05,0.007221467,356.3,605.1
1700017B05Rik,637.6689188,-0.715765517,0.177426625,-4.034149433,5.48E-05,0.007539895,394.3,1404.9
AC135016.1,9.881090501,-4.669200483,1.162467825,-4.016627713,5.90E-05,0.008043918,0.6,32.7
Emb,1686.123709,0.744024048,0.185431584,4.01239116,6.01E-05,0.00811095,1485.2,2183.2
AC124578.3,11.31705095,4.303002494,1.076603091,3.996832752,6.42E-05,0.008580203,16.8,2.2
Entpd1,371.6733612,-0.803853768,0.201236616,-3.994570094,6.48E-05,0.008580831,208.8,839.7
Myo9a,266.5508762,1.155541378,0.290589417,3.97654323,6.99E-05,0.009171192,221.6,291.2
Map4k4,783.4038055,0.563001701,0.142018048,3.964296862,7.36E-05,0.009565548,742.4,1110.7
Jun,782.0970417,0.9316621,0.235262348,3.960098625,7.49E-05,0.009645969,749.7,966.8
Nfatc1,924.4963405,-0.523701192,0.132552511,-3.950896037,7.79E-05,0.009933411,536.8,1910.6
Gm20275,9.986823209,-5.868927167,1.492459813,-3.932385391,8.41E-05,0.01060647,0.1,31.9
Gm45380,7.222378804,5.898985222,1.5006896,3.930849672,8.46E-05,0.01060647,8.9,5.8
Gm12739,10.02667215,-3.508618439,0.901007579,-3.894105357,9.86E-05,0.012240853,1.3,35.2
AC148016.1,7.22844985,7.093799435,1.832969927,3.870112287,0.000108785,0.013275583,9.8,0
Cacna2d4,8.34967326,7.013026096,1.812081708,3.870148938,0.000108769,0.013275583,14,0.1
Gm8995,1380.047063,0.71749061,0.18572955,3.863093463,0.00011196,0.013545247,1167.9,1879.5
Osbpl3,626.7207242,-0.807528512,0.209535872,-3.853891485,0.000116255,0.013944655,368.8,1414.6
Il12rb1,136.8605936,-1.272450291,0.331305116,-3.840720315,0.000122674,0.014589868,66,341.6
B930095G15Rik,231.5430418,-1.138291341,0.298014584,-3.819582676,0.000133678,0.015764976,112.9,564.3
Rgcc,296.6398578,1.175517912,0.308944032,3.804954264,0.00014183,0.016555323,305,315.2
Trac,4493.905841,-0.382448858,0.100555155,-3.803373948,0.000142739,0.016555323,2930.2,9036.5
Itgb1,1261.882532,0.657572179,0.173032955,3.800271333,0.000144538,0.016626579,1298.2,1743.5
H2-K1,17512.47854,-0.261256273,0.069268445,-3.771649155,0.000162172,0.018503449,12199.7,33890.1
Prr13,1042.737982,-0.421610334,0.11200112,-3.764340344,0.000166989,0.01889942,690.5,2132.5
Ctla4,1341.673872,-0.88771463,0.236172934,-3.758748373,0.000170765,0.019157827,670.9,3093.1
Gm29488,9.504602964,-5.174751825,1.37811033,-3.75496193,0.000173368,0.019157827,0.3,36.8
Hivep1,198.2557282,1.08511786,0.288834764,3.756881074,0.000172044,0.019157827,177.2,215.8
Dapl1,108.2063405,1.77443137,0.473514761,3.747362311,0.000178704,0.019593204,120.6,83.4
Adgrg1,243.4255403,-1.489046496,0.398204617,-3.73940038,0.00018446,0.019784629,90,643.7
Chd4,1537.769153,0.411819343,0.110138581,3.739101582,0.000184679,0.019784629,1302.4,2321.6
Optn,16.97472977,-4.343588053,1.161221644,-3.74053315,0.00018363,0.019784629,1.6,52.5
Ppp2r2c,131.8467298,-1.523230124,0.407812241,-3.735126049,0.000187621,0.019947544,52.9,335.5
Gpd2,548.9494656,-0.798983806,0.214283438,-3.728630707,0.000192523,0.0203148,324.5,1220.7
Slc16a6,262.7357956,-0.915018034,0.245724042,-3.723762742,0.000196275,0.020556185,136.4,619.2
Tsc22d3,742.9577604,0.887049032,0.239127878,3.709517435,0.000207655,0.021586855,623.7,923
Trip11,685.3393922,0.726501291,0.196197444,3.702909045,0.000213141,0.021994303,568.1,929.1
Brwd3,165.2706833,0.96229092,0.260055747,3.700325526,0.000215323,0.022057256,141.6,203.5
Gm16433,10.57469174,-4.89482045,1.326449521,-3.690167152,0.000224107,0.022790682,0.5,34.6
Arnt2,54.89838558,-2.770290867,0.752593868,-3.680990486,0.00023233,0.02345694,10.7,172.9
Baiap3,210.2608431,-0.983085151,0.267808538,-3.670850666,0.000241745,0.023979103,116.4,487.5
Gm4796,6.947730819,-4.674400852,1.273757618,-3.669772638,0.000242766,0.023979103,0.3,26.7
Psen2,245.6854237,0.78577971,0.214218375,3.668124689,0.000244336,0.023979103,233.2,330.2
Zmynd11,349.8345264,0.786013802,0.214016253,3.672682751,0.000240017,0.023979103,330.4,456.1
Ahnak,3748.386075,0.323603217,0.088496287,3.656686945,0.000255496,0.024866639,3040.1,5949.9
Pik3ip1,128.5553046,1.276572433,0.349242763,3.655258086,0.000256923,0.024866639,136.9,132
Tnks,171.3290799,0.777323223,0.213253047,3.645074397,0.000267314,0.025695145,166.1,225.4
Id2,2977.867984,-0.409211698,0.112471266,-3.638366602,0.000274373,0.026194192,1962.9,6075.8
Il6ra,161.6148143,1.616178782,0.44456507,3.63541558,0.000277533,0.026316867,205.6,136.1
Ccl3,1494.800124,-0.873989406,0.241040016,-3.625910001,0.000287946,0.02675464,771.5,3489.6
Gm26917,2357.179416,0.562430585,0.155108435,3.626047711,0.000287792,0.02675464,1984.8,3352
Naa15,380.3641858,0.691152391,0.190580444,3.626565124,0.000287216,0.02675464,386.9,513.8
Spata24,14.70373596,-3.660728908,1.010058771,-3.624273174,0.000289775,0.02675464,2.2,46.9
Mcpt4,31.17531269,5.270956876,1.458467166,3.614038766,0.000301464,0.027651929,25.5,2.4
Zfp36l1,527.4593748,0.857249052,0.237493405,3.609569926,0.000306705,0.027949995,538.6,675.5
Nedd9,805.1043309,-0.698219144,0.193567605,-3.607107418,0.00030963,0.028034454,442.5,1762.5
E030030I06Rik,13.95211712,-3.48841846,0.968218467,-3.602924938,0.000314656,0.028306975,1.4,40.7
Trps1,640.0748264,-0.834557299,0.231746417,-3.601165923,0.000316793,0.02831769,417.1,1434.7
Rasd2,96.2525622,-2.946976622,0.821597826,-3.586884638,0.000334652,0.029724748,11.5,307.9
Pabpc1,2524.554659,0.468392463,0.130721197,3.583140869,0.000339487,0.029964567,2318.4,3774.6
Gm10715,7.001427864,-4.728272926,1.322416201,-3.575480187,0.000349586,0.030137957,0.3,26.2
Itgae,104.7304125,1.916135487,0.535826371,3.576038044,0.000348841,0.030137957,140.1,75.6
Serpina3g,1221.767565,-0.716399801,0.200127705,-3.579713261,0.000343971,0.030137957,715.5,2646.7
Slamf6,221.3069361,1.096946823,0.30682634,3.575139034,0.000350042,0.030137957,193.4,248.1
Apbb1ip,736.8293505,0.633310516,0.177355382,3.570855924,0.000355817,0.030448354,606.1,1042.2
Fbxo17,6.880613787,6.726815518,1.898370565,3.543468089,0.000394901,0.033588133,10.3,0.1
Gm20404,7.801139473,-5.787848049,1.634702973,-3.54061144,0.000399201,0.033749319,0,26
Bzw2,308.5671876,0.955654353,0.270186191,3.537021449,0.000404667,0.03386627,309.5,371.3
Pim2,210.2528932,1.098554412,0.310630033,3.536536372,0.000405411,0.03386627,214.1,235.3
Irgm1,325.1594187,0.677790619,0.192007306,3.530025146,0.00041552,0.034505385,292.4,444.5
Litaf,825.1864248,-0.81506603,0.231040086,-3.527812179,0.000419009,0.034590454,505.4,1891.3
Ablim1,2298.970906,0.3924862,0.11137839,3.52389903,0.000425246,0.034900035,1989.3,3543.3
Cep350,592.2081624,0.734208453,0.209342801,3.507206601,0.000452837,0.036528319,507.1,804.8
Gm1966,678.2197247,0.862629825,0.246044221,3.505995062,0.000454904,0.036528319,578.5,867.8
Hist1h2ae,337.216573,1.188627434,0.339207515,3.504130606,0.000458101,0.036528319,293.9,374.6
Klhl9,145.2446405,1.431984275,0.408581113,3.504773543,0.000456996,0.036528319,140.6,131.7
Tmem241,45.59329016,-2.19346859,0.625738597,-3.505407212,0.000455909,0.036528319,15.7,131.3
Spef2,42.91197913,3.537932158,1.010790463,3.500163772,0.000464972,0.036866795,43,13.8
Gm16303,53.69028661,3.459591839,0.989148141,3.497546723,0.000469558,0.037021255,59.7,18.6
Zfp326,144.4678422,1.223540021,0.350403993,3.491798171,0.000479781,0.037615874,138.6,149.8
Evl,238.5877565,0.996047292,0.286300247,3.479030505,0.000503231,0.039235267,213.6,271.4
Gpr183,828.1587672,0.722364414,0.207783,3.476532791,0.000507942,0.039383755,728.6,1127.2
Cep57,237.6203509,0.724650707,0.209163517,3.4645177,0.000531183,0.040959477,204.6,315
Fam76b,309.1209023,0.868501591,0.251096824,3.458831454,0.000542524,0.041379271,274.7,390.9
Gm48889,9.132556491,6.549957025,1.893086714,3.459935024,0.000540306,0.041379271,13.9,0.3
Cdc42ep4,8.768403552,6.489108943,1.87883821,3.453788043,0.000552772,0.041932958,14.5,0.3
Cenpj,110.9063333,1.475473014,0.427583165,3.45072757,0.000559078,0.042183307,90.9,99.8
Cysltr2,197.7198457,-0.909295391,0.263907045,-3.445513894,0.000569975,0.042775532,105.9,460.9
1810053B23Rik,6.980817214,-5.627385357,1.635693026,-3.440367642,0.000580924,0.042908918,0,23.1
Klra1,9.807599704,6.668016752,1.937114218,3.442242429,0.000576913,0.042908918,23.6,0.3
Pikfyve,65.21529683,2.478735888,0.720247666,3.441504922,0.000578488,0.042908918,63.3,32.4
Per3,10.2692218,-4.445736417,1.294907822,-3.433245471,0.000596402,0.043821487,0.8,31.8
Macf1,1955.140689,0.553828129,0.161429429,3.430775504,0.000601858,0.043992092,1563,2774.7
Gm45873,8.887718048,-5.657284782,1.653963283,-3.420441578,0.000625196,0.045461116,0.1,30.5
Utrn,1319.522676,0.618872305,0.18101776,3.418848548,0.000628867,0.045492382,1097,1829.9
Rcor3,109.7567033,1.052124463,0.308626482,3.409054391,0.000651885,0.046840933,113.7,127.3
Smc1a,684.4160655,0.49657605,0.14570493,3.408093678,0.000654184,0.046840933,610.3,1018.1
D130019J16Rik,9.657352933,6.91387888,2.034159169,3.398887849,0.000676605,0.048200346,11.4,0.2
Adam19,805.6368123,-0.743732992,0.21921072,-3.39277656,0.00069188,0.048793221,467.1,1839.6
Rab27a,447.9525964,-0.531483568,0.156629144,-3.393261006,0.000690658,0.048793221,271.5,955.4
Gspt1,339.3428121,0.512145848,0.151020959,3.391223638,0.000695813,0.048825197,296.9,490.4
Tnfrsf9,1758.450784,-0.599831704,0.177049251,-3.387936976,0.000704204,0.049168184,1064.8,3693
Pstpip1,772.4490182,-0.504347648,0.149019668,-3.384436805,0.000713244,0.049552828,461.6,1630
Smg1,762.6116986,0.61316061,0.181516308,3.37799186,0.000730172,0.050479014,672.7,1085.7
Slamf7,362.3797639,0.811053624,0.240275775,3.375511433,0.000736786,0.050686564,350.9,460
Prpf18,421.7233386,-0.601521955,0.178468787,-3.370460262,0.000750427,0.051373154,262.4,912.5
5033430I15Rik,11.06623523,-4.254077799,1.264816563,-3.363395074,0.000769901,0.052450438,1.5,41.8
Gm37943,8.749126941,7.362225502,2.191343003,3.359686498,0.00078031,0.052680041,8.2,0
Ybx3,1079.032741,0.647292361,0.192674035,3.359520455,0.000780779,0.052680041,987.6,1494
Kmt2c,741.8225321,0.642192662,0.191415317,3.35497008,0.000793736,0.053298022,626.4,1041.9
Emc10,349.3924413,-0.716772847,0.214377926,-3.343501171,0.000827283,0.055286171,235,766.7
2810025M15Rik,11.09964649,-4.415954352,1.322091334,-3.340128051,0.000837398,0.055696868,0.6,35.9
Ppp3ca,715.6972816,-0.454316731,0.136088228,-3.33839847,0.000842628,0.055780396,484.3,1487
A430078G23Rik,63.92298992,1.449220125,0.434494068,3.335419815,0.000851707,0.056116703,57.1,58.5
AU020206,2041.47139,-0.349917755,0.10504311,-3.331182352,0.000864779,0.056592862,1376.8,4043.7
Jmjd1c,812.0529591,0.662925406,0.199196381,3.327999255,0.000874721,0.056592862,693.2,1138.7
Nr4a2,1673.477631,-0.539417153,0.16208984,-3.32788997,0.000875064,0.056592862,946.7,3573.9
Rapgef4,26.0954379,2.854705912,0.857263328,3.330022196,0.000868391,0.056592862,30.9,11.6
Vsir,690.1336852,-0.588979253,0.177907139,-3.310599329,0.000930964,0.059931878,444.2,1466.8
Map11,277.0648751,-0.855147342,0.258580456,-3.307084211,0.000942725,0.060411915,171.8,622.9
Galm,31.08227019,-2.478480795,0.752064495,-3.295569479,0.000982224,0.06265697,9,96.5
Tut4,1169.04853,0.716702756,0.217660236,3.292759249,0.000992094,0.063000205,996.7,1573.9
Stat3,2937.363444,-0.390058084,0.118708793,-3.285839854,0.001016788,0.063989251,1892.4,5905.7
Suz12,402.553695,0.500601229,0.152330123,3.286291757,0.001015158,0.063989251,360.1,594.9
Map6,25.0099219,-2.688487363,0.81864954,-3.284051639,0.001023262,0.064109174,8.1,78.1
B4galt5,657.1202624,-0.543582015,0.16565339,-3.281442135,0.001032777,0.064132718,437.3,1406.6
Mcpt1,9.514831201,6.60639295,2.01285932,3.282093728,0.001030393,0.064132718,12,0.3
Ik,520.3930545,0.591822119,0.18054172,3.27803523,0.001045323,0.064625858,457,747
Ncl,3673.571281,0.391816414,0.119926987,3.267124632,0.001086458,0.066874373,3155.8,5597.8
Rev3l,281.2871104,1.02396981,0.313646064,3.26473031,0.001095683,0.067147693,240.2,327.2
Tasor,334.2055275,1.081472795,0.331576582,3.261607886,0.001107823,0.06759645,292.9,385.4
Dnajc2,315.6704347,0.635565157,0.195570236,3.249805137,0.001154841,0.070160347,281.7,441.1
R3hdm2,334.2253098,0.868705467,0.267565117,3.246706738,0.001167486,0.070622851,316.3,420.9
Gm42737,5.730800277,-4.680410031,1.442913404,-3.243722054,0.001179788,0.070757035,0.2,21.2
mt-Cytb,9732.771684,0.615859515,0.189822289,3.244400429,0.001176982,0.070757035,11344,13731.5
Ccdc62,7.187959809,-4.722798374,1.457199674,-3.241009766,0.001191071,0.071129749,7.3,24.1
Depdc1a,8.725332234,-5.608396293,1.732056168,-3.237999089,0.001203712,0.071580057,0.1,29.8
Dap3,129.9756221,0.975441478,0.301516592,3.23511709,0.001215929,0.071703343,118.9,154.1
Sdc2,124.303034,2.971354474,0.91847392,3.235099451,0.001216004,0.071703343,248.8,52.4
Kidins220,227.6649257,0.702079938,0.217311073,3.230760064,0.001234615,0.072383206,225,311.1
Wdr62,9.442759209,-2.848006645,0.881732435,-3.230012339,0.001237849,0.072383206,2.6,28.8
1700025G04Rik,149.7403134,1.465463011,0.45401401,3.227792491,0.001247494,0.072443747,157.8,145.9
Btbd6,26.5546945,-2.561513811,0.79367727,-3.227399736,0.001249208,0.072443747,7.6,76.5
Klra9,5.521292042,6.406096,1.986519938,3.224783138,0.001260681,0.072808234,6.2,0.1
Jaml,591.8289148,0.490168924,0.152158982,3.221426151,0.001275543,0.07336465,534.3,875.3
Xrcc1,132.3829403,0.924937577,0.288143749,3.209986613,0.001327412,0.0760363,117.1,166
Cxcr4,446.827706,0.972774412,0.303241891,3.207915665,0.001337007,0.076274618,361.3,547.7
Kcnq1ot1,618.40807,0.616650573,0.192443369,3.204322274,0.001353808,0.076920436,536.4,851.2
Gm23935,634.9358737,0.800801225,0.250091559,3.202032201,0.001364617,0.077221939,512.1,809.7
Anp32a,308.3880438,0.597138577,0.186639341,3.199425014,0.00137702,0.077300397,294.7,442.8
Gm9752,6.712576106,6.992182726,2.185434277,3.199447725,0.001376912,0.077300397,13.7,0
Gm15796,9.473372002,-3.10644559,0.971860083,-3.196391788,0.00139158,0.077806517,1.6,29.4
Snx4,202.0153233,0.91756641,0.287654355,3.189822769,0.001423601,0.079281,200,255.2
Pbx3,62.60406855,-2.031172084,0.637613467,-3.185585294,0.001444615,0.080133315,21.7,177
Fam20a,144.2457563,-1.398374717,0.43959727,-3.181035943,0.001467494,0.081081944,59.8,370
Lim2,6.486779074,-5.522762033,1.738768568,-3.176249062,0.001491928,0.082108697,0,23.9
Prex1,1290.185385,-0.407225401,0.12829284,-3.174186499,0.001502571,0.082291077,868.7,2608.7
Tnfsf14,54.4018454,1.806801485,0.569369362,3.173338092,0.001506969,0.082291077,61.5,46.4
Eif3a,1470.480835,0.473372655,0.149637294,3.16346709,0.00155902,0.083292443,1254.9,2162.9
Gm47389,13.56168254,-4.34904832,1.374423553,-3.164270804,0.001554721,0.083292443,1.1,44.4
Gpr55,100.6517329,1.777915819,0.561993013,3.163590612,0.001558358,0.083292443,99.8,76.4
Klrc2,74.28407384,-1.694612354,0.534843221,-3.168428219,0.001532656,0.083292443,27.7,191.6
Ly6a2,15.2838554,5.672955032,1.791168284,3.167181489,0.001539242,0.083292443,10.8,1
Rpl29,463.3166007,0.563646578,0.178193626,3.163113012,0.001560917,0.083292443,441.5,654.3
Itk,1883.980112,0.3914271,0.123819427,3.161273719,0.001570808,0.083502732,1477.5,2907.2
Gm47545,9.529627177,7.491133828,2.371876235,3.158315648,0.001586836,0.08403646,13.8,0
Dctn6,188.2328923,-0.814500913,0.258127429,-3.155421791,0.001602662,0.084555498,117.4,426.9
Zfpm2,8.344989204,7.004534384,2.220902152,3.153913998,0.001610966,0.084675244,15.2,0.1
Nedd4,353.3096379,0.590569801,0.187419468,3.151059,0.001626796,0.085188278,340.4,506.7
Pdlim1,108.4651479,1.445050174,0.458848904,3.149294162,0.001636654,0.085385861,126.5,108
Rassf6,4.914064563,-4.067904612,1.292208987,-3.148023775,0.001643783,0.0854402,0.3,17.3
Foxn3,706.6446596,-0.617888792,0.196576568,-3.143247423,0.001670845,0.086152342,486.2,1509.5
Gm4668,6.417974856,-5.505855872,1.752138659,-3.142363102,0.001675901,0.086152342,0,21.9
Tmsb4x,35990.44605,-0.291949439,0.092879783,-3.143304493,0.00167052,0.086152342,25135.6,69695.3
Ubash3b,755.1677968,-0.664770276,0.211688751,-3.140319322,0.001687638,0.086439079,423.2,1646.8
Gm13900,6.160893032,6.567235884,2.101628419,3.124832071,0.001779066,0.090461634,9.2,0.1
Nfx1,407.5868479,0.619445598,0.198218592,3.125063053,0.00177767,0.090461634,364.3,570.9
Ccdc166,22.31947815,-2.878448471,0.921732395,-3.122867859,0.001790981,0.090738746,6.7,67
Klf10,188.7369063,1.164041726,0.373029515,3.120508376,0.001805392,0.091017595,154.8,200
Sfmbt1,79.51149815,-1.499800781,0.48072911,-3.119845982,0.001809456,0.091017595,33.7,211.6
Gm12229,7.068835189,-4.972130102,1.596692752,-3.114018082,0.001845582,0.092191747,0.2,27.3
Klra13-ps,71.02193469,2.427774312,0.779641777,3.113961287,0.001845937,0.092191747,105.1,42.6
Ppa1,151.4943934,-0.925551055,0.297804605,-3.107913847,0.00188413,0.093379053,99.2,336.4
Sh3pxd2a,33.15967359,3.06248316,0.985657572,3.107045741,0.001889672,0.093379053,50.1,11.6
Stat4,693.5905647,0.617256638,0.198566374,3.108565792,0.001879978,0.093379053,584.8,964.4
Snord8,7.993158587,4.829459328,1.556907869,3.101955758,0.001922467,0.094666316,8.3,3.6
Papola,649.1221507,0.40753536,0.13147254,3.099775518,0.001936674,0.095032439,542.8,992.1
Sema4a,981.0292343,-0.351081935,0.11332255,-3.098076536,0.001947811,0.095245931,651.5,1965.8
Gm4859,6.703500659,3.055395683,0.987060482,3.095449307,0.00196515,0.095309269,6.7,2.6
H1fx,11.30478606,-3.486163448,1.127202432,-3.09275721,0.001983063,0.095309269,2.5,36.2
mt-Nd4,7682.086905,0.512565154,0.165661215,3.094056473,0.001974399,0.095309269,8252.4,11365
Strbp,197.4930821,1.017782202,0.328921966,3.094296849,0.0019728,0.095309269,183.7,229.4
Tspan13,254.0152047,0.622271749,0.20114669,3.093621625,0.001977295,0.095309269,236.5,353.2
Rpl31-ps21,7.299469727,3.973962003,1.287545155,3.086464183,0.002025523,0.097017735,12.3,1.5
Adgrg3,42.0864563,-2.262405675,0.733829513,-3.083012653,0.002049164,0.097466339,15.2,115.8
Gjc1,9.085839129,6.842367962,2.221488996,3.080081861,0.002069437,0.097466339,18.1,0.2
Ier3,186.276357,-1.019175853,0.330586343,-3.082933924,0.002049707,0.097466339,114.4,442
Rapgef6,1107.130093,0.509738385,0.165496449,3.080056336,0.002069614,0.097466339,943.1,1633.3
Stard13,6.524217303,6.950510913,2.255290674,3.081869221,0.002057052,0.097466339,14.3,0
Uck1,15.18633166,-2.243335332,0.72867535,-3.078648579,0.002079418,0.097600514,4.2,43.7
Gm9874,8.324753633,-5.243778565,1.703977341,-3.077375759,0.002088319,0.09769155,0.2,25
Cd226,337.8513592,0.694468611,0.226118681,3.071257127,0.002131595,0.099384732,334.4,470.5
Gem,334.602699,-0.861413944,0.280768401,-3.068058734,0.002154543,0.09979159,169.2,760.7
Zfp39,9.805036147,-3.540682583,1.154031206,-3.068099516,0.002154249,0.09979159,0.9,31.7
Ermp1,170.5158061,0.82762778,0.27015244,3.063558416,0.002187215,0.099859108,179.4,225.2
Klrb1f,5.322437286,-4.959535683,1.61919589,-3.062962123,0.002191578,0.099859108,7.1,18.8
Nlk,200.4317398,0.734188575,0.239644952,3.063651329,0.002186536,0.099859108,181.1,273.4
Notch1,197.1667791,0.948231319,0.309280066,3.065930922,0.002169934,0.099859108,173.1,240.8
Sesn3,404.0381522,0.733742231,0.239515012,3.063449864,0.002188009,0.099859108,361.9,543
Gramd1a,642.8723522,0.474046554,0.155275436,3.052939763,0.002266114,0.101488016,551.4,946.5
Gramd4,227.3905883,0.883698854,0.289378732,3.053779554,0.002259781,0.101488016,211.5,288.6
Ildr1,107.8734766,-1.2462972,0.408253093,-3.052756297,0.0022675,0.101488016,51.8,270.1
Itga4,931.5185158,-0.452208309,0.148150523,-3.052357158,0.002270518,0.101488016,569.5,1890.6
Malt1,1375.187597,0.487351472,0.159665349,3.05233086,0.002270717,0.101488016,1162.9,2023
Rreb1,101.368071,1.511131637,0.494819462,3.053905016,0.002258836,0.101488016,98,91.2
Tmem86b,97.53385639,1.420086442,0.465891523,3.048105348,0.002302892,0.102599312,80.9,100.1
Tespa1,187.5051912,1.189792633,0.390519805,3.046689607,0.002313765,0.102757525,187.5,198.1
Fam210a,157.079651,0.920877043,0.302985649,3.039342113,0.002370954,0.103118855,139.5,190.6
Gm13408,6.251089587,-3.706540842,1.217943718,-3.043277606,0.002340163,0.103118855,0.5,18.1
Gm14335,8.36682424,7.007338643,2.305197283,3.039799975,0.002367353,0.103118855,7.5,7.3
Iqgap2,459.6517281,0.698877918,0.229935565,3.039451154,0.002370096,0.103118855,407,635.3
Mrpl54,198.7636333,-0.855995153,0.281666325,-3.039039737,0.002373335,0.103118855,96.1,447.9
Tprg,5.16133581,-5.190858838,1.705043579,-3.044414174,0.002331339,0.103118855,0,16.5
Trdmt1,6.740374683,-5.244270787,1.724511987,-3.0410173,0.002357803,0.103118855,0.1,23.6
Ube2d3,1207.110837,0.334001302,0.110018241,3.03587205,0.002398411,0.103440307,987,1868.1
Zdhhc20,618.0296654,-0.482067775,0.158741034,-3.036818928,0.00239089,0.103440307,401.7,1298.5
Zmiz2,438.6095867,-0.519706379,0.171219917,-3.035314986,0.002402846,0.103440307,283.8,900.8
4932438A13Rik,998.5097163,0.541813263,0.178840559,3.029588289,0.002448873,0.10477892,812.7,1422.6
Lmna,243.4271763,1.022148836,0.337286842,3.030503145,0.002441466,0.10477892,281.5,279.4
Clec2d,75.91475951,1.621956107,0.535635951,3.028094182,0.002461014,0.104978319,57.8,66
Gm5857,5.630431885,-3.603518571,1.191384791,-3.024647114,0.002489234,0.105860324,0.6,18.4
Impa1,249.6468845,-0.69537696,0.230338583,-3.018933916,0.002536659,0.107510614,157.3,542.9
Nbn,57.90648898,1.826399271,0.605141793,3.018134414,0.002543361,0.107510614,57.7,47.7
Cenpa,624.2585733,-0.514471909,0.170601277,-3.015639269,0.002564381,0.107750087,395.5,1299.5
Uhrf2,970.8713577,-0.746453412,0.247461752,-3.016439533,0.002557622,0.107750087,551.8,2136.9
Chd3,657.5107833,0.434877732,0.14432674,3.013147326,0.002585534,0.108314565,551.6,978.7
Gm12912,7.581290756,-2.464861223,0.818407874,-3.011776038,0.002597241,0.108481209,2,22.2
Fam241a,147.1170304,1.145877996,0.38068773,3.010020826,0.002612298,0.108786311,144.6,163.7
Sidt1,304.4245693,0.913931834,0.303867668,3.00766396,0.002632641,0.10921545,305.1,379
Sike1,252.881925,0.94683756,0.314875024,3.007026559,0.002638167,0.10921545,213.7,307.1
Tmem170,12.30835083,-2.796442547,0.930457162,-3.005450075,0.002651881,0.109460299,3.3,39
Gls,844.7042581,0.596421407,0.198619188,3.002838821,0.00267474,0.110080082,687.4,1209
Trpm6,6.166489209,6.864260817,2.287648176,3.00057539,0.0026947,0.110577267,7.6,0
Ash1l,697.9601855,0.487458244,0.162777004,2.994638251,0.002747705,0.112423593,584.6,1033.9
Pde11a,6.887397766,-4.131090134,1.381464398,-2.990370321,0.002786394,0.113675161,0.8,20.7
Lypd6b,24.09572623,3.68789182,1.234763212,2.98671987,0.00281988,0.114707807,20.3,6
Hsp90aa1,638.0480946,0.747916064,0.250910942,2.980802906,0.002874938,0.116609463,547.4,844.4
Arl6ip1,2784.667283,-0.379016148,0.127200276,-2.979680238,0.002885494,0.116700362,1714.2,5624.7
Coa5,255.9294046,-0.782672505,0.262834579,-2.977814061,0.00290312,0.117075841,154.4,569.1
Smc4,1811.667234,0.466278727,0.156678389,2.976024522,0.002920115,0.117423769,1438,2697.3
Gm37850,6.020400324,-4.49349843,1.511477785,-2.972917284,0.002949839,0.11828013,0.3,21.3
Hnrnpab,381.0734135,0.465164386,0.156587631,2.970633014,0.002971867,0.11882387,324,576
Hspd1,273.8977566,0.73775345,0.24863465,2.967218976,0.003005069,0.119810033,245,358.2
Rabggtb,219.2006101,0.701015228,0.236334383,2.966200762,0.003015036,0.1198669,206,292
Epha3,6.366705888,-5.495641451,1.855232687,-2.96223837,0.003054112,0.120992711,0,23.2
Klrk1,1083.490631,0.595497516,0.2010739,2.961585346,0.003060597,0.120992711,927,1488.1
Pfdn5,763.8994091,-0.514226629,0.173790197,-2.958893178,0.003087461,0.121201811,505.6,1581.6
Rel,652.4085705,0.828490587,0.279977386,2.959133951,0.00308505,0.121201811,549,816.3
Rnf145,353.2803435,-0.638517678,0.215827656,-2.958460881,0.003091795,0.121201811,219.7,760.1
Mrps33,16.37857127,-2.208453781,0.74861386,-2.950057296,0.00317715,0.123512808,5.9,45.8
Ppp6r2,170.3626883,-0.679948199,0.230434018,-2.95072839,0.003170256,0.123512808,106.7,371.7
Xrn2,943.0840048,0.57741806,0.195634948,2.951507719,0.003162266,0.123512808,824.3,1334
Gm10719,18.26832019,2.605952281,0.884132729,2.947467271,0.003203887,0.124125172,15.1,10.2
Ino80d,353.5791347,0.703569762,0.238755524,2.946820875,0.003210591,0.124125172,306.6,512.4
Rxra,49.73916911,1.290299793,0.438176483,2.944703433,0.003232644,0.124634394,49,50.8
Tpr,1801.49245,0.440270437,0.149623118,2.942529492,0.003255428,0.124826976,1427,2700.2
Trim8,324.6378939,-0.817998383,0.277918393,-2.943304234,0.003247291,0.124826976,196.4,733.2
Nupl2,14.4473242,-2.79905812,0.951951725,-2.940336203,0.003278563,0.125030848,2.9,45.6
Slc16a13,6.566419494,-5.54006877,1.884128238,-2.940388375,0.003278011,0.125030848,0,23.6
Nbeal2,518.3976152,-0.524345876,0.17866441,-2.934808769,0.003337533,0.126934795,316.5,1076.8
Abl2,179.4875079,0.877322717,0.299344878,2.930809186,0.003380804,0.127588568,160.1,233.6
Snrnp70,2495.611383,-0.316003453,0.107825264,-2.930699544,0.003381997,0.127588568,1765.5,4900
Zfyve9,17.16342495,4.220486036,1.439632675,2.931640903,0.003371764,0.127588568,32.7,3
Gm8129,5.923823552,-3.297170016,1.126022659,-2.928156011,0.003409789,0.12829217,0.9,18.4
Hmgb1-ps9,4.857294427,4.786864279,1.636218551,2.925565339,0.00343831,0.1286753,4.3,0.6
Zfp622,317.4916029,0.487838804,0.166741759,2.925714642,0.00343666,0.1286753,290.3,464
Rps19-ps10,4.940726416,4.225328394,1.444711029,2.924687574,0.003448022,0.12869559,11.9,0.9
Ikzf4,342.7895508,-0.923513494,0.316408643,-2.918736623,0.00351453,0.130830021,185.4,810.1
Stim1,606.4866466,0.596622277,0.204770367,2.913616292,0.003572687,0.132643109,478.3,870.7
Actr3b,4.773310542,-5.078511683,1.746391464,-2.908003037,0.003637448,0.133633366,0,16.1
Glo1,87.09488637,1.0632841,0.365551273,2.908713985,0.003629187,0.133633366,79.6,99.3
Gm31513,7.234190223,5.85902297,2.013202763,2.910299488,0.003610826,0.133633366,6,0.4
Zfyve28,9.124270382,-3.280539238,1.128015826,-2.908238664,0.003634708,0.133633366,1.9,27.4
Atp8b4,944.0578102,0.56060393,0.193087497,2.903367323,0.003691734,0.13421103,782.8,1372.5
Gk5,6.249702394,-5.192021271,1.787772485,-2.904184573,0.00368211,0.13421103,0.1,20.6
Gm48771,7.039170237,4.710770273,1.624761565,2.899360973,0.003739241,0.13421103,7,1.1
Gm49888,15.21979171,4.639468974,1.599325084,2.90089177,0.003721024,0.13421103,14.8,2.2
Ifitm2,107.5852701,1.171305043,0.403953003,2.899607214,0.003736305,0.13421103,133,116.5
Mzt2,28.94301147,-1.848049591,0.63607088,-2.90541455,0.00366767,0.13421103,12,78.7
Nsd3,1385.63083,0.396980675,0.136828892,2.901292766,0.003716265,0.13421103,1114.8,2153.2
Snw1,219.4658269,0.815868798,0.281262125,2.90074178,0.003722805,0.13421103,202.3,286.6
Tmem189,367.0599683,-0.499925106,0.172281851,-2.901786247,0.003710416,0.13421103,236.6,772
Fam189b,242.0837994,-0.615759573,0.212712535,-2.894796831,0.00379404,0.134818834,146.8,522.9
Gm42659,98.67183384,-1.391078295,0.480427487,-2.895501052,0.003785538,0.134818834,48.6,249.4
Hist1h4d,184.2479033,1.033378837,0.356848721,2.895845711,0.003781383,0.134818834,182.2,203.4
Twist1,7.486299354,7.139926891,2.466508672,2.89475037,0.003794602,0.134818834,11.2,0
Ap2b1,288.5205718,0.6523382,0.225439095,2.893633866,0.003808119,0.134957438,270.9,392.2
Nucks1,1044.398698,0.393556258,0.136215995,2.88920737,0.003862143,0.136527237,843.9,1614.3
Clptm1l,330.0068999,-0.896328992,0.310452462,-2.887169863,0.003887243,0.13706927,192.1,749.8
Rimkla,4.382334715,-4.612771548,1.598729644,-2.885273045,0.003910743,0.137552306,0.1,15.1
Arid1a,1099.726147,-0.394027864,0.136662551,-2.883217536,0.003936355,0.138107015,799.3,2224.3
Ccdc73,33.83677866,3.153939952,1.09528016,2.879573708,0.003982132,0.139269723,27.6,12.2
Gm17809,7.300248267,-5.015723568,1.742173638,-2.879003252,0.003989342,0.139269723,0.3,25.4
Itpa,53.76115921,-1.444320883,0.503462758,-2.868774025,0.004120661,0.143497157,26.6,140.1
Mdn1,307.0702414,0.748759717,0.261459995,2.863763987,0.004186398,0.144614179,293.9,402.3
Mphosph8,316.0407359,0.641884399,0.224245749,2.86241501,0.00420426,0.144614179,266.9,434.4
P3h3,7.119408983,7.07885194,2.471037491,2.864728668,0.004173667,0.144614179,18.8,6.1
Prrt1,155.0249768,-0.687519889,0.240167565,-2.862667528,0.004200911,0.144614179,89.8,332.6
Snrnp48,508.2553038,0.593429376,0.207279282,2.862945935,0.004197222,0.144614179,411.8,724
Cbx6,231.1967147,-0.804103707,0.281500313,-2.856493112,0.004283493,0.14680019,131,534.9
Dcn,178.8942205,2.293078856,0.802869245,2.856104988,0.004288733,0.14680019,376.1,107.2
D630033A02Rik,14.36713176,-3.527047366,1.235352528,-2.855093818,0.004302412,0.146910089,2.2,47.3
Ncbp2,141.4682168,0.863061479,0.302411564,2.853930143,0.004318203,0.147091395,118.8,181.8
Fam20c,7.065340327,6.476688783,2.270038259,2.853118778,0.004329244,0.147110425,20.8,0.2
Gm13039,5.462095155,-4.611239168,1.618650298,-2.848817421,0.004388206,0.148395364,0.2,17.2
Sh3bp5,111.4260885,1.378550857,0.483833639,2.849224911,0.004382589,0.148395364,110,109.6
Tmem67,12.02508205,-4.263207362,1.4971258,-2.847594613,0.0044051,0.148608583,1,38.7
Gm48673,26.49069933,2.850738379,1.001763453,2.845720086,0.004431113,0.149127663,27.4,12.4
Zfp428,4.534459897,5.829020744,2.05047839,2.842761364,0.004472454,0.150158911,6.9,0.2
Gm10284,4.321643718,-4.608074942,1.62151361,-2.841835502,0.004485463,0.150236244,0.1,13.1
Stbd1,4.227642055,5.735562327,2.021740112,2.836943429,0.004554768,0.152194324,8.5,0.2
Fam3c,351.6848617,-0.751852316,0.265266852,-2.834324416,0.004592269,0.153082893,219.2,776.3
Nedd4l,41.23238976,2.581694779,0.912258863,2.830002409,0.004654765,0.154798524,42.4,19.6
Rfx1,237.4485995,0.877243976,0.3103495,2.826632474,0.004704028,0.15606698,188.7,300.2
Amt,4.520123288,-4.999837376,1.769671899,-2.825290597,0.004723775,0.156294899,3.7,15.1
Gm44674,5.167500574,-5.194168389,1.839359455,-2.823900666,0.004744309,0.156294899,0,18.6
Rps15a-ps7,6.229193904,3.025391558,1.071069885,2.824644405,0.004733311,0.156294899,5.4,2.3
Slf2,210.1417651,0.697543441,0.247116495,2.822731195,0.004761648,0.156498742,185.7,288.7
Fcho2,375.5730956,0.541836545,0.192173891,2.819511763,0.004809677,0.157405757,341.9,552.2
Tnfrsf1b,946.8038672,-0.382372442,0.135622962,-2.819378345,0.004811677,0.157405757,610.7,1869.5
Map2,40.59449353,-2.298602944,0.816132802,-2.816457002,0.004855654,0.158475003,15.5,119.6
Ctdspl2,229.5190215,1.022609344,0.363777012,2.811088418,0.004937422,0.160769778,177.5,272.4
Sdad1,140.7264886,0.731838952,0.260667419,2.80755821,0.004991866,0.162166304,130.5,186.9
Gm5523,4.732063469,-2.651897828,0.945269651,-2.805440569,0.005024785,0.162858725,1,14.1
2900026A02Rik,259.3117846,-1.092367234,0.389582864,-2.803940662,0.005048219,0.163241273,117.3,611
Thg1l,21.76845686,-1.855894546,0.662329501,-2.802071392,0.005077564,0.163812707,9.3,62
Asb2,15.78555163,-3.602506139,1.286670546,-2.799866795,0.00511237,0.164557335,2.2,48.7
Gm36932,74.04503437,1.013474897,0.362238071,2.797814412,0.005144967,0.165227599,76.8,89
Bnip3,4.100318435,5.402779681,1.932246143,2.796113581,0.005172122,0.165310443,10.7,3.9
Gimap7,498.6888604,-0.835866322,0.299010459,-2.795441751,0.005182884,0.165310443,294.5,1133.3
Nrg4,5.931574311,-5.392375581,1.928714197,-2.795839628,0.005176508,0.165310443,0,19.4
Ccr2,441.320011,0.769908242,0.275701218,2.792545672,0.005229508,0.166419323,451.4,581.4
Ankrd29,10.36541427,-3.918760638,1.406606515,-2.785967927,0.005336815,0.169207077,1.9,34.8
Fbxw2,310.3099155,-0.568153542,0.203953582,-2.785700246,0.005341224,0.169207077,203.1,648.9
Birc6,1279.803768,0.422272282,0.151774053,2.782242906,0.005398462,0.170635165,1000.1,1947.8
Hexim2,4.092101037,-4.857601265,1.746671282,-2.781062078,0.005418138,0.17087223,0,14.4
Gm49521,5.899800627,6.508438921,2.342387171,2.778549594,0.005460218,0.17181322,9.8,0.1
Synpo,52.94341268,2.126674528,0.765917078,2.776638083,0.00549243,0.172440183,71.8,33.9
C230085N15Rik,294.7736783,0.833240961,0.300181113,2.775794093,0.005506707,0.172502517,274.3,374.5
Aff4,387.9178971,0.692982079,0.250293914,2.768673307,0.005628504,0.175925229,340,518.8
Fam204a,158.4053556,1.074721295,0.38858639,2.765720373,0.005679721,0.177131579,142.2,182.4
Cct5,602.9808925,0.372418754,0.134802442,2.76270035,0.005732537,0.177150759,544.2,918.1
Cyp2s1,12.51940172,5.690460969,2.060830016,2.761247131,0.005758109,0.177150759,15.7,0.8
Gm18113,5.27515807,-5.224025015,1.892548184,-2.76031282,0.005774604,0.177150759,0,19
Gm4945,3.44517204,4.123874505,1.494193655,2.759933085,0.00578132,0.177150759,8.7,0.6
Gm867,5.692687515,-5.332464689,1.932043026,-2.760013425,0.005779899,0.177150759,0,17.4
Gm8825,9.062725754,-2.975793924,1.07817487,-2.760029016,0.005779623,0.177150759,2.3,29.2
Npas4,6.57410028,-4.517737465,1.63462803,-2.76377095,0.005713763,0.177150759,0.5,22.9
Ociad2,32.68393882,-2.625861608,0.951345596,-2.76015532,0.005777389,0.177150759,6.4,99.6
Me2,350.8202007,0.482577583,0.175034249,2.757046603,0.005832604,0.177945134,310.9,508.7
Sp110,124.3493861,1.346776042,0.488441706,2.757291247,0.005828241,0.177945134,105.9,124.4
4930572G02Rik,24.78693985,1.683513681,0.611115407,2.754821203,0.005872422,0.178203572,19.6,19.8
Ago3,163.4356007,0.537321014,0.195666807,2.746102029,0.006030801,0.178203572,143.7,230.2
Cd164,1112.419393,-0.541255281,0.196622229,-2.752767488,0.005909385,0.178203572,736.9,2417.6
Cd69,1033.714591,0.650421018,0.236483099,2.750391131,0.005952417,0.178203572,824.5,1464.8
Daxx,343.5762202,0.712931415,0.259247507,2.750002971,0.005959472,0.178203572,324.3,474.3
Eif4ebp1,89.80324728,1.280994232,0.465522904,2.751731914,0.005928103,0.178203572,122.2,98.6
Gm37588,5.7104833,6.465218717,2.346034356,2.755807348,0.005854747,0.178203572,11.5,0.1
Gpr18,192.1324032,0.908348279,0.330218391,2.75075012,0.005945898,0.178203572,191.7,242.6
Klf7,210.9868827,0.8990857,0.327121096,2.74847973,0.005987234,0.178203572,254.1,270.2
Mia2,284.5309503,0.694512735,0.252658079,2.748824569,0.005980939,0.178203572,236.6,380.1
Nhsl1,5.750463224,6.474263978,2.354261455,2.750019105,0.005959179,0.178203572,11.6,0.1
Prkar1a,2003.900684,-0.30945259,0.112410229,-2.752886398,0.005907239,0.178203572,1432.8,3971.8
Tox2,40.61626524,-2.320783379,0.844884091,-2.746865995,0.006016771,0.178203572,9.6,124.4
Usp54,9.223635664,-2.990124337,1.08887739,-2.746061554,0.006031545,0.178203572,2.7,29
Zfp74,62.42116757,1.846325525,0.67222437,2.746591179,0.006021814,0.178203572,65.9,50.9
Slc25a40,170.679076,0.86113487,0.313679554,2.745269367,0.006046125,0.178259067,137.3,210.9
Stat1,1729.193562,-0.299240366,0.109196871,-2.740374919,0.006136914,0.180556489,1146.9,3377.5
Tmem175,35.02715779,-1.947940162,0.711248397,-2.738762113,0.006167098,0.181064962,13.9,99.5
Ccr9,79.98963173,1.220221391,0.446478866,2.732988016,0.006276262,0.183885292,76.9,86.4
Cul3,447.2657978,0.594946261,0.21800632,2.729032177,0.006352051,0.18533197,371.7,626.3
Pes1,140.3448914,0.945029767,0.346229312,2.729490933,0.006343219,0.18533197,138.9,171.3
Nsg2,81.49653268,1.048372452,0.384552328,2.72621533,0.006406519,0.186533372,88,92.7
Gm39197,4.166525782,-3.619920743,1.329385996,-2.723002014,0.006469166,0.187357691,0.5,12
Gm44704,7.186872246,-4.51788518,1.659275586,-2.722805794,0.00647301,0.187357691,0.3,24.1
Klk1b27,4.516286896,6.115526955,2.246117397,2.722710293,0.006474881,0.187357691,6.6,4.6
Smpdl3b,93.2412191,-1.319758526,0.485062399,-2.720801549,0.006512384,0.188055151,39.9,243.7
Aplp1,81.72299947,-1.311683265,0.48239719,-2.719093918,0.006546102,0.188628045,40.5,205.6
B4galnt4,43.33357153,-2.326802214,0.85606203,-2.718029924,0.00656719,0.188628045,12,120.1
Casp3,494.8093622,-0.443977424,0.163402165,-2.7170841,0.006585987,0.188628045,356.4,1006.6
Pacs2,139.4077519,0.813905732,0.29953895,2.71719498,0.006583781,0.188628045,145.8,182.7
Crybg1,325.7047205,0.538282074,0.198351733,2.713775501,0.006652123,0.1894393,279.1,469.2
Dgkz,519.7359522,-0.57082844,0.210394658,-2.713131807,0.006665059,0.1894393,329.1,1082.7
Gm6316,3.053592354,3.812840637,1.404750873,2.714246854,0.006642665,0.1894393,6.9,0.7
Klhl24,327.6302471,0.674903917,0.248769364,2.712970385,0.006668307,0.1894393,256.7,442.5
Arpc5,1183.117198,-0.336464046,0.124111208,-2.710988414,0.006708297,0.189806936,799,2347.7
Ccdc74a,4.942215946,6.545820152,2.41441105,2.711145707,0.006705115,0.189806936,6.8,0
St8sia1,39.50176097,2.013228298,0.742818521,2.710255927,0.006723131,0.189843903,36.2,27.5
AA465934,39.18340811,2.324999155,0.858639296,2.707771663,0.006773661,0.190123111,34.7,24.2
D930048N14Rik,10.17734952,-3.578823867,1.321553272,-2.708043589,0.006768113,0.190123111,0.8,29.3
Gm49417,68.02370474,1.899207306,0.701284009,2.708185675,0.006765216,0.190123111,64.5,49.8
E130317F20Rik,5.891198513,-4.317835562,1.597252303,-2.703289615,0.00686569,0.191670537,0.3,18.4
Gm28729,7.824342118,6.912253926,2.556741059,2.703540862,0.006860501,0.191670537,6.9,4.2
Ppp1cb,377.4104077,0.76630567,0.283492223,2.703092388,0.006869765,0.191670537,339.1,501.8
A230059L01Rik,5.921543724,-5.390486904,1.994975634,-2.702031449,0.006891724,0.191867024,0,21
Lrsam1,5.741466172,-5.020953162,1.859731379,-2.699827092,0.006937552,0.191867024,3.4,18.2
Neat1,1446.359769,-0.415406223,0.153801781,-2.70091946,0.006914808,0.191867024,957,2962.7
Phf23,153.1260231,1.207947645,0.447585662,2.698807731,0.006958837,0.191867024,146.6,163.5
Slmap,247.8606161,0.608436605,0.225300355,2.700557687,0.006922333,0.191867024,208.5,347.4
Ttll12,94.43313095,-1.113818648,0.412633479,-2.699292966,0.006948698,0.191867024,51.1,221
Hsp90ab1,4677.917817,0.264979995,0.098228738,2.697581188,0.006984525,0.192197696,4046.5,7485.9
Ciapin1,384.0253373,-0.675283398,0.250549797,-2.695206332,0.007034506,0.192816897,265.9,840.3
Gm17249,8.780873258,-3.789925905,1.405849629,-2.695825944,0.007021435,0.192816897,1.2,29
Plk3,383.4295633,-0.465487403,0.172924747,-2.691849557,0.007105699,0.194388656,229.9,804.6
Tet3,462.9810049,0.518513928,0.192815685,2.689168826,0.007163018,0.195575482,377.4,686
Gm10451,7.075885552,-5.372769451,2.001147708,-2.684844018,0.007256366,0.19715527,0.1,23
Gm26756,10.2101149,-3.313389626,1.234249713,-2.68453749,0.007263024,0.19715527,1.6,35.5
Klrc3,20.53229376,4.707752361,1.752927589,2.685651359,0.007238858,0.19715527,24,3.7
Fxr1,430.1018735,0.581328484,0.216732614,2.682238146,0.007313138,0.197829555,372.5,610.2
Gbp2,423.2087993,0.558141902,0.208098479,2.682104663,0.007316057,0.197829555,409.9,613.2
Gm26165,8.795482259,7.37048203,2.751338009,2.678871882,0.007387065,0.198763838,5.9,0
Gm37080,6.467204082,-5.518866734,2.060366805,-2.67858457,0.007393406,0.198763838,0,26.9
Rpl22-ps1,42.03206188,1.701010698,0.634850688,2.679387027,0.007375709,0.198763838,37.1,35.6
Tspan2,5.042843239,-4.81855848,1.799340859,-2.677957573,0.00740726,0.198763838,0.1,18.5
Col3a1,562.6553008,2.186793208,0.81893015,2.670304919,0.007578239,0.199951679,1257.9,360
Efhd2,1322.483893,-0.372207033,0.139193094,-2.674033753,0.007494491,0.199951679,1000.8,2659.8
Gm15708,6.204943845,-3.407086082,1.276249975,-2.669607168,0.007594003,0.199951679,1.2,18.6
Gm28809,6.047380884,6.840320545,2.557933656,2.674158702,0.007491699,0.199951679,11.6,0
Gm37520,81.70047439,1.086143776,0.406758991,2.670239132,0.007579724,0.199951679,66.8,87.8
Krit1,640.5233221,0.61824518,0.231564064,2.669866681,0.007588137,0.199951679,510.8,892.1
Rad52,76.52937909,1.924090955,0.719225658,2.675225687,0.007467896,0.199951679,83.6,62.3
Rgs2,2077.260071,-0.569843363,0.21339451,-2.670374995,0.007576658,0.199951679,1079.9,4336.3
Usp15,517.271433,0.644420205,0.241278491,2.670856412,0.0075658,0.199951679,439.7,712.5
Zfp213,5.025426846,-5.154363775,1.930029032,-2.670614633,0.007571251,0.199951679,0,18.3
Svil,205.2682987,0.71835215,0.269189989,2.668569331,0.007617506,0.200194892,178.2,278.3
Nav3,4.430118027,6.399515302,2.400397896,2.666022709,0.007675451,0.201340704,11.8,0
Ficd,21.57820471,-2.729747538,1.024470853,-2.664543877,0.007709281,0.201850835,6.2,65.9
Lamb1,40.14757139,3.026412257,1.137632551,2.660272208,0.007807752,0.204018434,70,14
Tmem245,247.5946851,0.817254972,0.307273937,2.659695058,0.007821143,0.204018434,222.2,327.1
1700030K09Rik,10.6294306,4.298328591,1.616524457,2.658993851,0.007837439,0.204064237,21.4,2.5
Mxd4,629.7622683,-0.584221742,0.219938907,-2.656291012,0.00790054,0.204946734,348,1326.3
Rplp0,2560.253683,0.274681011,0.103399876,2.656492649,0.007895817,0.204946734,2187.9,4072.3
Gbp4,918.749017,-0.391798481,0.14760925,-2.6542949,0.007947434,0.205782813,614,1907.6
Gm5863,5.770071387,-3.252883487,1.226427898,-2.652323461,0.007993992,0.206607151,0.6,16.6
Cd8b1,3391.528746,-0.242419113,0.091565695,-2.647488377,0.008109215,0.208990464,2295.8,6477
Fgl2,1287.289706,-0.492306819,0.185972237,-2.647205988,0.00811599,0.208990464,880.8,2696.4
Atp1b3,1180.57805,0.312185258,0.118085394,2.64372457,0.008199935,0.210765364,999.3,1844.5
Col1a1,35.76242324,2.83056296,1.071220414,2.642372122,0.008232755,0.210937713,84,15.9
Meaf6,73.05984985,-1.225025921,0.463636882,-2.642209815,0.008236701,0.210937713,42.9,180.9
Gm10616,5.32185678,-5.23570175,1.983503088,-2.639623695,0.008299813,0.212166801,0,16.8
Ap4b1,25.329201,2.211630482,0.838352214,2.638068397,0.008337976,0.212754835,27.9,16.7
Casp8ap2,442.2759337,0.78117311,0.296346852,2.636009474,0.008388739,0.213661637,345,585.2
3110053B16Rik,4.354699867,6.373520081,2.418774252,2.635020641,0.008413217,0.21389689,9.9,0
Gm20559,172.0016395,-0.774745426,0.294112418,-2.63418128,0.008434044,0.214038662,94.6,382.1
Gm29257,27.4589094,2.096148368,0.796211221,2.63265364,0.00847207,0.214615566,25.6,21.8
Dipk1a,68.77423989,1.202978222,0.457161721,2.631406278,0.008503232,0.215016853,61.3,76.7
Samd3,166.8353287,0.873803564,0.332247784,2.629975595,0.0085391,0.215535479,162.6,212.8
Gm42372,30.75526665,-2.334803633,0.88807718,-2.629054869,0.008562254,0.215731919,7.7,91.8
Cyp4f17,12.98725611,-3.490009391,1.328333073,-2.627360156,0.00860502,0.215855373,2.4,38.6
Rpl12-ps1,3.642837356,-3.380473492,1.286356709,-2.627944074,0.008590264,0.215855373,0.5,14.9
Thoc2,1159.575461,0.330904339,0.12596124,2.627033045,0.008613297,0.215855373,904,1829.2
Man2a1,430.9065661,0.590684631,0.225123732,2.623822131,0.008694918,0.21751244,353.9,619
Adcy7,1052.396349,-0.433542204,0.165361996,-2.621776549,0.008747276,0.217658287,681.1,2102.6
Eif3i,498.428462,0.403434273,0.153833163,2.622544223,0.008727594,0.217658287,457.6,759.8
Ndufb7,472.1465084,-0.639893802,0.244067765,-2.621787441,0.008746997,0.217658287,322.3,1003.2
Gm6946,8.514451903,3.020428867,1.152418638,2.620947602,0.008768574,0.217802061,9.5,3.4
Gm41780,2.782019817,3.701621282,1.412968561,2.619747802,0.008799482,0.218183612,6.7,3.3
Lmnb1,139.0309707,-0.900155148,0.343910952,-2.617407628,0.008860047,0.21926757,66.8,326.2
Osbpl11,117.2961756,0.70404511,0.269042632,2.616853335,0.008874446,0.21926757,110.6,162.8
Bcl2l11,654.1277024,0.546530592,0.208921844,2.615957158,0.008897772,0.219457529,595.6,914.1
Plekhb2,409.3730459,-0.631843934,0.241618954,-2.615042912,0.008921625,0.219659789,225.1,864.8
Bspry,87.24290205,-1.348430749,0.515801415,-2.614243991,0.008942515,0.219788538,35.1,213.5
Gm10800,1091.503011,0.609305964,0.233187282,2.612946805,0.008976527,0.220238782,956.1,1532.8
Sla,1135.511717,0.559450239,0.214348374,2.610004589,0.009054101,0.221754364,923.3,1651.7
Abcc1,163.656802,0.732713714,0.281060519,2.606960656,0.009134986,0.22277733,143,211.7
Ankrd39,91.22091671,-1.357646226,0.521433436,-2.6036808,0.009222861,0.22277733,40.1,230.2
Cacna2d2,4.848732825,-4.433526936,1.702122334,-2.604705224,0.009195333,0.22277733,0.2,16.3
Ccar1,618.1066916,0.467892062,0.179653006,2.604421011,0.009202963,0.22277733,537,919.7
Dio3os,4.782732655,-5.082946846,1.951428417,-2.604731386,0.009194631,0.22277733,0,17.4
Foxd2os,60.85068758,-1.553361434,0.596502778,-2.604114334,0.009211202,0.22277733,23.1,154.6
Gm1673,4.219677188,6.32880615,2.429858755,2.604598369,0.009198201,0.22277733,10.3,0
Ubr4,540.8107844,0.392010602,0.150535969,2.604099238,0.009211608,0.22277733,448.1,831.8
Pag1,213.4060297,0.791305287,0.303996643,2.603006661,0.009241016,0.22283233,212.3,282.7
Gm27019,6.195265037,-5.111543906,1.965900413,-2.600103175,0.009319574,0.224341159,0.1,23.8
Cd247,745.8077293,-0.453931465,0.174873402,-2.595771909,0.009437869,0.225941202,463.5,1519.4
Cldn12,18.7057119,-2.480187252,0.955640357,-2.595314475,0.009450441,0.225941202,5.9,52.8
Map3k2,309.6043062,0.584873654,0.225277352,2.596238149,0.009425071,0.225941202,271.5,435.8
Prdx5,674.4509101,-0.553648506,0.213232926,-2.596449411,0.009419278,0.225941202,500.5,1397.8
Crybg3,98.54960035,1.316629723,0.507843642,2.59258877,0.009525659,0.226630685,89.9,92.8
Fut7,46.10734227,-1.475344151,0.569110893,-2.592366741,0.00953181,0.226630685,16.6,122.2
Gm3839,3.207313496,-3.195299377,1.232675797,-2.592165259,0.009537395,0.226630685,0.5,12.6
Wnt10b,125.7200132,-1.261944482,0.486874145,-2.591931598,0.009543875,0.226630685,50.3,317.2
Gm49114,2.961126807,5.522758565,2.131961206,2.590459222,0.009584798,0.22721799,6.4,0.1
Adora3,96.30950434,-1.525939727,0.589345991,-2.589208633,0.009619679,0.227660334,39.5,258.6
Ceacam3,6.959324281,1.405405399,0.544205144,2.582491943,0.009808965,0.231749189,7.2,6.7
Chrne,6.406621823,-2.735715938,1.05973518,-2.581509032,0.009836942,0.232019563,0.9,20
Rflnb,75.87198059,1.730695906,0.670752182,2.580231495,0.00987341,0.232099566,71.5,60.1
Spag4,6.045037908,-5.420031204,2.100186295,-2.580738297,0.009858929,0.232099566,0,20.5
Gm26610,4.060538246,-4.194403385,1.627338792,-2.577461685,0.009952891,0.233576721,0.2,14.4
Als2cl,144.6285571,0.986291823,0.38304021,2.574904143,0.010026787,0.23400365,133.5,169.4
Cpe,9.030442371,5.014752901,1.948650409,2.573449234,0.010069042,0.23400365,25.6,0.9
Dlc1,18.5503322,3.787923637,1.471384099,2.574394843,0.010041561,0.23400365,26.9,4
Knop1,133.5563423,-0.833417304,0.323812772,-2.573762918,0.010059918,0.23400365,88.5,301.7
Setd3,211.7507131,-0.86105797,0.33460227,-2.573377556,0.010071128,0.23400365,110.1,474.7
Zfp710,56.30611906,1.157240253,0.44921884,2.576116915,0.009991686,0.23400365,52.8,60.8
Alg5,123.3487128,-1.118430349,0.434842204,-2.572037257,0.010110201,0.234523244,71.1,297.8
9230111E07Rik,8.691089577,-3.394341564,1.320724893,-2.570059503,0.010168105,0.235089264,1.1,24.3
Traj20,3.987074164,-4.488646843,1.746278299,-2.570407503,0.010157895,0.235089264,0.1,12.1
Col6a3,52.51245011,2.521217485,0.98155947,2.568583526,0.01021151,0.235604196,100.9,24.7
Egln1,491.7270747,-0.489058062,0.190431199,-2.568161439,0.010223953,0.235604196,319.5,1022.5
Cspg4,18.54896519,3.806179404,1.483207699,2.566180992,0.010282516,0.236074495,31.5,4.4
Ppp1r3b,74.21281013,-1.193803682,0.465281595,-2.565765968,0.010294826,0.236074495,42.2,186.4
Tcf4,225.7130069,0.948804556,0.369633212,2.566881234,0.010261775,0.236074495,285.7,261.2
H19,295.4278396,2.452530998,0.956291317,2.564627489,0.010328663,0.236464033,710.6,156.4
Abr,541.654189,-0.397675621,0.155213864,-2.562114053,0.010403715,0.237407695,350.9,1095.1
Gstm5,8.466623615,-3.098391217,1.20915383,-2.562445852,0.010393779,0.237407695,2.7,27.2
Wdr12,74.3330589,1.224233878,0.4779601,2.561372547,0.010425949,0.23752884,68.3,80
Rps9,3121.789752,0.254895127,0.099569825,2.559963588,0.010468313,0.238107465,2614,4986.7
Grik5,10.57921407,-2.215091869,0.865812589,-2.558396467,0.010515613,0.238410516,3.7,32.5
Mapkapk3,503.6823918,-0.460488435,0.17997513,-2.558622602,0.010508776,0.238410516,366.5,1057.7
Hoxa7,5.49235459,6.696239856,2.618906994,2.556883414,0.010561461,0.239063776,8.1,5.9
Rab3gap1,332.5049221,0.534769578,0.209292106,2.555134966,0.010614663,0.239881131,260.8,476.9
Hist4h4,7.167804186,-3.667034466,1.435757011,-2.554077353,0.01064696,0.240224176,0.9,26.7
Klk8,177.9238771,0.94393046,0.369758928,2.552826687,0.010685265,0.240701461,183.9,217.7
Cdc16,118.2910946,0.806947474,0.316240304,2.551690796,0.010720161,0.24080062,127.9,153.8
Fkrp,101.0402246,1.037403645,0.406575184,2.551566563,0.010723984,0.24080062,92.5,125.7
Resf1,884.7537229,0.342789072,0.13440585,2.550402913,0.010759849,0.241219997,741.8,1392.3
Galnt7,198.9012529,0.811911567,0.31877843,2.546946374,0.010867013,0.242846596,188.2,255.6
Tiam1,41.40516018,1.957486029,0.76840333,2.54747208,0.010850654,0.242846596,43.8,28.3
Vps13a,546.5299265,0.616879325,0.242445166,2.544407605,0.010946327,0.243842458,439.1,778.1
Wnt10a,7.715572726,7.179971343,2.821286604,2.544928024,0.010930026,0.243842458,4.8,0
Adsl,114.640553,0.740158741,0.291095529,2.542666124,0.011001029,0.244672654,91.7,155.2
Stk32c,16.45388649,-2.239916715,0.881940463,-2.539759551,0.01109287,0.246324908,3.6,49
Pisd-ps1,9.173933533,-3.292062617,1.297337293,-2.537553368,0.011163035,0.247491356,1.6,23.7
Pkdcc,8.49697944,-3.018812259,1.190241619,-2.53630205,0.011203006,0.247917693,2.1,29.8
Vmn2r89,3.998276448,-4.496484405,1.773169137,-2.535846305,0.011217595,0.247917693,0.1,14.7
Gatad2b,662.6749376,0.366002784,0.144447164,2.533817724,0.01128274,0.24818492,551.5,1021.1
Gm14165,8.940705823,2.458584252,0.970026005,2.53455499,0.011259025,0.24818492,12.9,4.6
Isg20,579.0571634,-0.493140497,0.194597697,-2.534153825,0.011271924,0.24818492,394.7,1230.3
Btbd19,84.42112923,-1.210470309,0.478658838,-2.528879051,0.011442745,0.248203224,38,204.8
Dnajc15,348.8212029,0.611861342,0.241820662,2.530227718,0.011398852,0.248203224,333.2,489.8
Dusp2,2142.168253,0.494798849,0.195571616,2.530013607,0.01140581,0.248203224,1971.2,3193.8
Gaa,93.03989405,1.375680821,0.543936791,2.529118904,0.011434928,0.248203224,128.6,84.9
Klrb1c,24.14946505,2.524672025,0.997684776,2.530530771,0.011389009,0.248203224,35.6,13.1
Plekhh3,8.515481075,4.673182059,1.846917847,2.530259841,0.011397808,0.248203224,14.8,1.1
Setd2,555.462048,0.511729405,0.202353942,2.528882808,0.011442623,0.248203224,484.7,823.4
Siglech,41.57003587,2.697437025,1.065181877,2.532372249,0.011329365,0.248203224,77.7,20.3
Tmprss6,80.36372472,-3.124750415,1.234850695,-2.530468199,0.011391041,0.248203224,7.3,243.4
E430014B02Rik,165.5341432,1.243436423,0.492048717,2.52705958,0.011502199,0.248819385,152.6,173.5
Gm48210,5.014871657,-4.801026417,1.900354911,-2.526384092,0.011524341,0.248819385,0.1,21.6
Rsf1os2,5.633500661,6.725971459,2.661870823,2.52678357,0.011511242,0.248819385,4.5,0
Gm19040,6.681040009,-4.886860418,1.935761843,-2.524515315,0.011585796,0.249761991,0.2,22.6
Adgrg5,660.3589917,0.470963825,0.186640357,2.523376142,0.0116234,0.250188334,572.3,968.9
Gm37718,56.30791942,-1.646660897,0.652938199,-2.521924584,0.011671473,0.250598692,22.7,151.7
Krt83,19.73357104,-2.165085441,0.858574008,-2.521722555,0.011678178,0.250598692,5.7,57.2
Gm3809,13.20214179,-2.080264392,0.825571851,-2.519786001,0.01174262,0.251596841,4.2,39.1
A930002I21Rik,5.21094621,-4.556918425,1.811291535,-2.515839299,0.011874931,0.251760858,0.2,16.4
Eed,168.2476993,-0.623993788,0.248315309,-2.512909049,0.01197402,0.251760858,98.6,362.9
Fbxo36,3.041410515,5.863609815,2.333654095,2.512630226,0.011983487,0.251760858,8.3,0
Gpn2,37.51356105,-1.888742077,0.751105819,-2.514615156,0.011916238,0.251760858,14.2,101.4
Ier5l,545.5023405,-0.837532933,0.333005374,-2.515073321,0.011900763,0.251760858,264.3,1225.1
Mycbp2,1896.511399,0.375291138,0.149034483,2.51814969,0.011797317,0.251760858,1516.7,2923.7
Phc1,65.38493883,1.003301873,0.398589249,2.517132301,0.011831439,0.251760858,67.5,75.8
Rai14,55.99981783,1.743623812,0.693115477,2.515632487,0.011881901,0.251760858,68.1,43.7
Rasgrp1,632.4692638,-0.408549327,0.162591991,-2.512727246,0.011980192,0.251760858,441.3,1294
Rgs3,238.5887851,-0.667546088,0.265156103,-2.517558825,0.011817123,0.251760858,148.8,528.8
Sumo2,5.861830131,5.559941767,2.208602992,2.517402081,0.011822383,0.251760858,7.4,0.4
Tmem259,311.0370481,-0.915603566,0.363836384,-2.51652558,0.01185183,0.251760858,184.7,688.3
Trat1,54.21819923,1.646197993,0.655146787,2.512716271,0.011980565,0.251760858,63.9,44.7
Gm2830,12.99703195,3.101936627,1.236428087,2.50878855,0.012114598,0.252716022,16.1,5.7
Gm44822,5.570843306,-4.082010791,1.627041183,-2.508855237,0.012112311,0.252716022,0.4,18.4
Sox8,2.328458928,4.79892184,1.911833104,2.510115464,0.012069169,0.252716022,2,0.2
Trim11,204.3512994,-0.638975907,0.254514172,-2.510571025,0.012053607,0.252716022,131.8,436.5
Zfp646,88.95049107,0.941214601,0.375186114,2.508660542,0.012118988,0.252716022,78.4,107.5
9330160F10Rik,10.05963474,-3.23296805,1.289364336,-2.507412343,0.012161874,0.253234041,1.3,34.4
Cd53,1089.330943,0.437189369,0.174460994,2.505943358,0.012212518,0.253911823,953.8,1689.8
Dcaf15,284.5886154,-0.778078333,0.310723282,-2.504087653,0.012276762,0.254422992,169,613.2
Rad54l,53.73398981,-1.714846782,0.685077753,-2.503141832,0.01230962,0.254422992,27.2,150.4
Stk10,768.9294879,0.396900684,0.158553625,2.503258342,0.012305568,0.254422992,632.2,1185
Zfp451,280.4101974,0.676229783,0.270082238,2.503792135,0.01228702,0.254422992,243.7,382.8
Gm43413,24.9225196,-2.413126731,0.964762072,-2.501266169,0.012375013,0.255398436,8.8,71.2
Mif4gd,287.4201048,-0.892797855,0.357048879,-2.500491967,0.012402095,0.255581491,174.5,663.6
Cdk9,212.68958,-0.650933778,0.260530467,-2.49849388,0.01247223,0.256640741,141.2,469.8
Ikzf2,997.9460561,-0.535104167,0.214258621,-2.497468552,0.012508356,0.256640741,585.2,2112.9
Ubash3a,528.0484517,-0.443177082,0.177428932,-2.497772363,0.012497642,0.256640741,339.6,1080.6
Gm47403,2.16872558,3.505364081,1.404790596,2.495292958,0.012585318,0.257842844,5,0.6
Gm47283,126.892381,0.933436437,0.374310043,2.493752051,0.012640081,0.258587306,120.5,149.7
Dph5,143.3284349,0.89396086,0.358718374,2.492096653,0.012699148,0.258929303,135.8,172.2
Rab8b,867.8906385,-0.395619627,0.158784484,-2.491550923,0.012718673,0.258929303,559.5,1741.5
Rps2,2102.792704,0.270641122,0.10863734,2.491234802,0.012729996,0.258929303,1841.1,3366.4
Zfp358,42.3323804,1.277459894,0.512785272,2.491217991,0.012730599,0.258929303,45.8,42.7
Tmsb10,1184.021306,0.339264954,0.136228902,2.490403648,0.012759809,0.259147839,984.7,1851.7
Gipc2,24.56852029,-2.82940157,1.136923223,-2.488647881,0.01282299,0.259725209,8,72.9
Scml4,158.7543179,0.813517292,0.326899515,2.488585186,0.012825251,0.259725209,130.4,211.2
Snrpc,81.43756013,1.129475467,0.454647519,2.4842882,0.01298107,0.262501931,73.4,93.3
Atf3,124.0364172,1.128134347,0.454328371,2.483081445,0.01302513,0.262636034,135,131.2
Ncs1,4.622203003,-5.032283931,2.026344092,-2.483430109,0.013012387,0.262636034,0,15.1
Ccl1,183.3900674,1.140751853,0.459724953,2.481379021,0.013087513,0.263137757,201.8,189
Il6st,154.8471653,1.028175565,0.414318986,2.48160379,0.013079261,0.263137757,155.4,176.5
Mterf2,22.70758791,-1.955442849,0.788252148,-2.480732662,0.013111267,0.263238221,9.2,66.6
Uqcrc1,260.6976064,-0.458164902,0.184763703,-2.479734359,0.013148029,0.263599208,179.1,551.3
Rnaseh2c,186.6439335,-0.625095111,0.252187299,-2.47869386,0.013186443,0.263616158,127.2,399.5
Smurf2,159.367181,0.777932721,0.313808817,2.479002116,0.013175052,0.263616158,147.9,205.2
H2-Q6,1231.154804,-0.410711974,0.166015516,-2.473937277,0.013363316,0.266772079,822.9,2506.1
4732416N19Rik,4.071470698,5.679266299,2.29758279,2.471844028,0.013441815,0.267331805,6.5,5.1
Gm43774,21.58397492,-2.194576279,0.888438526,-2.470149835,0.013505647,0.267331805,9.1,63
Gm45797,5.656659047,-4.618943248,1.869192353,-2.471090384,0.013470177,0.267331805,9.7,17.4
Hhat,14.76566578,4.306903206,1.742292548,2.471974762,0.0134369,0.267331805,32.7,2.5
Slc4a7,404.931315,-0.320893223,0.1298605,-2.471061039,0.013471282,0.267331805,276.5,804.5
Urb1,45.48204981,1.680214235,0.680173071,2.470274561,0.013500939,0.267331805,38.3,40.1
4930589O11Rik,5.372259635,-5.25090331,2.128347685,-2.467126657,0.013620217,0.269219897,0,20.7
Gm20707,10.38602908,-2.914107655,1.181476288,-2.466496946,0.013644189,0.269314418,1.3,33.9
Icam2,68.65813908,1.380733233,0.560428624,2.463709336,0.013750757,0.270656559,72.2,68.8
Xylt1,73.87094786,1.430343325,0.580548954,2.463777282,0.013748151,0.270656559,76.5,72.7
Vim,4157.601511,0.331830355,0.134780881,2.461998709,0.013816516,0.271570016,3984,6532
Ciao2a,169.5396351,0.982419057,0.399272073,2.460525348,0.013873377,0.272306258,144.1,205
Rhobtb3,7.926076237,5.223476584,2.124830911,2.458302238,0.013959564,0.273615247,15.9,0.6
Sass6,53.96160613,1.608285369,0.654649177,2.456713345,0.014021452,0.274444987,42.5,47.1
Axin2,64.97487603,1.786181581,0.727422019,2.45549562,0.014069047,0.274610572,61.4,58.2
Commd2,90.8694527,-1.055994428,0.42996767,-2.455985652,0.014049877,0.274610572,51.9,212.6
Ubr5,613.9020891,0.430973146,0.175653568,2.453540524,0.01414576,0.275724438,531.1,920.5
Traf1,928.9792359,0.452253126,0.184491498,2.451349413,0.014232172,0.276640314,748.7,1362.4
Zc3h4,285.9623759,0.471973296,0.192502847,2.45177307,0.014215428,0.276640314,257.8,429
Spata2,23.80009746,-2.292019601,0.935745641,-2.449404517,0.014309264,0.276987884,10.8,72.7
U2surp,551.8851154,0.457987756,0.186953824,2.449737302,0.014296047,0.276987884,459.7,826.7
Whamm,101.1190661,-1.207260675,0.492799888,-2.449799007,0.014293598,0.276987884,53.1,251
Neil2,16.81659697,-2.648970014,1.081776585,-2.4487219,0.014336409,0.277131083,5.5,50.3
Cbfb,606.6147354,-0.450553474,0.184050151,-2.447992957,0.014365446,0.277147485,456.5,1249
Dnttip2,301.586745,0.742090388,0.303177484,2.447709437,0.014376754,0.277147485,240,387.2
Ddx3x,823.000238,0.357828024,0.146228831,2.447041543,0.014403424,0.277278675,675.1,1303.2
Gm8817,9.137762914,-2.806821112,1.147256746,-2.446550104,0.014423075,0.277278675,1.4,26.5
4930403P22Rik,10.86484213,-4.016951704,1.642947226,-2.444966972,0.014486541,0.277416045,1.3,32.1
Dnajb1,353.9004345,0.650843456,0.266139764,2.445494976,0.014465346,0.277416045,312.4,501
Gm28941,5.322861136,-5.236267949,2.141716838,-2.444892741,0.014489523,0.277416045,0,17.7
2900011O08Rik,5.765782339,-4.491518874,1.837480398,-2.444390089,0.014509728,0.277424427,0.4,18.4
BE692007,396.3478296,0.709976353,0.290636268,2.442834676,0.014572411,0.277865785,308.5,542.9
Ehbp1,4.953629837,5.962756557,2.440872817,2.44287884,0.014570628,0.277865785,12.9,0.2
C030015A19Rik,5.514367474,-5.286258727,2.165023947,-2.441662936,0.014619789,0.278390943,0,15.7
Gm37663,54.69259497,1.723408237,0.706520973,2.43928815,0.014716229,0.279847631,51.4,42.7
Esco1,215.8014206,0.522501439,0.214296243,2.438220254,0.014759778,0.279917192,192.6,321.9
Gm4332,32.79528893,1.296705067,0.531736448,2.438623631,0.014743315,0.279917192,24.2,32.2
Cdc37,538.8916642,0.437569277,0.179609012,2.436232299,0.01484115,0.279947179,485.8,800.1
Lrp10,605.9505135,-0.433671195,0.177912719,-2.437550259,0.014787158,0.279947179,392.6,1262.5
Tank,181.2924183,-0.840399888,0.344923272,-2.436483575,0.014830843,0.279947179,116.6,425.3
Usp34,778.0043973,0.438981834,0.180166604,2.43653276,0.014828826,0.279947179,614.9,1178.8
Ifi214,179.9368289,0.70253614,0.288649754,2.433870565,0.014938336,0.281402155,162.1,257.8
Ehd3,295.3397078,0.715053093,0.293947629,2.432586699,0.014991402,0.281916382,247.6,400.1
Gm18147,11.33683106,2.181560997,0.897058301,2.431905478,0.015019626,0.281916382,15.2,7.2
Pa2g4,304.1294182,0.646764905,0.265966392,2.431754257,0.015025898,0.281916382,279.2,419.7
Cd200r4,94.73403194,-1.617463712,0.665507047,-2.430423117,0.015081205,0.282576282,38.4,270.9
Amn1,208.0306234,0.472625744,0.194578131,2.42897668,0.015141506,0.283327865,189.1,308.4
Chd5,4.604319374,-5.028190048,2.071074805,-2.427816724,0.015190017,0.283487225,5.9,16.9
Pacs1,200.5431409,-0.414213559,0.17063806,-2.427439453,0.015205825,0.283487225,133.5,403.6
Xpc,75.72603775,1.190246535,0.490450462,2.426843537,0.015230823,0.283487225,73.4,83.3
Zfp418,21.62574267,3.77787878,1.556581291,2.427035968,0.015222747,0.283487225,26.6,5
Fas,57.33625128,1.952847162,0.805418376,2.42463696,0.015323702,0.284838191,64.2,38
H2-Q5,24.32065839,-1.698292189,0.700972652,-2.422765261,0.015402876,0.285931166,12.1,64.5
Arrb2,719.7511394,-0.349467062,0.144374294,-2.420562916,0.015496497,0.286155058,518.5,1439.6
Gm10720,3.559868773,-3.722590058,1.537542599,-2.421129704,0.015472356,0.286155058,6,12.6
Pde4d,383.1431246,-0.442514349,0.182803641,-2.420708614,0.015490288,0.286155058,237.8,787.3
Trpm7,347.1179992,0.486543478,0.200922359,2.421549694,0.015454488,0.286155058,294.4,507.8
Kptn,77.84837484,1.246744364,0.515444568,2.418774863,0.015572875,0.286434773,63.9,81.7
Peak1,551.8317625,0.447823789,0.185112468,2.419198415,0.015554753,0.286434773,445.7,844.6
Pigg,6.694520065,-3.842872694,1.588143128,-2.419726929,0.015532166,0.286434773,7.8,22.8
Lrrc17,6.688369696,6.977648,2.888820645,2.415396751,0.015718078,0.288727104,5.7,0
Srm,116.19372,0.919616405,0.38093967,2.414073609,0.015775275,0.289398966,111.4,139.7
Ccn4,41.43303838,1.92971215,0.799561063,2.413464387,0.015801672,0.289504785,73.1,30.4
Cd84,412.9485345,0.511700371,0.212121544,2.412297976,0.01585232,0.289903336,336.1,620.2
Fgf13,50.58852743,1.999268303,0.828879763,2.412012443,0.01586474,0.289903336,64.6,36.4
Acly,374.0841166,-0.547541648,0.227322084,-2.408660158,0.016011199,0.290687157,282.9,780.1
Gm14049,4.156766323,-4.880829655,2.026078373,-2.409003384,0.01599615,0.290687157,0,15.7
Gm17275,22.9856396,2.947200762,1.223507891,2.408812223,0.01600453,0.290687157,26.9,11.2
Oxld1,7.88630666,-4.079593519,1.693638247,-2.40877503,0.016006161,0.290687157,0.8,30.6
Slco3a1,452.1436532,0.537964255,0.223248873,2.409706472,0.015965359,0.290687157,387,675.4
Gm26888,3.905837202,-4.790378431,1.989613278,-2.407693236,0.016053664,0.29108155,0,13.6
Itm2b,1775.378769,-0.28524456,0.11854591,-2.406194871,0.016119664,0.291901108,1364.1,3416.8
Ehd1,309.7951331,-0.561412054,0.233423111,-2.405126265,0.016166879,0.292378838,213.6,632.8
A630023P12Rik,6.011512471,-3.910961439,1.626593943,-2.404387067,0.016199611,0.292593741,0.7,21.5
Atp2a1,4.115157739,5.990499428,2.491975439,2.403915919,0.016220504,0.292594533,7.5,0.1
Spag1,45.17094817,1.981209195,0.824438205,2.403102114,0.016256647,0.292870073,45.5,36.7
Inafm2,62.56148602,-1.422656355,0.593013317,-2.399029354,0.016438597,0.295768293,29.2,164.4
Xxylt1,71.18724107,1.086467504,0.453107622,2.397813347,0.016493267,0.296371977,72.6,85.9
Ino80,200.8465078,0.8040401,0.335407864,2.397201097,0.016520854,0.296488061,182.7,254.7
Ncapg,97.25698795,1.231386463,0.514282816,2.394376061,0.016648669,0.298400283,83.9,113.2
Cd5,455.3272744,0.471147546,0.196836862,2.393594076,0.016684202,0.29865573,368.3,696.3
Gnai2,2692.479978,-0.231059994,0.096599293,-2.391942901,0.016759449,0.299620527,2011.8,5135.9
Mrpl58,203.6361198,0.878280086,0.367347484,2.390870019,0.016808502,0.299733828,189.3,258.7
Tmod3,470.8044949,0.421633172,0.176342249,2.390993498,0.01680285,0.299733828,413.3,715.4
Cers4,346.0266339,-0.453020301,0.18954027,-2.390100536,0.016843761,0.299981404,222.6,724.9
Carnmt1,24.16302092,-1.927935962,0.806843848,-2.389478417,0.016872315,0.300109089,7.7,69.7
Gm28661,2.63216562,4.681683706,1.960680988,2.387784517,0.016950277,0.301114159,1.8,6.7
Kif2a,324.9717449,0.510945318,0.214318137,2.384050764,0.01712324,0.303802215,279.2,471.1
Cilp,14.44920167,4.480728336,1.880175799,2.383143289,0.017165511,0.30416766,36.6,2.2
Commd3,255.4755129,-0.498533775,0.209258757,-2.382379511,0.01720116,0.30441498,179.5,540.2
Cdyl2,58.34276783,1.777778454,0.747849743,2.377186689,0.017445256,0.307204772,69.8,46.8
Ddx18,160.3520563,-0.848492333,0.3569348,-2.377163373,0.017446359,0.307204772,92.4,355.8
Gm29721,4.967530642,-5.137752775,2.161183166,-2.37728706,0.01744051,0.307204772,4.8,18.9
Mphosph9,170.1957303,0.738238384,0.310429364,2.378120339,0.017401146,0.307204772,151.4,220.6
1810024B03Rik,19.71802836,-1.940489308,0.817020537,-2.375080209,0.017545137,0.308367068,9.5,54.2
Hs2st1,90.16617381,0.889368635,0.374495417,2.374845178,0.017556312,0.308367068,103.4,107.4
Gm3830,6.662694436,-5.560367355,2.343106148,-2.373075313,0.017640667,0.309461393,0,21.5
Gm17590,6.152295887,-3.237355934,1.364668833,-2.372264872,0.017679412,0.309753887,1.7,21
Zfp128,3.9224444,-4.445782228,1.874446739,-2.371783703,0.01770245,0.30977081,0.1,12.3
Bod1l,875.5905363,0.39699502,0.16754849,2.369433593,0.017815354,0.309937209,699.9,1350.3
Gm39326,4.481339764,-4.240052411,1.789935519,-2.368829697,0.017844468,0.309937209,0.2,15.2
Gm42780,12.55867683,7.015862892,2.959147929,2.370906443,0.017744522,0.309937209,10.9,0.3
Gm48909,6.287556861,4.649299296,1.9618481,2.36985692,0.01779497,0.309937209,5.4,0.9
Ptk2b,795.6473275,-0.322463129,0.13610902,-2.369153274,0.017828863,0.309937209,528.6,1569
Timp2,141.1744076,1.491158483,0.629485229,2.368853811,0.017843305,0.309937209,241.9,122.5
Emd,443.0396253,-0.506905029,0.214298118,-2.36541988,0.01800964,0.311682509,305.2,923.5
Gm41409,5.191448991,-5.199527267,2.198178433,-2.365379985,0.01801158,0.311682509,0,15.5
Khdrbs2,3.13095212,4.389152099,1.854867723,2.366288465,0.017967439,0.311682509,8.3,0.5
Tpt1,186.8395876,0.852001194,0.360317503,2.364584531,0.018050308,0.311968001,183.1,227.2
Clec2i,80.49316922,1.664907211,0.704516738,2.363190427,0.018118357,0.312758945,98.4,71.3
Larp1b,81.95480704,-1.157346986,0.490031385,-2.361781351,0.018187365,0.31356448,51.7,197.3
Snhg12,264.7197201,0.586000099,0.248226033,2.360751981,0.018237923,0.314050328,246.9,380
Epsti1,841.5752562,0.390959877,0.165648105,2.360183217,0.018265911,0.314146812,707.1,1294.5
5430431A17Rik,9.836531171,-2.754037258,1.167810637,-2.358290952,0.018359297,0.314741912,2.3,27.2
Srpk1,660.4634337,0.433266702,0.183763767,2.357737371,0.018386696,0.314741912,528.7,981.7
Tmem150a,10.3643303,-3.390077912,1.437801506,-2.357820532,0.018382578,0.314741912,1.4,29.5
Vmn2r97,132.9424782,0.773525584,0.328089526,2.357666192,0.018390221,0.314741912,122.4,168.8
Abcb1a,246.8937273,0.682935215,0.289876512,2.355952231,0.018475293,0.315598945,210.5,327.6
F2rl1,45.91448466,1.80679096,0.766970064,2.355751606,0.018485274,0.315598945,42.9,35
Inpp1,252.0818658,-0.492894637,0.209508119,-2.352627858,0.01864128,0.317489953,180,520.4
Nlrc4,8.921416822,-5.980921066,2.542110823,-2.352738131,0.018635753,0.317489953,3.2,23.9
Ccr8,43.64045593,2.133632337,0.908192727,2.349316696,0.018807902,0.318962232,30,26.4
Gm26762,53.34005141,-1.846976848,0.786397733,-2.348654847,0.018841363,0.318962232,20.3,151.1
Gm7667,4.321130532,-2.787534513,1.186072105,-2.350223483,0.018762142,0.318962232,0.7,13.9
Syngr1,3.454836219,-3.748504019,1.595836264,-2.348927709,0.018827562,0.318962232,3.3,22
Ugp2,262.5317517,-0.485338545,0.206636649,-2.348753462,0.018836374,0.318962232,160.3,550.4
Mrpl24,56.27252616,1.141497398,0.486168034,2.347948276,0.018877143,0.319182914,45,57
Cr2,4.13909562,-4.874792541,2.077302516,-2.34669361,0.018940823,0.319874257,0,15.6
Gm47567,17.01858158,-2.242557637,0.956428487,-2.344720665,0.019041339,0.321185283,5.6,53.7
9-Sep,936.4358953,-0.40508038,0.173025126,-2.34116506,0.019223666,0.321939057,709.8,1892.8
Grem1,5.092291217,-5.171966736,2.208014386,-2.342360978,0.019162171,0.321939057,3.5,15.6
Penk,104.4810853,-1.323670976,0.565210968,-2.341906036,0.019185544,0.321939057,33.9,267
Set,491.0529469,0.386847409,0.165161672,2.342234763,0.019168653,0.321939057,423,752.9
Siglecf,4.855575798,-4.737947564,2.02370099,-2.341229059,0.019220371,0.321939057,0.1,17.8
Tpsb2,92.91459293,2.795087767,1.192953022,2.342999026,0.019129433,0.321939057,77.3,42.4
Anxa5,315.8280278,0.496839561,0.21232979,2.339942786,0.019286694,0.322609615,301.9,454.6
Gm37593,65.2062617,1.063697421,0.455044024,2.337570358,0.019409547,0.324197556,54,70.3
Setx,467.8725305,0.681801335,0.291714853,2.337218447,0.019427828,0.324197556,426.6,644.9
2410002F23Rik,74.05956811,1.543003256,0.660353329,2.336632813,0.019458285,0.324320153,76.4,69
Gcsam,5.144873271,-5.185954779,2.221216804,-2.334735975,0.019557218,0.325582436,0,14.7
Bap1,148.5733088,0.785371756,0.336708908,2.332494739,0.019674679,0.325606663,123.4,195.3
Gm23940,6.400182432,6.908403865,2.961583286,2.332672492,0.019665341,0.325606663,10.7,0
Gm26785,14.25385274,-2.855762945,1.223969367,-2.333198054,0.019637753,0.325606663,1.8,44.5
Plekhf1,20.16271563,-1.928077526,0.826015741,-2.334189811,0.019585785,0.325606663,8.3,57.3
Zkscan3,286.1878929,0.493045534,0.211350764,2.332830622,0.019657037,0.325606663,231,417
Trmt112,3.435003673,-4.276607077,1.834935078,-2.330658522,0.019771373,0.326821494,3.1,14.7
4933439C10Rik,38.72314731,-1.863388166,0.800281791,-2.32841505,0.019890075,0.326858684,12.8,118
Gm32856,33.74425241,1.986561977,0.853093973,2.328655506,0.019877323,0.326858684,39,24
Gm47469,22.63798397,2.914044768,1.250794602,2.329754832,0.019819113,0.326858684,20.2,9.2
Rpl23,1440.542343,0.298453652,0.128120462,2.329476862,0.019833817,0.326858684,1267,2295.8
Zcchc17,191.7899283,0.538915714,0.231451217,2.328420311,0.019889796,0.326858684,158.1,271.9
Fn1,345.7618329,1.154098554,0.495957292,2.327011967,0.019964628,0.327317283,595.3,358.9
Ppie,145.2477355,0.557744832,0.239665297,2.327182278,0.019955566,0.327317283,134.4,211.5
Fbxo8,92.05003988,-0.904475398,0.388967416,-2.325324337,0.020054624,0.328409092,48.1,216.5
Arfrp1,213.4196043,-0.689512217,0.296905368,-2.322329914,0.020215178,0.329143972,142.3,467.5
BC034090,4.28717818,6.344805566,2.733145886,2.321429529,0.020263673,0.329143972,9.1,0
Epdr1,28.64094278,-2.220126332,0.956063999,-2.322152423,0.02022473,0.329143972,11.2,77.7
Gm12216,176.7336538,-0.666184352,0.286947093,-2.321627816,0.020252985,0.329143972,102.7,363
Gm48961,6.07818149,6.839995008,2.943747641,2.323567046,0.02014871,0.329143972,5.3,0
Mfap4,5.891291142,5.572165275,2.398913183,2.322787383,0.020190577,0.329143972,16.5,0.4
Srsf3,1008.475313,0.327337126,0.140953826,2.322300396,0.020216766,0.329143972,861.9,1616.7
AC156982.1,3.630491595,-4.685468633,2.019135929,-2.320531553,0.02031214,0.329549796,0,13.9
Gzmg,4.144858999,5.147969191,2.219779189,2.319135712,0.020387679,0.330393402,10.5,3
Dop1a,164.7222142,0.99851713,0.430671523,2.31851208,0.020421507,0.330559898,148.4,185.1
Hspa12b,4.336458366,6.358475533,2.743850644,2.317354826,0.020484411,0.331124008,6.4,0
Lta,86.32392156,0.911114227,0.393229558,2.317003413,0.020503546,0.331124008,73.2,113.3
Gm27046,8.562114207,1.993489211,0.861570024,2.313786639,0.020679429,0.33319759,9.6,6.2
Nme4,33.5702811,2.428661845,1.049573247,2.313951743,0.020670369,0.33319759,30.3,20.7
Cd82,155.0456587,-0.61197439,0.264701086,-2.311945148,0.020780706,0.333441564,106.3,336.3
Gm6883,3.645426723,2.319157601,1.003117362,2.311950416,0.020780416,0.333441564,5.5,2.3
Nfatc2ip,63.12021538,-1.383874793,0.59866923,-2.311584968,0.020800566,0.333441564,28.9,166.1
Slc25a47,3.561825848,-4.00022464,1.731007588,-2.310922649,0.020837128,0.333441564,0.2,13
Spdl1,20.48917398,-2.236641174,0.967704468,-2.311285365,0.020817098,0.333441564,7.6,62.7
Zfp235,15.83002336,-2.459336403,1.063606608,-2.312261305,0.020763288,0.333441564,4.7,52
Lpp,394.6624298,0.584988479,0.253383736,2.308705715,0.020959917,0.334643317,368.9,571.7
Mtdh,1076.290088,0.369367177,0.159963141,2.309076792,0.02093932,0.334643317,971.4,1654.7
Rpp14,107.481197,1.180999478,0.512009298,2.306597716,0.021077257,0.336134347,93.8,121.6
Srek1,414.2505637,0.509441178,0.221034032,2.304808778,0.021177285,0.337346222,351.1,622.8
Gm42466,14.16406212,-2.382704909,1.034524067,-2.303189443,0.021268187,0.338410125,2.6,41.6
Cd63,118.0643765,1.654979912,0.719419824,2.300436905,0.02142348,0.340109863,242.9,98.9
Map2k3,445.254227,-0.479452778,0.208380639,-2.300850893,0.021400061,0.340109863,292.5,936.4
Mif,124.8228476,0.805860226,0.350534226,2.298948767,0.021507849,0.341063445,121.6,159.7
Nbdy,80.69526899,1.10576329,0.481114081,2.298339074,0.021542498,0.341227336,87.3,94.2
Gm47644,11.28749332,-3.175796309,1.382258907,-2.297540854,0.021587935,0.341561537,2.4,31.5
Zfp638,487.1173963,0.655344419,0.285461203,2.29573901,0.021690809,0.342802711,395.5,660.9
Myof,40.5962973,1.534826267,0.66886089,2.29468682,0.021751079,0.343041496,58.9,37.4
Wscd2,39.9319377,-1.65811133,0.722607662,-2.294621852,0.021754805,0.343041496,19.9,111.4
Fbn1,107.7209578,1.741631932,0.760035763,2.291513134,0.021933753,0.343164205,187.5,89.5
Gm43912,4.706337176,-5.061005446,2.206868252,-2.2932975,0.021830883,0.343164205,0,20.8
Gm49338,23.30160264,-2.124240834,0.926727027,-2.292196918,0.021894283,0.343164205,7.1,64
Hba-a1,6.714982255,-4.668098276,2.03584772,-2.292950612,0.021850848,0.343164205,3.8,22.3
Klra6,14.67630946,3.293567341,1.43687243,2.292177978,0.021895375,0.343164205,24.9,5
Pik3r1,558.2856873,0.284206411,0.123991467,2.292144928,0.021897282,0.343164205,458.6,888.8
Vipas39,102.4138331,0.979198189,0.427284805,2.291675664,0.021924366,0.343164205,87,125.1
Armc10,103.2383035,-1.102822834,0.481475139,-2.290508369,0.021991864,0.343570157,55.2,243.4
Sh3d21,6.172821127,-3.34213269,1.45930745,-2.290218343,0.022008663,0.343570157,1,18
Ier2,1005.239251,0.39815736,0.17390391,2.289525064,0.022048863,0.343815276,871.3,1586.7
Bclaf1,1207.309419,0.376343134,0.1644383,2.288658636,0.022099194,0.34383602,974.7,1815.6
Lat,1321.854014,-0.32707566,0.14289488,-2.28892498,0.022083712,0.34383602,944.2,2669.6
Runx3,2266.085224,-0.328692962,0.143694738,-2.287439109,0.022170206,0.344558879,1487,4526.3
Calca,7.184854814,-3.130028376,1.368820605,-2.286660769,0.022215631,0.344869484,1.5,22.7
Ccno,3.241074181,-4.12863763,1.805851687,-2.286255101,0.022239339,0.344869484,0.1,10.4
Arid5b,524.4884805,0.569658212,0.249220385,2.285760904,0.02226825,0.344936668,390.4,751.4
Tra2a,996.3076813,0.329214745,0.144344924,2.280750417,0.02256322,0.349120428,788.6,1576.4
Scarb2,223.0990136,0.583524854,0.255991258,2.279471806,0.022639034,0.349907714,224,325.7
2610021A01Rik,36.51777786,1.998434423,0.877206706,2.278179601,0.022715879,0.350418585,37.3,26.8
C1galt1c1,15.47716756,-2.374250283,1.042217145,-2.278076402,0.022722026,0.350418585,6,43.4
Pear1,136.1261813,-0.982721964,0.431489363,-2.277511448,0.022755702,0.350489577,76.2,332.1
Rb1cc1,510.9999505,0.514184843,0.225800771,2.277161589,0.022776578,0.350489577,403.4,764.9
Agtrap,87.15357914,-1.06669148,0.469128619,-2.27377192,0.022979703,0.350860533,61.6,209
Ddx50,416.1435822,-0.514122042,0.226205792,-2.272806707,0.023037831,0.350860533,259,866.7
Gprin3,393.5016685,0.700942699,0.30827824,2.273733941,0.022981988,0.350860533,345.1,541.4
Ids,53.05277445,-0.89762172,0.394836916,-2.273398673,0.023002166,0.350860533,32.4,118.8
Lrrc61,5.861345189,-5.049508404,2.222319674,-2.272179139,0.023075693,0.350860533,0.1,20.4
Nme1,375.3644328,0.485488282,0.21342765,2.274720645,0.022922693,0.350860533,354.4,554.1
Nrep,3.085869483,5.582496306,2.455010481,2.27391954,0.022970825,0.350860533,23.8,1.8
Pak4,41.2901417,-1.726441813,0.75943941,-2.273310799,0.023007457,0.350860533,22.2,112.3
Pfn1,5608.475636,-0.267055176,0.117448346,-2.273809597,0.022977437,0.350860533,4141.7,11008.7
Rgs16,964.2158507,-0.664714337,0.292513689,-2.272421298,0.023061077,0.350860533,493.7,2094.2
Rpl18,371.1147113,0.535576195,0.235419201,2.274989438,0.022906563,0.350860533,345.6,526.6
Snrpe,426.3216826,0.420623616,0.185193628,2.271263972,0.023131003,0.351320881,392.4,654.9
Arl8b,251.4136159,-0.484111827,0.213193438,-2.27076326,0.023161313,0.351400939,158.7,505.3
Rsrp1,1775.19455,-0.242831757,0.106971679,-2.270056526,0.023204154,0.351670725,1238.6,3389.6
Dut,528.941822,-0.448589895,0.197666334,-2.269429926,0.023242194,0.351867261,366.2,1098.1
Zfp36,670.6386572,0.516874015,0.227814345,2.268838756,0.023278133,0.352031596,636.8,978.1
Gpbp1,453.0383545,0.457938793,0.201899187,2.268155709,0.023319718,0.352186356,368.5,675.9
Mis12,44.31858213,-1.519355699,0.669955229,-2.267846615,0.023338557,0.352186356,25.1,122
Fam120b,236.3043684,0.610682833,0.269370291,2.267075671,0.023385604,0.35251725,196.6,331.9
Cnot8,166.9417089,-0.544772007,0.240531155,-2.264870871,0.023520605,0.352658299,114.7,346.7
Gm10343,5.260835961,-2.733182117,1.206559078,-2.265270028,0.023496114,0.352658299,1.1,17.3
Gm6277,18.36383597,-2.1587322,0.952577996,-2.266199943,0.023439144,0.352658299,6.7,53.8
Mir6236,3118.622052,0.688770537,0.304081802,2.265083055,0.023507583,0.352658299,2513.7,4140.7
Zfp87,48.61968375,1.415748762,0.624922073,2.265480488,0.02348321,0.352658299,44,47.9
Auts2,8.98814385,4.039705047,1.78419103,2.264166212,0.023563894,0.352930295,7.6,2.3
Chsy1,780.750091,-0.44668463,0.197396244,-2.262883129,0.023642895,0.353359301,467.1,1661.2
Pds5a,575.6439538,0.460846958,0.203652187,2.262911903,0.02364112,0.353359301,475.5,866
Apbb1,31.75748948,-2.118910294,0.937109236,-2.261113446,0.023752233,0.354238934,14.3,94.4
Pxk,144.5729192,0.680002012,0.300695506,2.261430577,0.023732607,0.354238934,136.1,194.1
BC005624,223.2544951,0.611910704,0.270831321,2.259379386,0.023859796,0.35508841,167.9,309.3
Crk,172.6387384,0.587740926,0.26009203,2.259742165,0.023837258,0.35508841,144.8,246.6
Map3k8,85.26174742,1.556535932,0.689571309,2.257251586,0.023992359,0.356410174,82.1,74.9
Trim23,27.97499013,-1.934198292,0.856924831,-2.25713881,0.023999402,0.356410174,10.4,78.2
Gm48230,19.08086352,3.791128146,1.680143052,2.256431761,0.024043604,0.356689159,17.3,6
B230362B09Rik,15.28674144,-2.403525929,1.065681088,-2.255389493,0.024108892,0.356903149,5.7,41.1
Gm7251,5.184910904,-2.487800661,1.102979389,-2.255527788,0.02410022,0.356903149,1.3,17.1
Git2,866.5789821,0.286960072,0.127256125,2.254980438,0.024134557,0.356906605,703.9,1384
Rpgrip1,55.52216576,1.365609217,0.606174578,2.252831556,0.024269772,0.358528396,46.8,55.6
Dpp4,247.3660033,0.548119931,0.243380323,2.25211276,0.024315147,0.358821004,218.9,355.6
Atg16l1,165.1782668,0.721988968,0.320683048,2.251409835,0.024359592,0.359099276,130.5,210.1
Bcap29,190.4294001,0.795220562,0.353279589,2.250966619,0.024387652,0.359135681,187.5,242.4
Capzb,2401.730381,-0.269930108,0.119984859,-2.249701423,0.024467905,0.359764363,1683.4,4686.8
Neil3,63.75576779,-1.571198095,0.698469929,-2.249485667,0.024481614,0.359764363,32.3,157.9
Tnrc6a,1155.343178,-0.30163656,0.134135345,-2.248747788,0.024528547,0.360077016,846.3,2233.7
Ncoa2,413.5079998,0.500785935,0.222844756,2.247241283,0.024624611,0.361109501,352.9,605.8
Ndufa8,259.7092095,-0.546615665,0.243299656,-2.246676688,0.024660697,0.361261194,166.2,541.3
Ephb6,17.96165987,-2.157947001,0.960947282,-2.245645563,0.02472672,0.361713313,5.4,54.8
Gm8959,3.299709008,-2.849464666,1.269482819,-2.244587027,0.024794656,0.361713313,0.5,10.6
Rnf26,7.930956431,-2.785198687,1.240679932,-2.244897025,0.024774744,0.361713313,2.3,24.9
Tmx1,283.7507551,-0.697437906,0.31068138,-2.244865483,0.024776769,0.361713313,217.5,626.4
Ankhd1,452.1000265,0.512662985,0.228787186,2.24078539,0.02503998,0.362413483,358.6,651
Camk1d,281.4678174,0.617973368,0.275642813,2.241935353,0.024965551,0.362413483,218.6,386.9
Catsper2,15.26758182,4.3700392,1.950697609,2.2402443,0.025075067,0.362413483,13.6,2
Dzip1,49.13375203,2.137160793,0.952903354,2.242788615,0.024910449,0.362413483,49.8,34.5
Golga3,227.8631474,0.633443149,0.282463213,2.242568659,0.024924643,0.362413483,187,316.3
Nt5dc2,6.482602586,-4.208307017,1.877201098,-2.241798719,0.024974384,0.362413483,26.5,21.4
Socs1,597.7043124,-0.380827866,0.169978573,-2.24044631,0.025061963,0.362413483,386,1216.7
Tmem248,222.0857034,-0.600706359,0.267869198,-2.242536143,0.024926742,0.362413483,140.6,474.1
Usp11,57.34549166,1.502225649,0.670239211,2.24132761,0.025004862,0.362413483,66.5,58.1
Havcr2,698.9810213,-0.597966048,0.267102056,-2.238717504,0.025174303,0.363473422,377,1516.1
Pphln1,116.0079181,0.694631052,0.310403572,2.237832017,0.025232012,0.363502455,102.6,163.1
Ppm1a,294.2242331,-0.692668703,0.309616028,-2.237186197,0.025274173,0.363502455,199,645.4
Tbl1x,438.174676,0.477965039,0.213617486,2.237480872,0.025254928,0.363502455,368.2,664.8
Tctn1,12.68595692,-2.540075356,1.135433085,-2.237098241,0.02527992,0.363502455,4.6,40.1
Gpr65,510.7130564,-0.698157404,0.312355418,-2.235137806,0.025408303,0.364974539,344.3,1136.4
Pla2g16,874.4814943,-0.345261447,0.154645603,-2.232597891,0.025575473,0.366625324,601.3,1746
Zc3h12d,190.3582457,0.69739379,0.312329719,2.23287682,0.025557069,0.366625324,155.9,261.8
Kynu,3.791926815,-4.746380024,2.127757077,-2.230696387,0.025701247,0.367522225,0,12
Lpin1,288.2100697,-0.566719092,0.254025807,-2.230950855,0.025684385,0.367522225,159.2,635.6
Prpf4b,786.5571616,0.323702052,0.145127624,2.230464762,0.025716604,0.367522225,678.3,1253.9
Itgb2,1720.687217,-0.366526139,0.164508421,-2.228008373,0.025879957,0.369104991,1138.9,3431.6
Sf3b1,2609.887984,0.263214553,0.118126514,2.228242789,0.025864329,0.369104991,2006.9,4184.2
Wdr26,870.8653595,0.275734646,0.12381066,2.227067098,0.02594279,0.369625494,751.8,1408.1
Gm42658,33.67279732,2.266121699,1.018516679,2.224923505,0.026086374,0.370274572,30.4,19.7
Mia3,356.2710357,0.489311893,0.219934072,2.224811682,0.026093883,0.370274572,310.7,514
Sssca1,90.94301122,1.201508865,0.539822976,2.225746065,0.026031195,0.370274572,68.4,93.7
Tut7,559.6686579,0.573253067,0.257662,2.224825802,0.026092935,0.370274572,513.8,809.3
Serpinb1a,18.2954631,3.255025152,1.46336136,2.224348162,0.026125029,0.370342073,16.7,6.2
Dmtn,2.201774016,4.001457507,1.799604708,2.223520248,0.02618074,0.370599502,5.6,4.3
Pnkp,129.8493196,0.94185171,0.423629013,2.223293686,0.026196003,0.370599502,138,164.5
Gm10558,4.182934636,-4.559761259,2.052234721,-2.221851727,0.026293328,0.370724739,0.1,15.3
Gm36696,5.075370113,6.585462303,2.962826189,2.22269613,0.026236297,0.370724739,8.1,4
Inpp4b,1104.393161,0.382215233,0.172135884,2.220427401,0.026389769,0.370724739,968.7,1719.8
Lrba,379.3334345,-0.496668672,0.223488657,-2.222343981,0.026260068,0.370724739,227.8,792.2
Pex11a,8.33612775,-3.561108445,1.603598453,-2.220698353,0.026371399,0.370724739,2,32.2
Rftn1,203.0360757,0.469280926,0.211340459,2.220497337,0.026385026,0.370724739,192.9,305.7
Trgv2,214.32189,0.679533114,0.305941425,2.221121625,0.026342725,0.370724739,169.7,293.2
Gm37893,13.31440779,-2.984954839,1.345308415,-2.218788499,0.026501117,0.371916674,1.2,37.9
Col5a1,57.00011738,2.521876708,1.137974592,2.216109855,0.026683979,0.374108859,132.8,31.6
2410022M11Rik,34.91741231,2.589301229,1.16878861,2.215371716,0.026734561,0.374443942,35.1,18.3
Ctnnal1,4.797489985,4.981807346,2.249674371,2.214457083,0.026797352,0.374949189,12.2,0.5
Fam168b,420.5262058,0.32729044,0.14788657,2.213118065,0.026889507,0.375394312,369.9,658.7
Gm12102,4.579298782,-5.019084864,2.267406114,-2.213580017,0.026857683,0.375394312,0,14.9
Rabgef1,166.2092172,0.663030234,0.299682578,2.212441702,0.02693616,0.375394312,151.8,225.2
Usp8,264.8587096,0.560509413,0.253301681,2.212813629,0.026910497,0.375394312,247.5,367.4
Lipe,20.70688885,-1.744126026,0.788589388,-2.211703648,0.026987148,0.375436916,12.3,54.9
Ppp1r18,773.1332199,-0.340837553,0.154111955,-2.211623054,0.026992721,0.375436916,547.4,1529.6
Sephs1,116.9892103,-0.653115232,0.295432997,-2.210705097,0.027056265,0.375948146,75.1,250
Rad18,142.9073331,0.884794261,0.400311115,2.210266532,0.02708667,0.375998344,116.4,179
Klhl6,240.649884,0.638517983,0.288953101,2.209763383,0.027121588,0.376111037,208.8,335.1
Dolpp1,31.10071716,-2.08635951,0.944670366,-2.208558229,0.027205383,0.376900643,11,87.2
Arl14ep,229.5994667,-0.750219228,0.339907771,-2.207125848,0.027305268,0.377158785,146.4,509.2
Phf8,232.0819688,0.568303015,0.25752938,2.206750211,0.027331515,0.377158785,212.3,336.3
Ssbp3,387.3613147,-0.444317092,0.201281765,-2.207438371,0.027283448,0.377158785,253.5,786
Yipf5,149.3820461,-1.012395778,0.45860971,-2.207532365,0.027276888,0.377158785,92.1,355
Lamtor5,71.24139961,-1.342633269,0.608632036,-2.205985209,0.027385035,0.377526116,45.9,181.2
Mcpt2,69.41539746,2.258399904,1.024299664,2.204823435,0.027466487,0.377536412,84.9,50.8
Mrc1,18.88935196,2.945105418,1.3357275,2.204869943,0.027463222,0.377536412,39.3,7
Zfp40,16.27370188,-2.501232037,1.134119353,-2.205439869,0.027423243,0.377536412,5.9,53.1
4930453N24Rik,199.7472757,0.658204687,0.298977576,2.201518575,0.027699333,0.379821726,163.2,288.5
H2-D1,8932.031287,-0.162214819,0.073690061,-2.201312042,0.027713941,0.379821726,6650.6,16743.7
Snrnp200,329.3665384,0.457671516,0.207897384,2.201429891,0.027705605,0.379821726,305.6,486.2
Pcid2,70.31831707,-0.810529192,0.368787209,-2.197823492,0.027961687,0.382470088,37.2,153.9
Ppp6c,211.1589671,-0.931218783,0.423691798,-2.197868326,0.027958491,0.382470088,142.8,492.7
Abhd17a,204.6895662,-0.522438522,0.237855148,-2.196456654,0.028059274,0.383058227,142.3,414.8
Gm38292,175.3081677,0.84119887,0.382955724,2.196595633,0.028049338,0.383058227,156,222.7
Tnfrsf14,4.419578566,-3.728985281,1.698149494,-2.195911075,0.028098309,0.383218336,0.4,13
Chil5,3.041598536,5.25007302,2.393540028,2.193434393,0.028276097,0.384396119,8,0.2
Gm14138,3.330905865,-3.98445688,1.816746553,-2.193182573,0.028294228,0.384396119,0.2,10.7
Hilpda,429.7736842,-0.529653358,0.241377906,-2.194290966,0.028214498,0.384396119,264.6,890.2
Pex16,71.00823143,-1.046882771,0.477182744,-2.193882292,0.028243873,0.384396119,38.6,174.3
Arl16,27.69739751,-1.868473138,0.852446296,-2.191895428,0.028387058,0.384787581,10.2,74.6
Col1a2,38.92965709,2.845552317,1.298461709,2.191479577,0.028417106,0.384787581,78.7,19.8
Gm6341,2.643053767,-2.506252802,1.14374769,-2.191263705,0.028432715,0.384787581,4.7,9.2
Timm8a1,11.54726507,4.60586122,2.10191185,2.191272303,0.028432093,0.384787581,12.5,1.3
Mlxip,351.3634554,-0.502339535,0.229360172,-2.190177701,0.028511352,0.385480068,250.6,721.5
Fstl1,143.9831042,2.030969345,0.928186368,2.188105121,0.028661946,0.386770913,286.1,95
Vav3,90.98064335,1.115770533,0.50992443,2.188109582,0.028661621,0.386770913,93.5,103.6
Cep83,181.3841129,0.592679186,0.270940523,2.187488158,0.028706907,0.387005504,154.3,252.7
Otub2,12.0709856,-2.862872221,1.309306348,-2.186556435,0.028774921,0.387505406,3.2,39.2
Uck2,127.181377,0.724712351,0.331490419,2.186224129,0.028799212,0.387505406,141.8,166
Hist1h1e,117.0722305,1.19388106,0.54641104,2.184950473,0.028892478,0.38752556,104.6,125.5
Orai3,62.81741919,-1.166059595,0.533740042,-2.184695737,0.028911163,0.38752556,36.3,150.1
Rcor1,288.720498,0.517180826,0.236620761,2.185695054,0.028837923,0.38752556,259.6,418.4
Zhx1,162.5828753,0.621091899,0.284222865,2.185228481,0.028872098,0.38752556,130.2,226.6
H2-Q2,3.70823342,-4.019166737,1.840944678,-2.183208862,0.029020432,0.388619035,0.2,13.5
Sgpp1,201.735942,-0.666624685,0.305405404,-2.182753402,0.029053975,0.388697316,110.4,432
Arfgap1,128.8322901,-1.07952705,0.494946262,-2.181099511,0.029176057,0.389349144,76,302.2
Gm37488,42.51268861,2.275646668,1.043591628,2.180591151,0.02921367,0.389349144,41.5,23.3
Psmb8,2398.662822,-0.324620083,0.148837257,-2.181040491,0.029180422,0.389349144,1745.3,4786.3
Srgap3,139.9979656,-0.954163033,0.437507208,-2.180908144,0.029190211,0.389349144,66.9,322.3
Ston2,11.48898745,3.985877109,1.828320127,2.180076153,0.029251817,0.389487668,11,3
Cpne2,30.77583803,2.200596922,1.009689242,2.179479419,0.029296072,0.389707178,37.4,17.5
Rabep2,59.32268652,-1.763233235,0.809445153,-2.178323299,0.029381976,0.39047978,33.2,168.2
Ccrl2,102.2908705,-1.397603774,0.64191952,-2.177225852,0.02946372,0.39055954,59.9,264
Gm47798,2.931777392,5.794248419,2.661069612,2.17741332,0.029449743,0.39055954,4.8,0
Mitf,2.894042395,-3.849706656,1.768254905,-2.177122001,0.029471466,0.39055954,7.2,9.9
Nsd1,912.0248188,0.526175202,0.241934021,2.174870657,0.02963981,0.391680884,657.5,1333.9
Sh2d2a,2376.508069,-0.338744138,0.155736909,-2.175105047,0.029622245,0.391680884,1493.4,4681.9
St6gal1,71.54351847,1.488775369,0.684328599,2.175527037,0.029590644,0.391680884,76.7,62.6
Prkch,1192.68154,-0.298098104,0.137188919,-2.172902201,0.029787679,0.393264614,767.8,2309.4
Map4,550.7859419,0.393981745,0.181421442,2.171638261,0.029882959,0.394151732,464.7,850.9
B2m,15759.31168,-0.197193603,0.09085342,-2.170458767,0.029972109,0.394216099,12316.7,30212.3
Gm44164,127.5637123,1.229286347,0.566348187,2.170548747,0.0299653,0.394216099,143.8,142.7
S100a11,720.208284,-0.542643536,0.249989924,-2.17066163,0.02995676,0.394216099,476.3,1490.5
A130050O07Rik,4.685465186,6.171589713,2.844917986,2.169338358,0.030057005,0.394962556,13.2,0.1
Man2c1,87.89620292,-0.970468435,0.447675696,-2.167793436,0.030174406,0.395864444,51,208.5
St14,75.61390689,-1.063450578,0.490720277,-2.167121735,0.030225573,0.395864444,32.7,173.1
Tlr13,12.81038824,3.350614594,1.546017748,2.167254936,0.030215421,0.395864444,17.1,4.1
Top2b,762.9986859,0.510293002,0.235488772,2.166952585,0.03023847,0.395864444,584.5,1130.3
Cd200r2,4.141620803,-4.875175689,2.250939527,-2.165840366,0.030323388,0.396236891,0,14.9
Mtfp1,2.775699601,5.717101262,2.639521831,2.165960969,0.03031417,0.396236891,4.4,0
Psme1,1185.609917,-0.357483301,0.16514009,-2.164727546,0.030408556,0.396980166,872.4,2351.7
Actg2,2.710763994,-4.264562761,1.970516867,-2.164184856,0.030450165,0.397046119,0,10.1
Bcap31,323.2112739,0.540039971,0.249760552,2.162230852,0.030600387,0.397046119,324.4,473.9
Camk2d,267.157473,0.656458465,0.303777478,2.160984645,0.030696526,0.397046119,266.4,373.8
Cmtr2,10.1553008,-3.066656001,1.418913989,-2.161269834,0.030674502,0.397046119,3,33.8
Gm42648,8.614704957,4.358523895,2.016663689,2.161254709,0.030675669,0.397046119,8.6,1.7
Lysmd3,155.1258069,0.772261853,0.357217699,2.161880147,0.030627416,0.397046119,131.4,199.6
Pnn,599.7984832,0.516694984,0.239021824,2.161706306,0.030640821,0.397046119,488.7,850.6
Sh2d1a,422.9007829,-0.69348411,0.320866587,-2.161284902,0.030673338,0.397046119,211.5,936.9
Supt16,254.3183186,0.675834623,0.312391587,2.163421333,0.030508788,0.397046119,210.8,345.9
Zyg11b,370.8752474,0.533569569,0.246858087,2.161442533,0.030661172,0.397046119,324.7,533.8
Inpp5f,163.5074646,0.615379518,0.284820996,2.160583405,0.030727534,0.397081233,143.3,225.3
Elmsan1,208.7349815,0.75960598,0.351749232,2.159509985,0.030810623,0.397788675,180.1,277.9
Pbx4,33.14881632,-1.938355883,0.898235618,-2.157959275,0.030930998,0.398975763,10.1,96
Tmem18,58.34234432,-1.193533597,0.553349056,-2.156927142,0.031011342,0.399644785,38.3,150
Kpnb1,477.5164061,0.411475849,0.190991066,2.154424595,0.03120689,0.401427578,422.4,719
Tle4,367.855973,0.51833614,0.240579217,2.154534158,0.031198306,0.401427578,311.1,541.8
Serpinf1,37.52260012,2.11782151,0.983713555,2.152884343,0.031327769,0.402245118,74.7,24
Tarsl2,23.4275408,-2.168016538,1.006954406,-2.153043399,0.031315268,0.402245118,4.7,69
Tmem74,3.684558372,6.129884464,2.850297443,2.150612203,0.031506821,0.404174342,8.1,0
Commd8,173.1471076,0.839084577,0.39026768,2.150023225,0.031553378,0.40440192,168.3,229.6
Srxn1,21.14179248,-2.194348647,1.020956192,-2.14930735,0.031610044,0.404758541,7.9,60.5
Strn3,517.1153266,-0.426730106,0.198609582,-2.148587705,0.031667097,0.405119455,363.2,1037.7
Snord92,7.266512399,4.076173207,1.897865136,2.147767578,0.031732224,0.405582905,11.1,1.1
Mrm1,24.38550363,-1.540374013,0.71737729,-2.147229965,0.031774978,0.405759823,12.1,62.6
Prss23,3.780980559,5.041946669,2.349425933,2.146033462,0.031870309,0.406607198,10.7,0.4
Lax1,563.5979199,-0.521850029,0.243301715,-2.14486786,0.031963414,0.407424656,312.4,1182.9
Fancm,96.94274907,1.351532511,0.63032633,2.144179049,0.032018543,0.407757019,80.1,103
Cd52,6499.790635,-0.208579996,0.097313429,-2.143383492,0.032082318,0.407829025,4834.3,12313.7
Hnrnpu,2098.738835,0.235757485,0.109983936,2.14356289,0.032067927,0.407829025,1675,3472.1
Gm21596,11.33802098,1.85880073,0.86750093,2.142707478,0.032136595,0.407928323,12.6,8.6
Tmem160,454.2487511,-0.365872155,0.170763837,-2.142562275,0.032148263,0.407928323,319.9,909.5
Cklf,149.5443508,0.514906253,0.240390036,2.14196171,0.032196563,0.40817215,138.5,219.6
Dna2,26.68939238,-1.982113939,0.926103126,-2.140273458,0.032332674,0.409527746,7.3,74.2
Rbpj,727.1071911,-0.421699093,0.197081652,-2.139717673,0.03237759,0.409726868,460.9,1443.8
Tacc1,1143.466435,-0.237580258,0.111061905,-2.13916966,0.03242193,0.409918353,808.1,2180.9
Xiap,405.749656,0.571267086,0.267123262,2.13858981,0.032468904,0.410142747,310.3,574.4
Medag,43.93076969,3.239168866,1.515243429,2.137721771,0.032539331,0.410523749,113.9,16
Tnks1bp1,42.26167701,1.288379976,0.602751643,2.137497243,0.03255757,0.410523749,39.2,40.7
Nup98,225.6892316,0.694396181,0.32512812,2.13576168,0.032698844,0.411934988,195.9,309.8
Acad8,51.29198183,-1.349058156,0.632295656,-2.133587576,0.032876556,0.411954987,28.5,124.9
Dclk2,132.0381489,-0.954869998,0.447252849,-2.134966831,0.03276372,0.411954987,69.3,290.2
H2-Q10,41.83507346,-1.27345484,0.596390853,-2.135268897,0.032739052,0.411954987,22.3,107
Il10,54.85757272,-1.906136489,0.893055187,-2.134399439,0.032810098,0.411954987,15.7,160.1
Smc3,611.2429144,0.415010939,0.194508323,2.133641029,0.032872177,0.411954987,519.2,934.7
Trappc2l,113.8199434,-0.986464263,0.462276518,-2.133926828,0.032848771,0.411954987,65.4,258.8
4930523C07Rik,780.8485082,0.408335163,0.191487988,2.132432254,0.032971328,0.412406079,664.8,1164.8
Clgn,34.65637475,-1.828637109,0.857477294,-2.132577878,0.03295937,0.412406079,13.2,89.3
Cwc15,547.850502,0.420026761,0.197043274,2.131647296,0.033035853,0.412406881,508.3,818.8
E430024P14Rik,3.24341682,-4.521821147,2.121179095,-2.131748874,0.033027497,0.412406881,0,11
Gm45435,4.955286411,-4.805702166,2.254759256,-2.131359325,0.033059551,0.412406881,0.1,18.2
Entr1,217.7080284,-0.731551894,0.343495521,-2.129727609,0.033194108,0.413717686,136,478.2
Huwe1,816.0015936,0.30479713,0.143158708,2.129085505,0.033247187,0.414011552,657.9,1282.2
Nkiras1,48.54176776,-1.377975179,0.647389859,-2.128509058,0.0332949,0.414238141,26.7,130.8
Hip1r,491.1685308,-0.396862517,0.186582968,-2.127002916,0.033419841,0.415424311,313.3,992.4
Gm38118,71.14258845,1.227475472,0.57722777,2.126501072,0.03346156,0.415574809,60.5,72.6
Gm48849,3.112890668,2.917904217,1.373712954,2.124100387,0.03366175,0.41732244,3.4,1.3
Gng3,11.37013767,-3.533001234,1.663147612,-2.124286028,0.033646233,0.41732244,1.9,37.2
Baz2a,537.2502993,0.445600058,0.209871317,2.123206092,0.033736586,0.417881063,453.5,832.8
Ebp,165.5525034,-0.890429705,0.419476472,-2.122716682,0.0337776,0.418020142,101.4,381.9
Praf2,26.12916407,-1.732473764,0.817128784,-2.120196717,0.033989459,0.420271428,10.6,73.3
Crip1,2002.37767,0.305122653,0.143969122,2.11936177,0.034059905,0.420401677,1624.3,3221.9
Lrrc75aos2,5.771941037,3.561404685,1.680382032,2.119401789,0.034056526,0.420401677,6.1,6.5
Jpt1,462.3572316,0.417727827,0.1971376,2.118965779,0.034093359,0.420444817,390.5,718
Csf2,7.015063689,3.161131977,1.492595057,2.117876487,0.034185529,0.420473023,9.5,2.4
Sav1,10.83919217,3.89060078,1.836620761,2.118347382,0.034145659,0.420473023,18.8,3.1
Ube2i,195.6593111,0.695001208,0.32812224,2.118116735,0.034165183,0.420473023,152.3,268.4
Tesk2,24.41822335,-2.216926414,1.047087472,-2.117231343,0.034240219,0.420776907,9,72.2
Otulin,364.5712454,0.442934727,0.209368801,2.115571778,0.034381244,0.422140317,342.3,548.4
Clock,224.0059036,0.51623464,0.244192481,2.11404806,0.034511163,0.422264269,173.5,333.9
Dclre1b,66.25011893,1.438798264,0.680621798,2.113946788,0.034519812,0.422264269,76.4,58.8
Nt5e,179.6785122,0.791718246,0.374422494,2.114505026,0.034472156,0.422264269,160.7,220.2
Oma1,86.90970544,1.289689623,0.610160352,2.113689653,0.034541783,0.422264269,71.5,89.4
Slc25a32,85.05820907,0.810786442,0.383374898,2.114865752,0.034441391,0.422264269,71.4,112.8
Gm13262,4.067622195,6.262916381,2.964376405,2.11272643,0.03462419,0.42263759,8.4,0
Nf2,114.1214947,-0.88997845,0.421265889,-2.112628801,0.034632552,0.42263759,77.7,256.7
Gm12359,4.076531611,6.2596495,2.964393932,2.111611899,0.034719751,0.422966134,7.9,2.8
Tmem65,145.2202756,0.897468762,0.424977829,2.111801371,0.03470349,0.422966134,148.9,183.1
Immp2l,6.223355794,-3.31944533,1.572538262,-2.110883665,0.034782312,0.423360775,1.1,19.2
Gins4,92.86013746,-0.952050311,0.451118411,-2.110422205,0.034822006,0.423364763,53.8,228.5
Mrps5,62.33917644,1.116008816,0.528869363,2.110178609,0.034842974,0.423364763,54.1,64.5
Atp11b,823.2040953,0.317597768,0.150595393,2.108947428,0.03494912,0.424148671,721.2,1326.8
Igf2r,581.3385723,-0.44969606,0.213278196,-2.10849524,0.034988174,0.424148671,363.9,1199.3
Nudt21,37.889596,-1.342573293,0.636779652,-2.108379701,0.034998159,0.424148671,17,95.9
Dusp7,46.55693125,1.494858657,0.709445131,2.107081424,0.035110522,0.425143286,39.3,38.7
Pde3b,581.5631122,0.356001994,0.169043922,2.105973352,0.035206667,0.425939972,481.9,927.7
Eif4g2,1282.364785,0.28487707,0.135380866,2.104263901,0.035355433,0.425941384,1072.9,2087.3
Gm22753,3.824283812,-4.7599885,2.262127945,-2.104208345,0.035360277,0.425941384,0,13.8
Mgl2,3.744479417,5.553715553,2.638903162,2.104554511,0.035330105,0.425941384,13.7,2.9
Nfix,40.75002301,1.76870948,0.840888316,2.103382158,0.035432377,0.425941384,57.1,33.1
Rab2a,557.0899478,0.392129702,0.186445642,2.103185134,0.035449589,0.425941384,517.3,836.6
Rpsa-ps3,3.527825358,-3.869618936,1.839151536,-2.10402398,0.035376355,0.425941384,0.3,12.2
Tmed10,290.0118705,0.419482223,0.199330092,2.10446009,0.035338332,0.425941384,259.5,432.6
Trim5,115.2947677,-1.021100105,0.485406225,-2.103599115,0.035413431,0.425941384,65.7,281.1
Galnt3,91.93625064,-0.957683195,0.455638518,-2.10184863,0.035566538,0.426981001,59.8,213.6
Zfp62,138.6077818,0.673728386,0.320666802,2.101023186,0.035638931,0.427484407,128.5,188.5
Gm37368,48.05444659,-1.82171949,0.867655399,-2.099588721,0.035765036,0.428264942,22.5,136.5
Pfdn6,89.29040948,-1.045508097,0.497903293,-2.099821616,0.035744536,0.428264942,59.3,212.1
Gm10051,2.920135066,3.714598884,1.769541942,2.099186685,0.035800447,0.42832351,4.5,0.7
Cct6a,475.3004571,0.35294952,0.168354763,2.096462925,0.036041145,0.430469307,445.7,752.1
Chl1,3.406717219,6.018694163,2.870467341,2.09676455,0.036014423,0.430469307,8.3,4.6
Etv6,214.7935013,0.616975492,0.294343463,2.096107333,0.036072671,0.430479473,186.7,289.7
Sytl2,471.278528,-0.480422016,0.229266924,-2.095470239,0.036129211,0.430787895,278.5,963.3
Cab39l,103.5887203,-0.939352524,0.449253839,-2.090917076,0.036535498,0.432326459,67.4,243.1
Cycs,9.795268805,-2.372013418,1.133149257,-2.093293009,0.036323006,0.432326459,3.7,25.9
Fancl,33.92947276,-1.916358272,0.916242639,-2.091540156,0.036479671,0.432326459,15.4,94.6
Gm14539,3.498862759,-2.144589802,1.025161526,-2.091953071,0.036442714,0.432326459,1,9.8
Gm15542,3.336414915,-3.167774692,1.514097921,-2.092186145,0.036421867,0.432326459,0.5,10.5
Naa30,163.0071389,0.524144341,0.25057891,2.09173366,0.036462348,0.432326459,145.7,239.3
Pfkfb3,187.5254625,-0.750724924,0.35900721,-2.091113779,0.036517866,0.432326459,117.9,410.5
Rasa3,425.6236679,0.507864347,0.24278423,2.091834166,0.036453353,0.432326459,382,636.5
Was,322.8954378,0.524759533,0.250826808,2.092119012,0.036427871,0.432326459,285,470.2
Nr6a1os,5.020435366,-5.151275279,2.464325101,-2.090339167,0.036587343,0.432575211,0,15.1
Gm2a,458.1336671,0.386215474,0.184805156,2.089852271,0.036631072,0.432637574,420.9,689.5
Insrr,43.6429064,-2.002619471,0.958377244,-2.089594138,0.036654274,0.432637574,10.8,117.5
Atxn2,134.7353345,0.57671459,0.276093493,2.088838032,0.036722306,0.432712709,133.4,186
Rp2,63.62772834,1.468185139,0.702762915,2.089161376,0.036693199,0.432712709,68.5,60.6
Gm8276,7.749920492,2.273349927,1.088915762,2.087718817,0.036823206,0.433174249,10.9,5.6
Gria3,3.354990294,5.398323962,2.585337115,2.088054177,0.036792948,0.433174249,8.8,0.2
Ech1,344.1478398,-0.516343813,0.247409652,-2.086999471,0.036888182,0.433575168,241.4,710.1
Gpatch2,110.211525,0.584761381,0.280245243,2.086605911,0.036923773,0.433630313,90.9,162
Dpy19l3,95.1254959,0.914572849,0.438486923,2.085747147,0.037001533,0.433949713,75.5,115.3
Stxbp3-ps,3.89098129,-4.128725607,1.979612889,-2.085622714,0.037012812,0.433949713,6.3,15.5
Col4a1,79.11188292,1.072608903,0.514620928,2.084269888,0.037135625,0.434663351,115.1,87.3
Fxn,44.93781376,1.473555644,0.706936147,2.084425375,0.037121492,0.434663351,47.3,43.7
Hyou1,130.7817345,-0.71770881,0.344419347,-2.083822575,0.037176309,0.434776934,95.6,289.2
Afap1,24.79002722,2.471579071,1.187614515,2.081129053,0.037422095,0.436345553,38,16
Gm11956,3.514585861,2.664084652,1.280181022,2.081021829,0.037431908,0.436345553,5.7,1.7
Myb,72.54350998,1.44568574,0.694406101,2.081902418,0.037351384,0.436345553,71.8,74.4
Parva,3.433003998,6.029259301,2.897637995,2.08074967,0.037456825,0.436345553,23.4,0
Retreg3,71.04760637,1.137455463,0.546682585,2.080650625,0.037465897,0.436345553,68.2,82.3
Glis1,29.49877541,-2.854668102,1.372263228,-2.080262769,0.037501438,0.436397328,3.7,88.7
Adssl1,55.66375374,-1.666846356,0.802178185,-2.07790038,0.037718536,0.437834514,26.4,148.1
Hmbs,14.15406339,-2.092303514,1.006831221,-2.078107502,0.037699459,0.437834514,5.9,37.7
Kdelr3,32.18514803,3.846018787,1.850514996,2.078350511,0.037677087,0.437834514,46.3,8.1
Tbc1d15,144.4543386,0.538684069,0.259298241,2.077469045,0.037758289,0.437933746,130.6,209.7
Abtb1,71.04906661,-0.932683337,0.44917831,-2.076421137,0.037855018,0.437969763,39.3,166.1
Banf1,513.3088773,0.350188559,0.168638806,2.076559766,0.03784221,0.437969763,466,795.3
Slc25a46,114.0619294,-0.731472461,0.35217222,-2.077030555,0.037798739,0.437969763,78.7,256.8
Gm36371,11.60817635,2.929108507,1.412153273,2.074214295,0.038059413,0.439971832,16.8,6.3
Sh3glb2,152.8408676,-0.571174646,0.27543645,-2.073707547,0.03810648,0.440153366,98.8,323.8
1700052K11Rik,3.046491075,-4.432647759,2.138436525,-2.072845141,0.038186694,0.440188543,0,11.6
Gm14085,14.92985534,2.693275211,1.299427252,2.072663327,0.038203623,0.440188543,16.2,6.6
Mapk8,123.622406,0.730791934,0.352505105,2.07313858,0.038159384,0.440188543,118,165
Gm9570,17.67674296,3.906038773,1.885788533,2.071302644,0.038330522,0.441288393,16.3,5.5
Gm44699,15.53251803,3.193169757,1.542131635,2.070620747,0.038394252,0.441659779,11.3,6.4
Gm26549,3.905053451,-4.789792803,2.314639622,-2.069347106,0.038513526,0.441954263,0,13.4
Gm9794,95.7091382,0.782285294,0.378097735,2.069002857,0.038545819,0.441954263,99.8,124.9
Vps51,32.77148146,-1.080729672,0.522309634,-2.069136011,0.038533325,0.441954263,24.9,79
Zzz3,183.9901669,0.62509467,0.302091021,2.069226249,0.038524861,0.441954263,156.4,246.9
Hpf1,298.1696071,-0.479279063,0.231824379,-2.06742304,0.038694309,0.442788256,201.5,599.5
Idh2,68.69696245,1.044539658,0.505286562,2.067222319,0.03871321,0.442788256,74.1,76.5
Paqr7,90.00849612,-0.865248778,0.418521878,-2.067391987,0.038697233,0.442788256,49.4,199.5
Mpv17,41.22764409,-1.718191918,0.831312147,-2.066843271,0.038748925,0.442835838,26.7,119.8
Dusp19,58.80612073,-1.193080712,0.577816523,-2.06480892,0.038941084,0.444308266,28.5,140.8
Lrrc8d,139.1051523,0.813439052,0.393951518,2.0648202,0.038940016,0.444308266,103.7,172.8
Plcl1,6.758372638,-3.294282464,1.595946435,-2.064156034,0.039002925,0.444652351,1.9,22.6
Neurl3,1300.195712,0.339651434,0.164598292,2.06351737,0.039063499,0.444981451,1047.9,2037.1
Gm37978,16.23536423,-1.854161321,0.898867087,-2.062775851,0.039133929,0.445422194,10.2,44.4
Ms4a4c,214.9639911,0.660362607,0.320249977,2.062022341,0.039205609,0.445876432,221.9,280
Seh1l,109.3072769,-0.734100347,0.356184511,-2.061011426,0.03930195,0.446610175,76.7,238.8
Vwa7,3.661783614,6.110381059,2.965238197,2.060671236,0.039334416,0.446617467,7.6,2.3
Acvr2a,42.20979518,1.592495325,0.77310309,2.059874479,0.039410542,0.44687167,36.4,38.7
Rcsd1,231.2912943,0.556206146,0.27003307,2.05977048,0.039420488,0.44687167,238.7,334.7
Cbl,588.2472598,0.460481137,0.223673888,2.058716555,0.039521399,0.447654011,503,867.3
Fam49a,171.9965832,1.047007379,0.50891674,2.057325487,0.039654927,0.448804234,135.4,190.2
Arhgef18,177.7797322,0.662375859,0.322064165,2.056658056,0.03971913,0.448806975,141.1,239.9
Samd9l,746.8213629,0.378027883,0.18378602,2.05689139,0.039696674,0.448806975,619.4,1170.8
Gimap1os,141.9177138,-0.618887889,0.301108775,-2.05536318,0.039843939,0.44895807,75.3,317.3
Heatr5a,102.0061515,1.006358965,0.489563258,2.055626007,0.039818579,0.44895807,90.7,114.9
Kat6a,659.3639588,0.36728887,0.17863217,2.056118284,0.039771116,0.44895807,527.7,1037.6
Srprb,102.6771057,0.915723859,0.445566089,2.055191993,0.039860464,0.44895807,92.8,121.3
Gm24601,26.01060806,2.228083952,1.084583301,2.054322568,0.039944482,0.449543591,19.3,13.7
Aldh1l2,3.598795681,6.085654141,2.965386601,2.052229594,0.040147355,0.451160196,12,0
Rgs8,122.2135983,-1.054666685,0.513925681,-2.052177435,0.040152422,0.451160196,56.7,278.2
Ptbp3,1626.556336,0.239207049,0.116584374,2.051793392,0.040189746,0.451218314,1328.3,2682.4
Hfe,13.50965289,3.339696435,1.629245359,2.049842533,0.0403798,0.452388639,12.4,4.5
Vta1,135.2560512,0.919466446,0.448579087,2.049730965,0.040390692,0.452388639,124.3,167.3
Zfp748,33.66414658,1.947373995,0.949770376,2.050362956,0.040329025,0.452388639,30.8,24
1700097N02Rik,57.5409047,1.524608735,0.744242999,2.048536212,0.040507488,0.452613122,54.7,56.5
Il21r,389.8689753,-0.474322422,0.231499208,-2.048915957,0.040470334,0.452613122,223.1,788.4
Ssb,825.0618304,0.439997716,0.214785364,2.048546079,0.040506522,0.452613122,727.5,1224.5
Gm49124,4.320059149,-4.268594132,2.084517783,-2.047760958,0.040583428,0.45304565,9.2,15.5
Ifnar2,130.7495512,0.574962881,0.280814592,2.047482213,0.040610762,0.45304565,134.4,192.1
Chm,127.5208287,-0.851304102,0.416138196,-2.045724501,0.040783484,0.453597346,71.7,279.6
Gm42895,30.41754683,2.497382016,1.221013556,2.045335208,0.040821822,0.453597346,25.4,14.9
Gm44636,11.56063839,4.733846955,2.313152426,2.046491577,0.04070803,0.453597346,12.3,11.4
Il2ra,202.942313,0.69175728,0.338203603,2.04538708,0.040816712,0.453597346,201.6,277.1
Rpl19-ps11,4.246771865,3.33336578,1.629601111,2.045510252,0.040804579,0.453597346,7.5,1.1
Gm43775,14.62524598,-2.28588814,1.117847706,-2.044901221,0.040864597,0.453713419,7.7,43.5
Ip6k1,235.5660159,-0.620660937,0.303643,-2.044048229,0.040948783,0.454288711,141.4,513
Fbxo34,84.67122533,1.327174586,0.649800513,2.042433885,0.041108511,0.455700513,73.8,92.5
Vopp1,188.5074268,-0.398997802,0.195389355,-2.042065194,0.041145065,0.45574573,131.2,384.7
Gm11634,3.819914103,-4.187243368,2.053037934,-2.039535314,0.04139663,0.458170593,7.9,12.1
1700008J07Rik,19.24955138,2.776313947,1.36167857,2.038890828,0.041460925,0.458329995,18.8,8.1
Gm13339,2.254282717,3.837438761,1.882263393,2.03873633,0.04147635,0.458329995,5.8,0.5
Mybl2,11.49752865,-2.419584984,1.187842524,-2.036957708,0.04165428,0.459934044,2.3,33.3
Asb14,3.515175691,6.038498133,2.965676697,2.03612826,0.041737478,0.460128643,2.2,0
Pip4p1,143.835574,0.767160601,0.376713866,2.036454376,0.04170475,0.460128643,108.9,186.6
Myl12a,1661.285738,-0.230529051,0.11329434,-2.03477994,0.04187302,0.461260571,1147.2,3172.2
AB124611,166.6280682,0.603143355,0.297675879,2.026174769,0.042746878,0.462067748,167.2,234.3
Cib2,20.86125715,-2.070186959,1.020802,-2.028000493,0.042560198,0.462067748,8.3,62.4
Gm10030,3.694680291,-4.709900107,2.323098982,-2.027421192,0.042619356,0.462067748,0,12.6
Gm12246,3.559369063,-4.655889397,2.297442279,-2.026553372,0.042708109,0.462067748,0,12.2
Gtf3a,5.89378241,4.226638708,2.085659419,2.026523923,0.042711124,0.462067748,7.4,0.9
H2-Q7,1891.810074,-0.312172468,0.154033945,-2.026647227,0.042698503,0.462067748,1313.9,3687.9
Ica1,19.27402367,-1.992069467,0.981490171,-2.029637714,0.042393378,0.462067748,6.2,55.6
Itsn1,50.49338504,1.36535509,0.672590089,2.029995852,0.042356961,0.462067748,48.9,51.8
Kdm1a,283.9184165,0.504505835,0.248890929,2.027015757,0.042660801,0.462067748,249.6,426.9
Klra7,23.77554793,2.729671666,1.345264773,2.02909622,0.042448491,0.462067748,32.6,9.8
Mcemp1,5.517566578,-3.720825915,1.832077622,-2.030932462,0.042261846,0.462067748,5.9,15.4
Mki67,531.8479547,0.399102028,0.19636411,2.032459127,0.042107198,0.462067748,458,819.4
Mta3,161.0797286,0.584138152,0.287554059,2.031402909,0.04221414,0.462067748,133.4,227.2
Parp3,150.5982064,0.780787997,0.384992172,2.028062005,0.04255392,0.462067748,140.1,204.1
Parvg,444.2042079,-0.394008066,0.193792638,-2.03314259,0.042038119,0.462067748,332.3,913.2
Rab43,66.81205982,-1.4007031,0.69093852,-2.027247083,0.04263715,0.462067748,35.6,165.5
Rasgrp2,102.8225587,0.884684958,0.436448874,2.027007078,0.042661689,0.462067748,91.8,131.5
Rnf220,219.0372209,0.401610915,0.197568442,2.032768546,0.042075912,0.462067748,187.8,328
Rpsa-ps12,11.30311757,-1.879998368,0.927080812,-2.027868922,0.042573628,0.462067748,4.3,31.5
Rrp9,91.80148833,0.859677165,0.423611186,2.029401474,0.042417415,0.462067748,97.7,106.3
Serpinb1b,3.526746992,-4.644056794,2.291230965,-2.02688287,0.042674393,0.462067748,0,13.9
Shisal2b,23.26933624,2.466900544,1.217648367,2.025954793,0.042769418,0.462067748,37.5,14
Ssr3,391.9614765,0.434247834,0.214010992,2.029091262,0.042448996,0.462067748,358,587.3
Trim30b,2.910985538,-4.08369365,2.011774736,-2.02989608,0.042367104,0.462067748,4.9,10.5
Vps35,214.2244224,-0.594996008,0.293106518,-2.029965118,0.042360085,0.462067748,148,449
Klra5,38.85108714,1.860819774,0.918983302,2.024867884,0.042880932,0.46256034,56.7,29
Ptma,189.5852102,0.428421398,0.211558547,2.025072516,0.042859919,0.46256034,182,293.2
Dhx37,25.13704033,-1.585535303,0.783375344,-2.023979075,0.042972305,0.462790069,12.7,67.7
Limd1,469.963522,0.351064535,0.173476678,2.023698744,0.043001158,0.462790069,397.5,721.9
Rapgef5,3.155736106,-4.100440568,2.026146492,-2.023763131,0.042994529,0.462790069,0.1,11
Coq3,25.80781178,-1.689462348,0.834992305,-2.023326849,0.043039461,0.462847348,10.1,66.7
Grhpr,61.62575547,-1.174246658,0.580576337,-2.022553423,0.04311921,0.463349923,43.5,147.4
AA386476,10.84763216,-2.376392893,1.175512232,-2.021580744,0.043219683,0.463719443,4.3,28.7
B4galnt2,4.779269307,-5.082187584,2.513726407,-2.021774355,0.043199668,0.463719443,0,19.3
Drc1,3.530389871,-4.645222641,2.298646818,-2.020850965,0.043295195,0.464174766,0,13.3
Gm7561,2.395003313,2.296086021,1.137185362,2.019095652,0.043477279,0.464706876,9.4,1.5
Gpatch11,127.2876059,-1.134809997,0.562025388,-2.019143657,0.04347229,0.464706876,66,288.3
Ncald,92.45925922,-0.862730315,0.427229052,-2.019362475,0.043449559,0.464706876,53.2,218.1
Ndufs6,265.9867707,-0.510914149,0.252954319,-2.019788196,0.043405362,0.464706876,172,547.1
Atp5md,462.9438296,-0.37944857,0.188039106,-2.017923708,0.043599208,0.465655463,325.3,914.1
Necap2,211.8485743,0.487992883,0.241987154,2.016606564,0.043736587,0.466767505,202.1,302.6
Mfhas1,60.21005731,1.363732466,0.676398927,2.016165921,0.043782629,0.466903808,58.5,57.8
Eif1a,217.3495983,0.709836673,0.352317613,2.014763515,0.043929434,0.467758475,206.7,300.4
Gm14966,3.698851275,-4.328725304,2.148428345,-2.014833455,0.043922102,0.467758475,0.1,14.5
Gm11759,2.614593667,-3.080521825,1.530045868,-2.013352599,0.044077549,0.46897977,0.4,9.1
Rbpms,17.37745799,2.85381346,1.418319314,2.012109284,0.044208418,0.469660062,20.4,8.9
Tex2,209.9783134,0.634638366,0.315402085,2.012156532,0.044203439,0.469660062,180.5,297.7
Anxa1,166.1544349,1.132184086,0.562847358,2.011529536,0.044269554,0.4698195,252.3,179.2
Cyth2,193.3910914,0.558028638,0.277481021,2.011051554,0.044320012,0.4698195,160.9,282
Malat1,30379.95657,0.266510249,0.132587863,2.010065193,0.044424289,0.4698195,23686.7,48945.7
Tcof1,528.0948686,0.337566732,0.167904771,2.01046539,0.044381956,0.4698195,469.9,841.3
Top1mt,27.72922774,2.348894084,1.168439861,2.010282396,0.044401309,0.4698195,33.5,14.9
Zhx3,142.4558182,0.733960635,0.365035785,2.010653926,0.044362024,0.4698195,115.5,186
Stag1,536.9655433,0.479107509,0.238480112,2.009004042,0.044536705,0.470653704,455.7,796.1
Map3k12,40.02786103,-1.541660958,0.767912227,-2.007600483,0.044685763,0.471518797,16.5,103.3
Tmem109,186.9386554,0.525028719,0.261497085,2.007780391,0.044666634,0.471518797,167.5,275.5
Etv3,186.9757118,0.473403059,0.235911847,2.00669472,0.044782179,0.472181137,156.7,283.8
Gm38973,2.251565664,2.515660847,1.254434134,2.005414855,0.044918715,0.472555656,2.5,1.3
Gm7600,4.064343244,2.958031074,1.47490054,2.005580032,0.044901074,0.472555656,12.1,5.7
Tmem71,338.1227926,0.467960782,0.233305452,2.005785882,0.044879098,0.472555656,288.4,502.8
Capns1,939.2321011,-0.298033325,0.148665839,-2.004719623,0.04499303,0.472633581,685.8,1843.1
Sparc,251.0453877,1.560438768,0.778384174,2.004715434,0.044993478,0.472633581,502.5,224.3
Gm44694,407.1895746,-0.43759308,0.2183499,-2.004091052,0.045060308,0.472893692,232.5,833.6
Nr4a1,686.3625216,0.491429404,0.24524204,2.003854656,0.045085632,0.472893692,555.5,1027.4
Pdzd8,237.0610532,0.500560012,0.24988935,2.003126629,0.045163698,0.473358732,197.3,356
Copz1,425.9194367,0.33849278,0.169063284,2.002166121,0.045266868,0.473732458,362.8,672.1
Ndufb10,350.3182694,-0.499493873,0.249465891,-2.00225318,0.045257509,0.473732458,250.5,718.2
Gm42699,3.234199722,5.931979491,2.966367586,1.999745251,0.045527779,0.476107939,4.8,4.5
Lasp1,689.705703,-0.357007385,0.178704714,-1.997750241,0.045743744,0.477823078,476.2,1416.2
Nrp1,236.8598799,-0.569704436,0.285194242,-1.997601465,0.045759884,0.477823078,166,493
Gm26841,3.752065327,-4.731052398,2.368906204,-1.997146358,0.045809286,0.477983289,0,11.6
Rnf167,416.6177433,-0.418246772,0.209483542,-1.996561483,0.045872841,0.47829082,286,837.4
Gm42502,3.208176176,5.91971934,2.966450394,1.995556491,0.045982219,0.479075328,6.9,3.7
Ap2a2,259.3675678,0.464273144,0.232797114,1.994325165,0.046116531,0.479184719,238.3,397.8
Atp6v1a,382.2482122,-0.683849156,0.342971359,-1.993895813,0.046163442,0.479184719,293.6,856
Gm19345,3.006151247,-4.412282941,2.212736796,-1.994038762,0.046147819,0.479184719,2.8,10.1
Hnrnpa2b1,2365.95259,0.176460274,0.088473395,1.994500983,0.046097333,0.479184719,1874.2,3975.5
Lrch1,255.1216177,0.489678423,0.24547519,1.994818389,0.046062691,0.479184719,200,367.4
C79798,3.195041281,5.913544083,2.966492368,1.993446586,0.046212567,0.479340107,8.5,4.3
AC131185.1,3.002259358,-4.409321801,2.214247467,-1.991341016,0.046443409,0.479629033,0,9.5
Apc-ps1,4.502993763,-4.994683175,2.506734366,-1.992505965,0.046315571,0.479629033,0,14
Crybb3,3.577291445,-3.945828425,1.980908327,-1.991928839,0.046378866,0.479629033,0.2,10.5
Med12,37.82559597,1.30607454,0.655410921,1.992756754,0.046288089,0.479629033,33.2,40.3
Myo1f,445.8372788,-0.537387965,0.269864903,-1.991322174,0.046445479,0.479629033,283.5,940.4
Zfp53,117.4785924,0.705406616,0.354220055,1.991436128,0.046432961,0.479629033,104,165.5
Akirin1,84.12787806,-0.895641385,0.44987956,-1.990847027,0.046497708,0.479815314,54.2,199.7
Gm36989,23.13288334,3.131942765,1.573705761,1.990170489,0.046572158,0.480095267,19.7,9.2
Sf3b2,1083.319576,0.273574749,0.137476204,1.989978936,0.046593256,0.480095267,951,1761
Akr1b10,145.0180501,-0.635884788,0.31972604,-1.98884266,0.046718572,0.480328531,78.3,315.9
Gm47980,3.190177393,5.90088621,2.966578963,1.989121572,0.046687786,0.480328531,10.4,4.2
Pan3,483.4352864,0.387730299,0.194907468,1.989304474,0.046667606,0.480328531,416.2,752.1
Cd2ap,133.1347646,1.010826521,0.509099603,1.985518188,0.047086849,0.480688751,140.3,152.6
Dffa,37.99918933,-1.232655637,0.62053093,-1.986453176,0.046983027,0.480688751,19.4,90.1
Gm37519,23.60960837,-2.278944882,1.147272569,-1.986402312,0.04698867,0.480688751,9.6,75.4
Gm9493,164.3129226,0.670910059,0.337551716,1.987577094,0.046858482,0.480688751,144.3,222.4
Pkd2l2,2.98627501,-4.406047462,2.218724114,-1.985847377,0.047050273,0.480688751,0,13.6
Polk,210.0895934,-0.535960471,0.269946156,-1.985434723,0.047096126,0.480688751,112.9,433.9
Rpl8,3943.516136,0.212449637,0.106918633,1.98702164,0.046919999,0.480688751,3436,6416.7
Sirt4,11.09338885,-2.16561542,1.090399258,-1.986075654,0.047024924,0.480688751,5.1,32.8
Ttyh1,14.95051369,-2.606620235,1.311558664,-1.987421765,0.046875678,0.480688751,1.6,44.1
Unc13b,23.30331573,-1.944622577,0.979074139,-1.986185213,0.047012762,0.480688751,13.4,60.9
Phlpp2,75.84864548,1.596648364,0.804707272,1.984135623,0.047240723,0.481814175,67.8,70.7
Areg,77.25162246,-1.511476177,0.763002062,-1.980959491,0.047595817,0.48392747,32.6,184.1
Dbf4,265.6960672,0.425073516,0.214594448,1.980822519,0.047611181,0.48392747,205.2,398.2
Gm5421,3.10540472,5.877211725,2.966742955,1.981031662,0.047587723,0.48392747,4.6,0
Ifit1,417.9689435,-0.53596628,0.270546396,-1.981051267,0.047585525,0.48392747,299.7,899.7
Setd4,38.03439584,-1.471372929,0.742839681,-1.980740888,0.047620339,0.48392747,21.9,91
Ndufaf3,76.0268825,-0.913107013,0.461066199,-1.980424968,0.047655797,0.483937373,46.4,177.6
Fmnl1,456.8800835,-0.382328682,0.193227496,-1.978645327,0.047855953,0.484506664,291.4,920.9
Gm25395,2.836836812,-4.328476497,2.187875816,-1.978392222,0.047884477,0.484506664,0,9.5
Ly6e,3248.955074,0.285081211,0.144076951,1.978673257,0.047852806,0.484506664,3076.1,5191.9
Ncapd3,164.4577192,0.610932399,0.308701562,1.979038899,0.047811627,0.484506664,143.1,237.9
Rpl7,684.5662353,0.312611957,0.157953714,1.979136481,0.047800642,0.484506664,579.8,1054.6
Dazap2,905.8871204,-0.320853355,0.162389007,-1.975831747,0.048173836,0.486032797,645.2,1773.8
Gm50087,3.074867289,5.86348477,2.966839267,1.976340557,0.048116219,0.486032797,4.8,4.7
Id3,35.05115356,1.798398211,0.910051262,1.976150451,0.04813774,0.486032797,38.7,29
S100a4,518.8044379,-0.405968938,0.205462489,-1.975878614,0.048168527,0.486032797,365.9,1056.6
Ctps,77.96582281,0.747824868,0.37870072,1.974712033,0.048300837,0.486265381,84.2,102.9
Elovl5,356.3777966,0.575454803,0.291341454,1.975190261,0.048246561,0.486265381,310.5,501.9
Gm5138,2.659315241,-4.23329357,2.143722286,-1.974739731,0.048297692,0.486265381,0,8.1
Dapk2,203.8750706,-0.718958421,0.364655204,-1.971611574,0.048653965,0.488131176,119.8,440.8
Gorab,30.05024488,-1.597740043,0.81038869,-1.971572485,0.048658431,0.488131176,9,84
Pigl,25.48991195,1.869952389,0.948464267,1.97155808,0.048660077,0.488131176,23,16.9
Rbck1,335.1946307,-0.532123972,0.269883871,-1.97167756,0.048646427,0.488131176,228.1,715.9
Tnfrsf22,24.01248499,2.484432122,1.259848526,1.972008595,0.048608625,0.488131176,28.9,12.4
Dnajb2,68.67443865,1.310476668,0.665091593,1.970370217,0.048795956,0.488446827,53.4,67.9
Fam83h,3.041485014,5.847437903,2.966953011,1.970856256,0.04874032,0.488446827,4.6,3
Pola1,177.1218638,0.906226666,0.459883864,1.970555477,0.048774744,0.488446827,147.7,216.3
Synj2,51.18169575,1.45176414,0.736948372,1.969967225,0.048842127,0.488560519,52.2,45.3
Ammecr1l,104.1239512,0.918775184,0.466650754,1.968871101,0.048967895,0.488930209,90.4,131.7
Ccnl1,1312.204207,0.292623784,0.148618839,1.968954852,0.048958276,0.488930209,1048.5,2099.5
Pdcd1,1116.602112,-0.366444781,0.18613216,-1.96873437,0.048983602,0.488930209,689.4,2238
Nrbp1,257.1855909,-0.418338066,0.212672594,-1.967052068,0.049177208,0.48987866,175.6,523.3
Rps6ka3,372.4718523,0.441861863,0.224630568,1.967060253,0.049176265,0.48987866,339.8,564.5
Smarcd1,90.7720649,-0.811605517,0.412611078,-1.966998855,0.049183343,0.48987866,53.3,212.8
4931429L15Rik,3.013741257,5.829410619,2.967082294,1.96469462,0.049449593,0.490017712,7.1,0
AV039307,6.559826752,5.357465084,2.72574183,1.96550716,0.049355568,0.490017712,4.9,0.5
Cdk1,185.1961201,-0.612049728,0.311546135,-1.964555676,0.049465686,0.490017712,145.2,392.4
Cdv3,270.9648387,0.59419171,0.302179715,1.966352077,0.049257955,0.490017712,250.3,389.6
Gm45222,114.6735921,1.137237581,0.578905604,1.96446117,0.049476635,0.490017712,109.8,120
Gm5177,4.537203631,-2.537305374,1.291373994,-1.964810649,0.049436157,0.490017712,0.9,12.4
Gm8250,4.649251251,-2.974736734,1.512887602,-1.966264202,0.0492681,0.490017712,1.5,14.3
Plekha1,55.35498962,1.259847879,0.640838205,1.965937531,0.049305827,0.490017712,74.7,59.3
Cd47,2085.481305,0.271561494,0.138285715,1.963771119,0.049556641,0.490463961,1758,3402
Eif3s6-ps3,2.891510435,-2.368975905,1.206549646,-1.963430112,0.049596218,0.49050974,0.7,10.7
Gm8231,2.441039155,2.346677786,1.195984883,1.962129973,0.049747354,0.491658006,5.4,1.5
Chkb,28.26809126,-1.21621933,0.620121489,-1.961259771,0.049848728,0.491882524,14.9,71.1
Emp1,138.0798726,0.910723861,0.464638263,1.960070735,0.049987523,0.491882524,185.6,174
Gm11346,87.17126765,0.881729243,0.449849375,1.96005439,0.049989433,0.491882524,73.4,107.5
Gm36551,4.414065712,-4.965487106,2.532521273,-1.960689199,0.04991529,0.491882524,0,13.6
Gm44065,2.957432744,5.815185305,2.967185444,1.959832108,0.050015417,0.491882524,11,0
Nfkbiz,516.3987165,0.47636084,0.242901926,1.961124175,0.049864539,0.491882524,442.8,767.5
Rnf152,7.184279627,-3.625148924,1.848839452,-1.960769996,0.04990586,0.491882524,1.6,25.3
Slc36a3os,11.45662645,-1.953005876,0.996968899,-1.958943632,0.050119388,0.492559872,4.2,33
Lcn4,69.94590973,1.283943281,0.655536952,1.95861313,0.050158111,0.49259547,65.5,75.2
Ss18l1,19.4083692,-2.148533492,1.09719115,-1.958212562,0.050205076,0.492711911,9.5,55.3
Gpatch4,91.55523035,0.897461465,0.458719403,1.956449756,0.050412196,0.49439885,89.8,114.6
Gm16364,77.87625783,1.349622595,0.690254001,1.955255011,0.050552978,0.495121996,62.3,73.3
Map3k3,157.9080396,0.654977758,0.335085351,1.954659478,0.050623276,0.495121996,155.2,215.5
Tagap,164.3106285,0.847964062,0.433823868,1.954627499,0.050627053,0.495121996,174.6,220.1
Tgfb2,5.736680615,-5.344418248,2.733936315,-1.954843725,0.050601519,0.495121996,0,18.1
Fundc2,341.7636232,-0.298121025,0.152567202,-1.954030884,0.050697565,0.495466313,254.2,681.3
Dek,778.4654346,0.399239746,0.2044751,1.952510336,0.050877645,0.495845049,651.9,1199.3
Pold2,145.4797667,0.779972625,0.399449172,1.952620457,0.050864585,0.495845049,122.7,199.9
Rab5a,133.8780551,0.56266984,0.288173236,1.952540241,0.050874098,0.495845049,116,188.4
Srrm2,4046.129041,0.193616086,0.09914929,1.9527733,0.050846464,0.495845049,3186.2,6686.7
A630089N07Rik,32.62846072,2.369315425,1.215134844,1.949837449,0.051195496,0.496186186,36.4,18.4
Cpne3,177.8324117,0.7549017,0.387078921,1.950252672,0.051146011,0.496186186,175.3,246.3
Dusp5,1623.608593,-0.294502697,0.150945675,-1.951050913,0.05105099,0.496186186,1075.7,3168.5
Gm5644,9.918239051,-1.688191293,0.865518979,-1.950495984,0.051117032,0.496186186,2.9,23
Ighd,3.818503933,-3.040900089,1.55864795,-1.950985846,0.05105873,0.496186186,7.2,11.6
Mtpn,449.4712386,0.395218218,0.202497887,1.95171527,0.050972019,0.496186186,409.7,704.4
Ndufa7,331.1939221,-0.480774111,0.246564783,-1.949889618,0.051189277,0.496186186,232.6,665.3
Tnk2,309.3271803,-0.62050776,0.31796428,-1.951501469,0.050997422,0.496186186,188,658.4
Blm,83.16084299,0.994992005,0.511222105,1.946300826,0.051618614,0.496525032,77.5,96.3
Dgkh,575.0392382,-0.445458418,0.22864151,-1.948283218,0.051381084,0.496525032,338.5,1179.4
Ewsr1,506.143919,-0.447531752,0.22994067,-1.946292287,0.05161964,0.496525032,380.3,1021.1
Hist1h2ad,3.430636695,-4.603295188,2.363618595,-1.947562605,0.051467322,0.496525032,0,12.7
Lama5,4.239352939,-3.183203507,1.634722911,-1.947243466,0.051505553,0.496525032,0.9,13.6
Nup155,163.0370431,0.694910063,0.356651479,1.948428939,0.05136366,0.496525032,144.7,226.1
Pglyrp1,186.7978365,-0.465014335,0.238745341,-1.947742028,0.051445839,0.496525032,122.6,385.3
Ralgps1,22.39123207,-2.05881573,1.057742465,-1.946424387,0.051603783,0.496525032,10.5,61.7
Rbm41,35.4724616,1.555020438,0.798318687,1.94786927,0.051430608,0.496525032,37.5,31
Setd7,236.8670166,0.449729147,0.230841627,1.948215117,0.051389229,0.496525032,205.5,362
Ssh1,209.496533,-0.578927219,0.297343098,-1.947000694,0.051534651,0.496525032,143.6,441.7
Cptp,6.586500526,-2.72009303,1.397863337,-1.945893392,0.051667547,0.496645447,2.7,21.5
Ap2m1,44.79781762,-0.943509003,0.48516499,-1.944717823,0.051808949,0.497160685,25.2,103
Gm26789,163.946672,0.688484539,0.354035755,1.944675161,0.051814087,0.497160685,134.7,224.5
Slc11a2,121.2489948,0.74887829,0.385113644,1.94456442,0.051827425,0.497160685,109.3,160.5
Anapc1,265.3832683,0.491657017,0.25288103,1.944222612,0.051868612,0.497215917,255.1,390.7
Fam131a,3.347486435,-4.567751324,2.350103171,-1.943638637,0.051939043,0.497551216,3.9,11.9
Ncor1,1863.311108,0.289109844,0.148770175,1.943332007,0.051976057,0.497566152,1443.7,2979.1
Hmgb1,139.197729,0.833848452,0.429364457,1.942052814,0.052130707,0.498706436,108.9,174.6
BC064078,2.90325881,-3.072107588,1.583795426,-1.939712375,0.052414655,0.501081243,0.4,9.7
Gnpda1,43.46251739,-1.334423583,0.688165518,-1.939102654,0.05248884,0.501195344,22.9,103.7
Zfp951,19.78673917,2.852186112,1.470936554,1.939027284,0.052498016,0.501195344,23.7,8.4
Frs2,58.67168553,-1.178400441,0.608455646,-1.936707219,0.052781143,0.502530909,35.9,141.9
Itgax,99.88014745,0.830018285,0.428565534,1.936735969,0.052777627,0.502530909,119.6,133.8
Rabif,96.61758654,-0.887044235,0.457825673,-1.937515277,0.052682388,0.502530909,50.5,219.1
Slc45a4,59.06114116,-1.324769482,0.68397204,-1.936876663,0.052760422,0.502530909,30.2,143
Gm47594,2.667834308,5.350920001,2.764649892,1.935478346,0.052931623,0.503621968,3.4,4.2
Cd8a,4637.757328,-0.17222656,0.089035745,-1.934353002,0.053069741,0.503911191,3268.2,8712.5
Rpl37rt,67.09261809,-0.642000956,0.331811659,-1.934835435,0.053010493,0.503911191,49.4,145.7
Rpsa,179.1510952,0.651651187,0.336843175,1.93458332,0.053041449,0.503911191,172.8,239.6
Gm6368,6.073258423,1.161179509,0.600568558,1.933467035,0.05317869,0.504604286,6.6,6.6
Gm27653,3.320785948,-4.555429223,2.357908742,-1.931978597,0.053362148,0.505661297,0,11.3
Trav7d-3,4.473083985,-4.985321216,2.580193537,-1.932150106,0.053340981,0.505661297,0,14.7
C730045M19Rik,56.03789446,1.336207786,0.69195335,1.931066286,0.053474856,0.506045936,48.1,54.8
Gm45819,5.533957658,-5.292126099,2.740473316,-1.931099299,0.053470774,0.506045936,0,17.2
Gm37215,130.6469734,-0.696537312,0.36089047,-1.930051829,0.053600416,0.506892346,65.1,293.7
Tlk2,227.3356446,0.481369416,0.24954104,1.929019032,0.0537285,0.507606224,217.7,338.9
Vps13b,265.6102379,0.417002889,0.21619137,1.92886001,0.053748244,0.507606224,212,407
Fam193a,444.6734623,0.416561168,0.216189733,1.926831409,0.054000644,0.508249489,366.2,662.3
Gm48146,24.01542673,-1.807891646,0.938474405,-1.926415506,0.054052513,0.508249489,14.2,72.5
Gm5835,11.9965777,1.026116464,0.532312392,1.927658418,0.053897627,0.508249489,15.5,15
Ogfr,289.9736656,-0.528558575,0.274393936,-1.926276444,0.054069865,0.508249489,203.9,621.6
Rbm47,78.03662924,-1.432852592,0.743291335,-1.927713298,0.053890797,0.508249489,34.2,211.9
Tmem47,2.778079435,5.718528695,2.967913582,1.926784099,0.054006542,0.508249489,5.6,1.5
Zfp953,16.83877174,-2.1120374,1.095882435,-1.927248154,0.053948711,0.508249489,4.1,44.3
A930029G22Rik,2.777058281,5.712770879,2.967958496,1.924814948,0.054252513,0.508293432,5.1,9.1
Frg2f1,10.01809998,3.653075935,1.897908813,1.924790016,0.054255634,0.508293432,12,3.5
Larp1,488.5191418,0.381994189,0.198397722,1.925396041,0.054179831,0.508293432,454.4,753.2
Plcxd2,426.2185349,0.539245325,0.279993497,1.92592089,0.054114253,0.508293432,345.2,604.1
Samd1,49.16317354,0.944135371,0.490420778,1.925153689,0.054210134,0.508293432,50.8,59.4
Gm38244,169.9399356,0.70491075,0.366394934,1.923909651,0.054365909,0.508986772,164.3,249.4
B3gat2,26.66011884,2.6147495,1.360001406,1.922607939,0.054529306,0.509121413,22.5,12.1
Cnot1,384.2233614,0.398347806,0.207297163,1.921626907,0.05465272,0.509121413,331.7,606.9
Kif15,243.1270701,0.470906125,0.245073977,1.92148563,0.054670512,0.509121413,204.5,363.2
Rpa1,245.7896033,-0.499985261,0.260141627,-1.921973296,0.054609118,0.509121413,188.5,523.5
Sh3yl1,6.797090988,4.030012568,2.096132646,1.922594248,0.054531027,0.509121413,7.4,13.6
Skiv2l,286.1672673,0.437021379,0.227314654,1.922539402,0.054537921,0.509121413,241.5,433.1
Slc12a7,192.739091,0.581629018,0.302421534,1.923239426,0.054449988,0.509121413,176.1,281.2
Zfp994,28.80329196,-1.507752475,0.784386468,-1.922206129,0.054579826,0.509121413,15,72.2
Pdcd5,96.79770431,0.857126281,0.446307998,1.920481561,0.0547971,0.509961872,102.4,123.1
Mfsd2b,3.448646402,-3.917342183,2.040162787,-1.920112556,0.054843684,0.510057161,0.2,9.9
Pcbp1,504.8089908,0.308138194,0.160543526,1.919343635,0.054940859,0.510284591,457.1,808.5
Tlr6,4.759634906,4.48417925,2.336131666,1.919489092,0.054922466,0.510284591,4.9,0.6
Dvl1,77.31345429,-1.024053136,0.533639257,-1.918998879,0.054984476,0.510351939,43.1,185.8
Prune1,25.54633396,-1.627668366,0.848989465,-1.917183232,0.055214658,0.512149705,11.8,63.9
Gm26743,2.707046947,5.68835339,2.96815095,1.916463646,0.055306106,0.512307714,6.2,0
Gpr45,2.687046768,-4.25108396,2.218843349,-1.915900896,0.055377711,0.512307714,3.8,10.2
Kat5,9.511355986,-2.946673956,1.537487081,-1.916552011,0.05529487,0.512307714,1.6,28
Snord104,106.0207759,-0.962714134,0.502451999,-1.91603205,0.055361016,0.512307714,64.9,244.5
Akt2,115.2357543,0.738264494,0.385964027,1.912780577,0.055776149,0.514041506,95.8,159.4
Dnah8,137.2593321,0.913816446,0.477665415,1.913088988,0.055736661,0.514041506,111.9,158.5
Dusp23,7.657062276,-2.349383285,1.228299361,-1.912712291,0.055784895,0.514041506,2.6,23
Epas1,29.66352724,-1.519358583,0.79429621,-1.912836249,0.055769019,0.514041506,13.4,78.2
Gm19353,11.44391604,-1.97347408,1.031725484,-1.912789894,0.055774955,0.514041506,4.9,34.2
Tmem167b,79.57716071,1.345968562,0.703183111,1.914108205,0.055606331,0.514041506,70.9,78.3
Slc25a11,349.3266217,0.516522469,0.270120786,1.912190753,0.055851732,0.514319687,265.9,512
Gm2986,2.326349486,-3.362875463,1.759191406,-1.911602939,0.055927142,0.514447911,0.2,8.5
Tnpo3,243.5482605,0.466526992,0.244061918,1.911510798,0.05593897,0.514447911,197.3,363.7
Gm13827,5.244857021,2.025345444,1.05976595,1.91112523,0.05598849,0.514566118,9.1,3.6
4930473A02Rik,2.639126042,5.651716015,2.968445819,1.903931,0.056919171,0.516738862,8.7,0
A230072C01Rik,5.546261896,3.727186358,1.953270781,1.908176989,0.056368345,0.516738862,7.7,1.6
AC132402.1,6.541798309,-3.441055354,1.804273509,-1.907169472,0.056498645,0.516738862,0.9,20.8
Atn1,129.9407083,0.560983026,0.294506267,1.90482543,0.056802767,0.516738862,115.8,193.1
Axin1,279.2422248,0.524573628,0.275620511,1.903245975,0.057008457,0.516738862,222.1,407.5
Borcs7,71.78421855,0.879903067,0.461176002,1.907955018,0.05639703,0.516738862,64.5,92.1
Dpep2,7.783353974,-3.487165356,1.82922307,-1.90636419,0.056602971,0.516738862,1.7,19.9
Gm12213,2.381518352,-3.48820859,1.828559873,-1.907626128,0.056439556,0.516738862,0.2,8.4
Gm25220,2.691763057,5.649322417,2.968465342,1.903112136,0.057025915,0.516738862,1.7,2.4
Gm42858,3.29886539,-4.185652482,2.199052413,-1.90338914,0.056989787,0.516738862,0.1,9.2
Gm43328,54.76071515,1.463638652,0.769204909,1.902794216,0.057067402,0.516738862,53.3,55.3
Gm45640,21.32570365,-2.005209096,1.05214696,-1.90582606,0.056672777,0.516738862,10.2,57.8
Gramd3,813.470941,0.550051814,0.28879165,1.904666611,0.056823422,0.516738862,697.4,1240.7
Hist1h1b,127.2790022,0.885587792,0.465068077,1.904211093,0.056882698,0.516738862,93.9,159.4
Pcmtd1,224.6654509,-0.579210838,0.304156137,-1.904320736,0.056868425,0.516738862,139,448
Ppp1cc,70.15602781,0.746503062,0.392326288,1.902760748,0.057071771,0.516738862,63.2,95.1
Ppp1r3f,3.286687677,-4.206491705,2.209204502,-1.904075291,0.056900379,0.516738862,0.1,10.8
Prss41,2.69023888,-4.25325773,2.229779125,-1.907479392,0.056458537,0.516738862,0,10
Rpl6l,7.461229455,1.682577803,0.883934767,1.90350902,0.056974158,0.516738862,12.8,6.2
Snx25,50.76536244,-1.446256079,0.758036157,-1.907898543,0.056404331,0.516738862,29.5,131.3
Trerf1,144.8328594,-0.858819133,0.451286566,-1.903046086,0.057034532,0.516738862,98.4,333.8
Trim59,222.2936842,0.433579347,0.227702948,1.904144634,0.05689135,0.516738862,187.8,328.5
Usp16,358.6387372,0.483720057,0.254051428,1.904024161,0.056907038,0.516738862,306.6,544.2
Tspan3,103.1022178,-0.810196268,0.426129992,-1.901289003,0.057264169,0.518146579,74.1,234.9
Pabpc1l,11.57604265,-1.879391749,0.988706115,-1.900859842,0.057320373,0.518320952,5.1,29.1
Gpi1,712.6280366,-0.250278355,0.131715036,-1.900150218,0.057413409,0.518494069,528.4,1364.7
Zfp974,2.151021832,-3.341221653,1.758363739,-1.900187986,0.057408454,0.518494069,4.5,9.1
Ifnar1,485.4332791,0.286337324,0.150729887,1.899671855,0.057476196,0.518663815,403,777.7
Jade3,27.00017084,2.028998895,1.068523082,1.89888167,0.057580036,0.518663815,28.8,23
Prelid3b,165.6783402,0.356227373,0.187579998,1.899069077,0.057555394,0.518663815,135.7,255.3
Zfp398,157.9516773,0.690281067,0.363471565,1.899133616,0.05754691,0.518663815,141.3,215.5
Lag3,76.76958568,-0.723427891,0.38149513,-1.896296528,0.057920845,0.518737166,38.4,163.4
Luc7l3,1050.889649,0.232319654,0.122464804,1.897032024,0.057823712,0.518737166,860.2,1696.1
Mtrf1,10.04156372,-2.413259253,1.272427744,-1.896578619,0.057883575,0.518737166,3.5,30.9
Ndufb1-ps,889.9883501,-0.274835513,0.144924561,-1.896403973,0.057906647,0.518737166,635.9,1733.6
Nop53,1177.059187,0.246003357,0.129578979,1.89848198,0.057632619,0.518737166,904.5,1870.4
Sec24c,393.0778838,-0.240976439,0.127003185,-1.897404692,0.057774547,0.518737166,264.9,744.2
Thada,110.5073419,0.5920314,0.311933622,1.897940326,0.057703943,0.518737166,99.8,155.3
Tmed3,168.322796,0.748292264,0.394405201,1.897267742,0.05779261,0.518737166,154,215.9
Zscan30,3.168293011,-4.4894609,2.366515208,-1.897076717,0.057817814,0.518737166,0,12.5
Impa2,260.1035258,-0.609856285,0.321665185,-1.895935004,0.05796864,0.518834112,180.7,560.7
Gm26812,11.25581195,3.493742889,1.843986904,1.894667951,0.058136406,0.519778122,16.2,3.3
Mindy2,453.8349722,-0.378840703,0.199960352,-1.894579094,0.058148187,0.519778122,325.9,902.2
D730044K07Rik,2.630020394,5.623374436,2.968679046,1.894234556,0.058193883,0.519855479,6.9,0
Zbtb8a,7.962423224,-2.750087354,1.452203017,-1.893734775,0.058260223,0.519888647,1.8,22.5
Zfp236,152.4272993,0.648067056,0.342231976,1.893648465,0.058271686,0.519888647,119,211.7
Fbh1,63.44486798,-1.408606715,0.744168807,-1.892859122,0.058376607,0.520493836,28.7,163.6
Plcg1,562.4816124,-0.35955183,0.189996495,-1.892412963,0.05843598,0.520692411,383.9,1126.7
Oga,753.8877723,0.327106587,0.172884155,1.892056493,0.058483454,0.520784769,589.2,1210.3
Fnip2,28.60229725,1.99638594,1.055629599,1.891180336,0.058600275,0.521494143,29.1,22.3
Fscn1,62.06049501,1.344774162,0.711498553,1.890058885,0.058750085,0.522165101,85.6,61.7
Gm13653,2.175664994,3.056131467,1.616826537,1.890203678,0.058730725,0.522165101,7.9,0.9
Mir5136,55.31286837,1.315721143,0.696245082,1.88973851,0.058792941,0.522215274,58.7,60.7
Agap2,184.4528275,-0.646594696,0.342290599,-1.889022656,0.058888793,0.522735814,129.9,410.2
Rps19-ps12,3.501439768,-2.379444431,1.259877614,-1.888631407,0.058941236,0.522870606,6.3,9.8
Gm8974,9.218379777,-2.882544508,1.526700298,-1.888087997,0.059014138,0.523186615,3.3,26.4
Fam32a,247.6048031,-0.42882536,0.227235403,-1.8871415,0.059141296,0.523895261,164.8,507.4
Trbv19,2.952450596,5.170482859,2.740145264,1.886937502,0.059168732,0.523895261,2.3,0.2
Gtf3c1,230.9204286,0.695516757,0.368665507,1.886579414,0.059216918,0.523991314,189.5,308.5
Rps19,1942.390259,0.256148409,0.135824616,1.885876189,0.059311641,0.524498782,1728,3116.9
Lap3,76.31234662,0.960403137,0.50940283,1.885351005,0.059382464,0.524641651,86.9,90.7
Pdlim5,137.8745483,0.914865702,0.485287878,1.885202051,0.059402564,0.524641651,145.5,170.2
Gm10097,2.568304451,5.595904984,2.968909454,1.88483518,0.059452094,0.524748857,3.1,0
Nsun6,124.5043462,0.953047824,0.505874418,1.883961297,0.059570211,0.525460929,89.4,147.5
Gm45293,3.043191704,-4.431377549,2.352913445,-1.883357656,0.059651915,0.525521012,0,11.9
Nckipsd,66.67802254,1.113113812,0.590941078,1.883629103,0.059615162,0.525521012,65.4,78.5
Nek9,175.9727398,0.566945506,0.301075426,1.883068018,0.059691151,0.525536769,145.9,253.3
Dclre1c,136.5782626,1.044289487,0.555024621,1.881519212,0.059901324,0.525738077,119.8,157
Eif3c,856.8853733,0.327451435,0.173964779,1.882285811,0.05979722,0.525738077,782.6,1329.2
Gm36640,2.538067042,5.586795255,2.968986825,1.881717765,0.059874346,0.525738077,3.8,0
Pms2,109.0914674,0.784940756,0.417138922,1.881725044,0.059873358,0.525738077,81.3,142.7
Prkx,260.4944457,0.501296588,0.266298526,1.882460998,0.059773451,0.525738077,235.1,396.2
Kpna4,357.2109939,0.540180784,0.2872514,1.880515755,0.060037821,0.52660674,331.7,549.7
Gm17435,23.90031044,2.15257093,1.144839402,1.880238334,0.060075603,0.526609005,22.4,17.6
Cfap298,14.39910771,2.443695404,1.300690182,1.87876824,0.060276145,0.527578106,16.3,7.1
Glmp,319.2396909,-0.581994847,0.309874125,-1.878165359,0.060358547,0.527578106,246.3,663
Gm15666,2.527653957,5.575301636,2.969085134,1.877784363,0.06041067,0.527578106,5.3,0
Lrrc75b,2.46938768,4.018655995,2.14011386,1.877776725,0.060411716,0.527578106,13.5,4.1
Rab8a,654.5495754,0.314478827,0.16739029,1.878716072,0.060283272,0.527578106,516.1,1033.2
Zfp956,52.50090094,-1.319151985,0.702218601,-1.878548905,0.060306113,0.527578106,17.5,134.5
Gm12734,2.495145227,5.571397083,2.969118707,1.876448075,0.060593778,0.528838984,5.7,0
Rpusd2,22.11425906,3.01725181,1.608545953,1.875763515,0.06068776,0.529330033,17.2,8.5
Nfkb1,719.3184864,0.38404742,0.204809586,1.875143772,0.060772947,0.529743814,606.3,1131.8
Nedd1,66.02516973,-1.190169327,0.634958511,-1.874404872,0.060874642,0.530300889,35.4,154.3
Gm36401,7.062122723,-3.579198951,1.910000123,-1.873926032,0.060940621,0.530546323,9.9,26
Eef1b2,2716.78841,0.234170971,0.12505684,1.872516293,0.06113521,0.531910438,2370.3,4391.6
Primpol,79.94609828,1.455436343,0.777448431,1.872068018,0.061197194,0.532119839,69.7,74.6
Tnn,3.061723261,5.551276903,2.967007496,1.871001981,0.061344806,0.533073073,6.6,0.1
Pcsk7,193.9751864,0.629510556,0.336647652,1.869938947,0.061492297,0.534024066,150.9,267.6
Efcab11,3.818246482,-3.744775796,2.003662038,-1.868965786,0.061627575,0.534207154,0.4,11.5
Gm48966,16.23029322,2.857388365,1.52860703,1.869275954,0.061584432,0.534207154,20.2,6.5
Sltm,867.7702208,0.279375555,0.149466093,1.869156739,0.061601011,0.534207154,700.7,1385.5
E2f5,28.83898466,1.849312733,0.989787524,1.868393658,0.06170722,0.534567365,35.7,22.6
Bmt2,101.8972657,-0.733519903,0.392929732,-1.866796638,0.061929992,0.535505551,61.8,226.5
Gm49871,2.473297841,5.544163396,2.969355384,1.867126928,0.061883865,0.535505551,5.8,0
Scn3b,2.465916645,5.543586754,2.969360443,1.866929549,0.061911427,0.535505551,3.4,0
Elob,494.94212,-0.329018308,0.176468246,-1.864461831,0.062256877,0.537363511,379.5,951.4
Rapgef1,447.6373697,-0.322004913,0.172708511,-1.864441488,0.062259731,0.537363511,273.7,884
Timm17a,131.9063649,-0.60906827,0.326669265,-1.864479873,0.062254345,0.537363511,78.8,272.6
Gal3st2c,3.076783001,-4.445952619,2.385242211,-1.863941783,0.06232988,0.537638316,3.8,10.7
Padi2,728.2347111,-0.31789419,0.17062825,-1.863080645,0.062450921,0.537690935,504.7,1416.8
Prps1l3,35.27713958,1.32537996,0.711312642,1.863287508,0.062421827,0.537690935,38.2,37.2
Tmem209,123.7341097,0.787791582,0.42276422,1.863430122,0.062401775,0.537690935,120.5,154.3
Dnaja1,397.9843598,0.541164942,0.29057445,1.862396854,0.062547172,0.53785969,344.9,582.7
Stam2,128.8462552,0.516742087,0.277439121,1.862542259,0.062526695,0.53785969,112.5,187.9
Gm24407,3.21117694,4.630628311,2.487092437,1.861864177,0.062622238,0.538175434,7.5,0.4
BC052040,38.91947273,1.585840945,0.852223617,1.860827267,0.062768574,0.538700511,48.8,39.1
Khsrp,552.8911711,0.30875574,0.165967018,1.860343963,0.062836877,0.538700511,468.7,894.3
Mtap,143.9139919,0.582004741,0.312810666,1.860565522,0.062805557,0.538700511,150.4,206
Prdx3,116.3829103,0.862484785,0.46350858,1.86077415,0.062776077,0.538700511,125.8,147.5
Stk38l,37.95466512,-1.719442608,0.924676811,-1.859506573,0.062955369,0.539386839,18.2,98.6
Gm42449,50.52836058,1.147541619,0.617406789,1.858647556,0.063077112,0.540009292,38.8,55.6
Samsn1,772.6324764,-0.396739465,0.213509704,-1.858180015,0.063143455,0.540009292,488.6,1553.5
Wnk1,2864.165779,0.228961866,0.123216155,1.858213046,0.063138766,0.540009292,2272.2,4701.6
Hadha,412.2611939,0.318374197,0.171392356,1.857575239,0.063229357,0.540085698,325.5,634.6
Slc6a19,17.04832075,2.51701453,1.354956987,1.857634267,0.063220969,0.540085698,16.7,8.6
Tnfaip8l2,70.68593948,0.67905794,0.365623177,1.857261745,0.063273924,0.540137623,61.3,95.9
Clip2,28.01007147,2.191673496,1.18061481,1.856383198,0.063398958,0.540219172,19.9,18.2
Gm19144,2.395779401,5.513904952,2.969623568,1.85676899,0.063344027,0.540219172,13.6,0
Usp40,126.1428667,0.722710634,0.389311114,1.856383258,0.063398949,0.540219172,106.8,162.5
Eps15l1,138.6843877,0.683085143,0.368086476,1.855773539,0.063485844,0.540429991,119.3,189.4
Lnx2,64.27486131,-0.962797239,0.518966418,-1.855220696,0.063564717,0.540429991,32.1,157.5
Polr2e,269.1501426,0.475049312,0.25601526,1.855550766,0.063517617,0.540429991,216.1,401
Ruvbl2,45.28448321,-1.05847435,0.570566281,-1.855129517,0.063577734,0.540429991,26.3,106.6
Tnpo1,256.1108705,0.390379523,0.210463422,1.854856867,0.063616669,0.540433613,220.9,407.9
Hdgfl3,193.6660336,0.693943418,0.374342093,1.853768066,0.063772349,0.541101056,174.4,254.5
Il2,27.0796901,2.142457156,1.155565061,1.85403421,0.063734266,0.541101056,28.1,19.8
Gm17491,24.64608979,-1.367204802,0.737892744,-1.852850313,0.063903816,0.541237984,11,59.3
Nr2c1,35.86371911,1.958973901,1.057891047,1.851772833,0.06405845,0.541237984,36,21.7
Pitpnm2os1,3.950576197,-4.805291312,2.593566829,-1.852773277,0.063914862,0.541237984,0,11.6
Smad7,520.7865018,0.448580667,0.242126076,1.852673923,0.06392911,0.541237984,392.5,801.1
Tcf25,954.5925581,0.303954944,0.164091234,1.852353328,0.063975103,0.541237984,759.6,1508.4
Tmem41a,12.03792879,-2.418204595,1.305665689,-1.85208558,0.064013535,0.541237984,1.6,40
Zdhhc5,195.3074361,-0.507313465,0.273957213,-1.851798164,0.064054811,0.541237984,128.2,402.7
mt-Nd1,9300.974435,0.273283906,0.147616478,1.851310298,0.064124925,0.541473648,9344.9,15054.3
AC137605.4,2.331903753,-2.357744478,1.274469499,-1.849981094,0.064316275,0.542477844,4.9,6.8
Gtf2ird2,72.94564616,1.06278964,0.574497279,1.849947214,0.064321158,0.542477844,59.9,79
Bcl9l,211.518402,0.661758238,0.357947925,1.848755619,0.064493108,0.542623672,194,298.2
Ccdc51,47.86803922,1.402448724,0.758325249,1.84940265,0.064399693,0.542623672,39.5,48.3
Gm10752,2.357373927,5.490784815,2.969832254,1.848853519,0.064478967,0.542623672,8.4,0
Ube2m,322.4759168,-0.454194086,0.245632116,-1.849082659,0.064445878,0.542623672,233.7,662.4
Gm25630,2.386652239,5.202735046,2.81470304,1.848413482,0.06454255,0.542714287,5.1,0.1
Gm48882,3.904829863,-4.789582359,2.593159396,-1.847006539,0.064746193,0.543775025,0,12.9
Slc25a29,3.273603003,-3.807990068,2.061426156,-1.847259994,0.064709468,0.543775025,0.2,9.3
Babam1,208.8565852,0.556195842,0.301662368,1.843769394,0.065216755,0.54550237,175,297.6
Hint1,1014.998533,-0.303842128,0.164726031,-1.844530132,0.065105919,0.54550237,779.7,1969.5
Il10ra,752.4084043,-0.430141063,0.233180816,-1.844667459,0.065085927,0.54550237,505.8,1558.8
Leo1,70.50969829,-1.084633407,0.588134496,-1.844192807,0.065155046,0.54550237,45.7,175.8
Rsph3b,2.880767813,5.472617662,2.967586526,1.844130783,0.065164083,0.54550237,4.8,0.1
Tm2d3,116.0576658,-0.919039324,0.498470112,-1.843720016,0.065223954,0.54550237,80.3,267.4
Zg16,2.331743081,5.479595733,2.969934439,1.845022456,0.065034272,0.54550237,12.3,0
6-Sep,732.7695083,0.228455556,0.124045279,1.841711017,0.065517432,0.545647677,623,1195
2300009A05Rik,28.69730065,-1.089501991,0.591054538,-1.843318884,0.065282466,0.545647677,17.4,72.8
Clcf1,205.0568377,0.56576145,0.307139868,1.842031949,0.065470477,0.545647677,180,294.2
Gm13423,9.159823988,-2.914205924,1.581176679,-1.843061539,0.065320026,0.545647677,2.9,26.1
Gm17825,3.901486106,3.092940558,1.678631252,1.842537219,0.065396608,0.545647677,7.6,1.4
Rpa2,454.3630777,-0.374041027,0.203033355,-1.842263936,0.065436552,0.545647677,288.4,940.5
Rpl15-ps5,3.08091944,-2.453783384,1.332328311,-1.84172577,0.065515273,0.545647677,0.6,7.8
Smim10l1,118.8739661,0.681389348,0.370024212,1.841472331,0.065552372,0.545647677,129.3,165.7
Gabarapl2,47.58243395,-1.192725844,0.647846774,-1.841061641,0.065612526,0.545824655,21.8,114.9
Strip2,3.782465757,-4.744909458,2.57873816,-1.840012116,0.065766459,0.54678109,0,15.4
Megf8,6.787978921,4.108236747,2.233046672,1.839745133,0.065805664,0.54678312,16.9,1.4
Adap1,89.07477229,-0.985916016,0.536486318,-1.837728163,0.066102472,0.547423646,54,207.6
Gm10643,3.862063206,-4.420964079,2.405738439,-1.837674457,0.06611039,0.547423646,0.1,13.1
Gm15411,3.065509758,-4.441778075,2.415515364,-1.838853166,0.065936786,0.547423646,0,12
Gm5944,11.16125057,2.390555668,1.301040003,1.837419036,0.066148059,0.547423646,6.5,5.5
Mrtfa,173.6259749,0.673513426,0.36656454,1.837366557,0.0661558,0.547423646,173.9,251.3
Rps6kb1,486.3765936,0.43403232,0.236188238,1.837654253,0.066113369,0.547423646,348.8,730.7
Zranb2,390.8435049,0.359103327,0.195376877,1.838003209,0.066061932,0.547423646,351.6,611.1
Psme4,341.4730672,0.40600051,0.221135504,1.835980668,0.066360516,0.548470836,305.7,508.6
Zup1,499.7798363,0.401520869,0.218681529,1.836098691,0.066343062,0.548470836,405.1,760.3
Ccnh,153.5126443,-0.56796571,0.309574374,-1.834666426,0.06655513,0.548738407,97.6,331
Dbp,3.833618024,-4.762565588,2.596316147,-1.834355032,0.06660131,0.548738407,4,12.4
Gm4978,10.8909571,2.401182009,1.309304253,1.833937378,0.06666329,0.548738407,10.5,7.7
Irf8,1083.180288,-0.388423969,0.211682693,-1.834934938,0.06651533,0.548738407,706.3,2099.5
Rsbn1l,302.6605415,-0.494317291,0.269542076,-1.833915124,0.066666594,0.548738407,209.4,637.8
Slc39a4,107.3597903,-0.728873246,0.3971218,-1.83538966,0.066447975,0.548738407,64.3,237.4
Thoc6,45.51879573,-1.378579923,0.751235537,-1.835083478,0.066493322,0.548738407,22.2,110.7
Asb1,52.97327665,-1.273124859,0.694441653,-1.833307165,0.066756904,0.54915967,30.1,133.9
Dnm2,440.0700735,-0.3539536,0.193208373,-1.83197857,0.066954613,0.549497687,283.3,848.9
Hexb,51.33422417,1.183498563,0.645945351,1.832196116,0.066922207,0.549497687,56.1,52.9
Lfng,196.602836,-0.378924197,0.206782797,-1.832474477,0.066880761,0.549497687,121.2,389.2
Snrpd3,275.5518269,0.411631956,0.224611947,1.832636076,0.066856709,0.549497687,240,412.7
Cald1,65.4891529,1.490702086,0.81409703,1.831111073,0.067083966,0.54991611,114.3,60.9
Gm37198,65.27708824,1.24406327,0.679342838,1.831274579,0.06705957,0.54991611,56.7,70.1
Crtam,140.6124567,0.68013071,0.371574176,1.830403602,0.06718961,0.550460584,115.6,186.5
Cep120,253.0137222,-0.555587777,0.303720001,-1.829276224,0.067358239,0.551468,132.7,534.7
Srsf2,149.715127,0.529177587,0.289317267,1.829056359,0.067391166,0.551468,124,219
Abhd5,23.16832461,-1.656862449,0.906460283,-1.827837887,0.067573885,0.552491022,9,62.3
Dhx36,481.4824959,0.37575635,0.205589978,1.827697801,0.067594918,0.552491022,380.9,738.9
Hdac3,161.9890422,-0.524598401,0.287259605,-1.826217095,0.067817567,0.553988207,116.3,342.7
Dtx1,69.45033517,1.120741368,0.614033561,1.825211908,0.067969058,0.55425673,60.9,85.1
Gpr155,49.24849241,-1.282798583,0.702984515,-1.824789247,0.068032839,0.55425673,22.9,122.8
Lnpep,1203.371449,0.244690662,0.1340829,1.824920718,0.068012994,0.55425673,919.6,1972.4
Rbm4b,253.0489812,0.661113093,0.36235019,1.824514271,0.068074361,0.55425673,193.1,357.4
Tfdp1,63.00435384,-1.397555904,0.765856638,-1.824827043,0.068027134,0.55425673,46.1,158.1
Trir,705.2340421,-0.314528466,0.172398405,-1.824427934,0.068087402,0.55425673,515,1382.6
Bcl2l13,89.57806208,0.64565859,0.354001703,1.823885546,0.068169377,0.554602342,81.4,130.5
Ddr2,33.31065955,2.160448815,1.184712347,1.823606228,0.068211624,0.554624529,65.8,22.6
Nbeal1,165.8557101,0.672573304,0.368955686,1.822910798,0.068316902,0.555158892,155,221.4
Anp32b-ps1,3.33699846,-2.219541045,1.217771989,-1.822624485,0.068360285,0.55518995,1.1,9.8
Kif1b,281.6860149,0.564936725,0.310051718,1.822072554,0.068443978,0.555548167,235.6,396.1
Gpr21,3.83382936,-3.952706414,2.170804009,-1.820849048,0.068629806,0.555570323,0.3,12.9
Lrrn3,2.761826722,5.100239402,2.800838235,1.820968929,0.06861158,0.555570323,2.8,0.2
Nrip3,22.40306937,4.217415986,2.316636266,1.820491222,0.068684232,0.555570323,20.6,3.8
Prpf39,399.8686391,0.413643629,0.227066528,1.821684742,0.068502834,0.555570323,323.1,617.5
Prr5,3.047116665,4.497924708,2.470600533,1.82057951,0.0686708,0.555570323,5.3,6.6
Snord49b,3.681878877,-4.706309338,2.583767785,-1.821490834,0.068532279,0.555570323,0,15.5
Tmcc3,138.9117747,-0.903953074,0.496626104,-1.8201884,0.068730319,0.555622868,81.6,315.7
Gm18116,2.06575491,4.340145653,2.384805936,1.819915653,0.068771851,0.555638545,1.9,0.3
Ermap,4.911801172,-5.119542032,2.814136321,-1.819223182,0.068877387,0.555851211,0,13.4
Gm4654,2.256175723,-2.514901925,1.382208445,-1.819480943,0.068838088,0.555851211,0.6,8
4931440P22Rik,8.075808938,-2.744637109,1.509808901,-1.817870531,0.069083923,0.556557853,9.9,27
Ezr,1249.608723,0.250598881,0.137848964,1.817923573,0.069075815,0.556557853,1008.3,2025.8
Nucb2,44.09987308,1.814948886,0.998192287,1.818235735,0.06902811,0.556557853,59.7,32.6
Stard3nl,170.8326231,-0.712644865,0.39215951,-1.81723214,0.069181576,0.557024804,101.7,372
Gpr160,73.77225975,-0.959422869,0.528235448,-1.816278844,0.069327609,0.55788054,44.3,177
Rps8,877.5882139,0.356078723,0.19608422,1.815947876,0.069378368,0.557969066,765.6,1364.8
Gm11964,3.811331841,-1.86879653,1.029368867,-1.815477998,0.069450484,0.558214045,1.2,10.3
Pebp1,36.68898479,1.079586133,0.594737524,1.815231239,0.069488381,0.558214045,39.4,41.9
Tmem30a,542.3464662,-0.28304321,0.15596492,-1.814787649,0.069556549,0.558441997,413.2,1061.3
Rell1,140.9903901,-0.381390093,0.210207345,-1.814351885,0.069623568,0.558660467,100.7,281.7
Dnajc22,2.191816544,5.386153562,2.970818997,1.813019766,0.069828773,0.559028521,9.1,0
Gm12944,7.730606022,-2.696728347,1.486964078,-1.813580022,0.069742408,0.559028521,3.1,20.9
Scaf1,70.05077113,0.676027251,0.372822671,1.81326755,0.069790566,0.559028521,58.1,94.6
Synrg,265.9405732,0.416562676,0.229746515,1.813140348,0.069810177,0.559028521,217.3,412.5
Itm2c,1020.887721,-0.253571269,0.139882149,-1.812749303,0.069870496,0.559043641,718.5,1962.9
Rsf1,403.7695747,0.335914599,0.185406191,1.811776607,0.070020721,0.559711836,318.4,641.7
Ylpm1,379.4886065,-0.331878825,0.183187205,-1.811692171,0.070033774,0.559711836,288.4,764.4
Baz1a,918.8331748,-0.316467815,0.174936554,-1.809043383,0.070444264,0.559804528,615.7,1798.2
Ggnbp2,895.2502294,0.305131497,0.168616918,1.809613777,0.070355702,0.559804528,713.9,1408
Gm42632,19.71389413,-1.732880683,0.957888656,-1.809062746,0.070441256,0.559804528,8.6,51
Gm5040,2.364961423,-2.409217377,1.331255889,-1.809732747,0.070337242,0.559804528,0.6,7.1
Gtpbp2,429.8801705,-0.447811411,0.247515709,-1.809224203,0.070416179,0.559804528,271.8,886.7
Rab11a,188.2411197,-0.658520651,0.36373896,-1.810421,0.070230525,0.559804528,128.7,419.6
Riok1,534.7094413,0.32725145,0.180887359,1.809144935,0.07042849,0.559804528,429.4,859.8
Tgfbr3,60.49586364,1.280496283,0.707667343,1.809460754,0.070379452,0.559804528,79,59.1
Tlr8,2.179545171,5.380408817,2.970875243,1.811051753,0.070132841,0.559804528,6.1,0
Zcwpw1,29.28545605,1.546776896,0.854568521,1.810009213,0.070294358,0.559804528,25.6,26.3
Sytl1,66.27256145,-0.935582687,0.517349007,-1.808416899,0.07054164,0.560261105,31.6,149.4
Cited4,11.4334703,-3.266858958,1.807445265,-1.807445581,0.070692832,0.560576746,2.3,35
Gm37060,3.693619009,-4.708864151,2.605336704,-1.807391783,0.070701214,0.560576746,0,12
Mtif2,172.8805619,0.666045704,0.368487464,1.807512518,0.070682405,0.560576746,148,231.6
Agpat2,38.38107168,-1.473456658,0.815527372,-1.806753163,0.070800774,0.560655472,24,97.9
Kantr,79.57467164,-0.843030009,0.466649463,-1.806559476,0.070830993,0.560655472,51.9,180.6
Plekha6,11.40369821,3.399976748,1.881613276,1.806947682,0.070770437,0.560655472,13.7,3.4
Afg3l1,242.7851916,-0.545877881,0.302651543,-1.803651409,0.071285971,0.560913431,153.1,502.3
Atp2b1,1230.475438,0.291464081,0.16178902,1.801507174,0.071622978,0.560913431,1047.4,1937.6
BC005561,143.068189,0.554147862,0.307590839,1.801574665,0.07161235,0.560913431,141.6,201.7
Camk2g,169.9204557,-0.601306464,0.333512817,-1.802948595,0.071396288,0.560913431,119.3,365.4
Dusp14,68.43230835,-0.978201237,0.542021591,-1.804727437,0.071117344,0.560913431,44,167.1
Gm11810,8.220420648,-1.960585093,1.088224726,-1.801636229,0.071602657,0.560913431,3.5,23.9
Gm17981,2.177276744,5.359101798,2.971085791,1.803751953,0.071270201,0.560913431,6.2,0
Gm20069,23.18993891,1.937634991,1.073124209,1.805601789,0.070980563,0.560913431,25.1,19.9
Gm27254,2.307371344,5.141200669,2.848323359,1.804991927,0.071075945,0.560913431,3.2,3
Gm42722,9.685426303,-2.607961152,1.44687851,-1.802474177,0.071470834,0.560913431,1.4,27.6
Gm7565,3.482534154,1.654192447,0.917789279,1.802366278,0.071487797,0.560913431,2.8,5.8
Msc,11.90385374,-2.306072075,1.277743585,-1.804800354,0.071105929,0.560913431,3.7,32.1
Ptprn,6.009556229,3.461694584,1.918027061,1.804820513,0.071102773,0.560913431,7.1,1.7
Rcn3,57.01009324,1.313393861,0.727402455,1.805594485,0.070981705,0.560913431,80.4,58.9
Tbx6,12.30097862,-2.277941863,1.262890822,-1.803752013,0.071270192,0.560913431,6,42.4
Tcp1,224.8699923,0.321179978,0.178268428,1.801664951,0.071598136,0.560913431,203.5,356.6
Timmdc1,90.45146998,0.882195942,0.489628923,1.801764359,0.071582487,0.560913431,87.8,115.6
Zfas1,645.5836631,0.294061445,0.163156179,1.802331033,0.071493339,0.560913431,511.3,1004.6
Zfp758,56.25767126,1.316768349,0.730091234,1.803566852,0.071299237,0.560913431,46.9,57.2
Trib3,20.38187824,2.575260307,1.430021197,1.80085464,0.071725794,0.561405351,31,10.8
Fbxl19,17.35763651,-1.367797274,0.75990864,-1.799949628,0.071868592,0.56220949,10.9,44.4
Ccdc85c,14.81074963,-2.058938615,1.144157154,-1.799524311,0.071935782,0.562287424,5.4,40.3
Cpa3,23.19596622,2.840328908,1.578504744,1.799379393,0.071958687,0.562287424,33,11.8
Dennd2d,182.0333511,0.541131373,0.300933273,1.798177275,0.072148919,0.563146794,174.3,263.8
Samd8,83.54461402,0.790403244,0.439557565,1.798179137,0.072148625,0.563146794,85.4,109.7
Gm14057,3.412882783,-3.637713245,2.023864,-1.797409927,0.072270566,0.563782725,0.3,13.2
5830428M24Rik,142.6803906,0.527900662,0.294098113,1.794981464,0.072656653,0.565250507,105.6,203.8
Anapc5,250.872125,-0.609883572,0.339871299,-1.79445447,0.072740659,0.565250507,182,526.7
Diaph2,196.4446191,0.585282485,0.326160324,1.794462545,0.072739372,0.565250507,177.5,270.4
Gm43009,2.473113658,4.6560475,2.594368303,1.794674833,0.072705523,0.565250507,14.6,15.2
Gm43980,122.6613793,-0.665401324,0.370698283,-1.794994353,0.0726546,0.565250507,64.8,267.1
Kdm4a,177.9755764,-0.703376424,0.391793133,-1.79527502,0.072609893,0.565250507,120,389.5
Wdr5b,18.62666018,-1.795820333,1.000439755,-1.79503096,0.072648767,0.565250507,7.1,53.2
4930549G23Rik,2.102254572,5.326858651,2.971410284,1.792703848,0.073020291,0.566299505,4.8,5
Bloc1s6,107.6024511,0.771298603,0.430104267,1.793282843,0.072927709,0.566299505,85.7,154.2
Gm4759,942.6303111,0.334439125,0.18656661,1.792599038,0.07303706,0.566299505,730.3,1487.3
Nxf1,382.5664693,-0.371671709,0.20728314,-1.793062899,0.072962867,0.566299505,244.1,769.5
Spin1,114.4761382,0.696358739,0.388525363,1.792312176,0.073082974,0.566342605,123.7,162
Slc38a8,3.61386425,-4.678050766,2.61120976,-1.791526226,0.07320889,0.567005276,0,12.4
Chfr,235.6127885,-0.488395598,0.272678444,-1.791104538,0.073276521,0.567216049,159,485
Gpx4-ps2,19.32113042,-1.217093977,0.679870117,-1.790186017,0.073424012,0.567745592,13.1,46.8
Ptch1,191.1840226,-0.501166304,0.279953862,-1.790174639,0.073425841,0.567745592,108.3,392.6
Fosb,2059.661532,0.474850776,0.265300623,1.789859254,0.073476541,0.567824763,1566.2,3094.3
Mllt6,717.9555253,-0.391231471,0.218627368,-1.789489923,0.073535949,0.56797111,519.6,1448.8
Gm37052,43.25614306,-1.470962596,0.822215346,-1.789023525,0.073611027,0.568238258,29.4,110.2
Ager,7.788690525,3.936254132,2.200810173,1.788547772,0.073687675,0.568517228,11.1,2.4
Gm12167,4.056799162,-4.173389256,2.334515266,-1.787689855,0.073826059,0.568717446,0.2,15
Myzap,2.109478074,5.310652877,2.971576094,1.787150222,0.073913212,0.568717446,2,4
Ramp3,69.48599941,1.255014067,0.701958333,1.787875445,0.073796105,0.568717446,58.4,74.3
Rps5,5137.763985,0.208168627,0.116457978,1.787499934,0.073856723,0.568717446,4386.5,8385.1
Slc16a4,5.621578042,-2.817364702,1.576473138,-1.787131436,0.073916248,0.568717446,9.8,17.6
Jmy,120.8144908,0.489783477,0.274142993,1.786598565,0.074002394,0.569068271,98.4,172
Slc25a53,53.071623,1.107734851,0.620416915,1.785468489,0.074185358,0.570083131,43.7,61.2
Zfp526,2.453578597,-3.133850891,1.755381585,-1.785281854,0.074215611,0.570083131,0.4,8.4
Ppm1j,157.9701256,-0.615059282,0.3445681,-1.785015161,0.074258858,0.570103287,94.7,337.5
Gm11131,26.8879762,-1.295566364,0.725917339,-1.784729878,0.074305142,0.570146728,12.3,64.5
Gm47588,24.42611933,2.292904017,1.285154797,1.784146176,0.074399916,0.570561976,23.4,15.6
AI854703,9.432286319,-2.278022188,1.278263841,-1.782122059,0.074729329,0.571558255,3.4,26.9
Bbip1,179.0937083,-0.596572171,0.334643681,-1.782708611,0.074633749,0.571558255,95.5,388.7
Extl1,2.535112264,5.291701482,2.969042818,1.782292074,0.074701615,0.571558255,7.3,1.8
Tln2,2.057623694,5.295907703,2.97172856,1.782096715,0.074733461,0.571558255,14,2.6
Tnip3,122.3430743,0.921401713,0.516888321,1.782593406,0.074652514,0.571558255,102.5,150.1
Higd1a,150.9386242,-0.549593085,0.308478373,-1.781625984,0.074810244,0.571767789,111.5,320.8
Sap130,190.368686,0.615187246,0.345333514,1.781429319,0.074842342,0.571767789,161.2,270.4
Ddi2,176.6535682,0.506644306,0.284453213,1.781116483,0.074893424,0.571846739,159.4,254.5
Tomm7,1039.813369,-0.246297278,0.138380397,-1.779856706,0.075099414,0.572796295,806.6,1977.9
Zmym1,31.40728571,1.803397388,1.013168373,1.779958234,0.075082796,0.572796295,33.5,26
Akap14,10.1962157,-2.209569379,1.242606665,-1.778172804,0.075375478,0.572816468,3.3,27.9
Jmjd8,2.635940616,-3.026354398,1.70164133,-1.778491357,0.07532319,0.572816468,0.5,9
Runx2,1212.556914,0.332747528,0.187122318,1.778235385,0.075365204,0.572816468,891.8,1928.9
Sec63,377.9029009,0.481882259,0.270840707,1.779209128,0.075205482,0.572816468,339.3,548
Snhg4,97.90560219,1.057586104,0.594785074,1.778097922,0.075387774,0.572816468,87.8,115.9
Sox9,15.57915181,2.78940341,1.568500051,1.77838911,0.07533997,0.572816468,37.2,7.8
Zfp507,41.48746836,1.280351914,0.719827553,1.778692562,0.075290179,0.572816468,39.6,44.7
Akr1b3,89.346364,0.965375093,0.543393123,1.776568479,0.075639266,0.572866408,69.1,109.1
Appl1,321.604899,0.37987717,0.213791621,1.776857148,0.075591746,0.572866408,254.9,486.1
Dgka,669.1765918,0.398201493,0.224112978,1.776789084,0.075602949,0.572866408,553.8,1011
Edc4,173.7488157,-0.674873674,0.379865794,-1.776610805,0.075632297,0.572866408,111.3,365.8
Rcan1,27.37967229,1.666423652,0.937710058,1.777120377,0.075548436,0.572866408,27.8,25.7
Rplp1-ps1,2.345394724,-2.593975432,1.460014627,-1.776677702,0.075621283,0.572866408,2.7,7
Fam13b,218.6873547,0.858301583,0.483632059,1.77469952,0.075947515,0.574650903,171.8,277.4
Stt3a,307.7512433,-0.600098259,0.338151452,-1.77464345,0.075956778,0.574650903,250.4,665.5
1700030C10Rik,2.998575732,-3.443421966,1.941253928,-1.773813264,0.076094043,0.574850946,5.2,11.1
5830468F06Rik,24.88713287,1.641530139,0.925494102,1.773679741,0.076116139,0.574850946,29.7,21.6
E430024I08Rik,25.21545575,2.157987235,1.216569965,1.773829123,0.076091419,0.574850946,28.2,17.4
Isoc2b,15.01499166,2.008676699,1.132610501,1.773492915,0.076147065,0.574850946,18.4,10
Gm45407,30.45328185,-1.802043195,1.016364423,-1.773028605,0.076223967,0.575122126,17.6,84
Tnfrsf26,52.27871233,1.420035777,0.801245496,1.772285503,0.076347176,0.575742222,74.7,54.6
Insm1,3.075011536,5.257285256,2.967046655,1.771891672,0.076412541,0.575925673,3.2,4.2
Slc37a2,153.3018923,-0.671206327,0.378893888,-1.771488926,0.076479433,0.576120428,94.7,336.5
Cdk5r1,7.347918407,-3.153862626,1.780857976,-1.770979308,0.076564143,0.576449131,1.5,23.5
AC119228.1,102.6923462,0.899239839,0.508109188,1.769776772,0.076764335,0.577039749,83.7,126.5
Gm15013,6.883655721,2.148085163,1.213767122,1.769767136,0.076765941,0.577039749,5.4,3.9
Ttc1,149.787536,-0.538071192,0.303978805,-1.77009444,0.07671141,0.577039749,81.1,313.5
Atl2,93.7222579,-0.92519253,0.523152309,-1.76849555,0.076978096,0.577307435,52,219.4
Gm156,196.6224886,-0.816975751,0.462006441,-1.768321128,0.077007234,0.577307435,148.6,444.6
Gm36933,227.0123889,0.563751537,0.318766204,1.768542365,0.076970276,0.577307435,194.2,318.8
Gm38211,1.994623599,5.257324588,2.972134841,1.768871491,0.076915323,0.577307435,10.4,0
Xrcc4,34.80156675,-1.147999301,0.649198289,-1.768333835,0.077005111,0.577307435,15.2,80.6
Plagl1,13.86689349,2.647283823,1.497610054,1.767672309,0.077115702,0.577604576,29.6,8.4
Spc24,66.68180132,-0.878606964,0.497064428,-1.767591712,0.077129185,0.577604576,38.6,166
Asns,41.94921329,1.7272158,0.97729427,1.76734465,0.077170526,0.577605957,63,38.7
AU041133,42.75236084,1.465918729,0.829742899,1.766714402,0.07727607,0.577769912,37.8,42.6
Ep400,715.4999187,0.2437414,0.137981682,1.766476508,0.077315939,0.577769912,578.4,1171.9
Paics,400.9358241,0.36551726,0.206898289,1.766651924,0.077286539,0.577769912,375.8,616.4
1700001L05Rik,8.767736741,3.281717355,1.858602148,1.765691145,0.077447679,0.577818874,12.8,3.5
Atxn2l,558.1575097,-0.344335138,0.195333696,-1.762804603,0.077933451,0.577818874,406.5,1107.3
Chst10,64.37452373,-1.07776159,0.611403908,-1.762765293,0.077940083,0.577818874,31.4,154.6
Cln5,104.9908025,0.910077257,0.516215627,1.762978898,0.077904049,0.577818874,78.1,128.6
Fzd2,18.84756537,2.500996308,1.417667695,1.764162588,0.07770461,0.577818874,28.4,9.6
Gm16310,41.26895058,2.011686401,1.139729017,1.765056756,0.077554227,0.577818874,33.6,25.9
Gm20379,25.76462997,-1.896172089,1.075352721,-1.763302451,0.077849492,0.577818874,8.3,70.9
Gm38125,3.547310978,-4.651056616,2.635704941,-1.764634783,0.077625166,0.577818874,0,11.8
Gm7287,2.799343025,1.900620483,1.076584187,1.765417425,0.077493637,0.577818874,9.5,5.3
Gm7909,1.981022534,5.243926213,2.972278445,1.76427825,0.077685144,0.577818874,5.4,1.5
Hebp2,1.996445481,5.242516983,2.972293626,1.763795117,0.07776648,0.577818874,3.7,4.9
Igsf3,7.729309698,2.753078542,1.560651417,1.764057311,0.077722331,0.577818874,14.3,4.6
Itga3,27.52825412,-1.465038417,0.830238465,-1.764599545,0.077631092,0.577818874,13.3,70
Snx29,54.51931509,1.179811453,0.669102322,1.763275083,0.077854106,0.577818874,54.9,60.8
Tns4,2.449548714,5.242174496,2.969473931,1.765354611,0.077504187,0.577818874,7.1,0.1
Mgst1,3.528982724,-4.643738547,2.636352505,-1.761425507,0.078166411,0.578579859,0,12.5
Nr2c2ap,56.97408589,-0.827670652,0.469820893,-1.761672724,0.078124609,0.578579859,41.9,129.5
Spice1,52.91821607,1.370113634,0.7778212,1.761476332,0.078157815,0.578579859,49.7,50.2
Dicer1,352.8046285,0.377594581,0.214470717,1.760588052,0.078308152,0.579323463,258.5,544.8
Gm29609,3.465597793,-4.617968011,2.62371451,-1.760087842,0.078392914,0.57964497,0,13
Gm48236,4.583780125,-5.019765916,2.852987085,-1.759477266,0.078496478,0.580105096,0,12.5
Akna,229.1552816,-0.386973683,0.220012507,-1.758871295,0.078599372,0.580559781,145,454.7
Fut8,164.3840275,-0.561684684,0.319466845,-1.758193982,0.078714509,0.581104376,96.3,347.2
Gm39325,4.327969936,-4.576469437,2.604121217,-1.757394935,0.078850516,0.581802388,0.1,15.1
Hoxd8,9.244200694,3.856780621,2.195084851,1.757007534,0.078916525,0.581983454,20.1,2
Aff3,42.33835562,1.082771622,0.616626683,1.755959728,0.079095285,0.582935899,36.6,48.2
Plxnc1,95.5005145,0.809900822,0.461281198,1.755763784,0.079128751,0.582935899,105.9,125.5
Gm23751,13.1676283,2.665348303,1.518470164,1.755285264,0.079210526,0.582945083,12.2,6.7
Hopxos,23.92685067,-1.415027898,0.806717231,-1.754056865,0.079420764,0.582945083,9.4,66.5
Nudc-ps1,3.37107795,2.053051738,1.170155617,1.754511715,0.079342864,0.582945083,2.9,5.1
Pot1a,116.7705942,0.67700574,0.385915186,1.754286341,0.079381455,0.582945083,106.1,156.6
Rps2-ps9,47.275617,1.231958523,0.702104568,1.754665302,0.079316574,0.582945083,41,50.4
Tma16,58.04965004,1.304809183,0.74351012,1.754931301,0.079271059,0.582945083,60.1,57.2
Trp53inp1,252.7546532,0.404148539,0.230386538,1.754219417,0.079392917,0.582945083,211,394.5
Cd37,808.4631646,-0.229351528,0.130835703,-1.75297356,0.079606546,0.583698151,598.7,1564.1
Tax1bp1,812.2849012,0.342721209,0.195503297,1.753020097,0.079598558,0.583698151,682,1276.6
Mesd,94.31760239,0.78025088,0.44519689,1.752597328,0.07967115,0.5838668,82.7,120.8
Sccpdh,23.81103565,-2.021510146,1.153940321,-1.751832489,0.079802616,0.584525006,8.9,66.4
Col6a1,84.59723702,1.965825446,1.123204882,1.75019311,0.080084997,0.585981675,181.3,53.7
Rasl12,20.24244479,-2.108082898,1.204372403,-1.750358023,0.080056555,0.585981675,5.2,57.7
Becn1,94.35965551,0.513595954,0.293804237,1.748089001,0.080448617,0.587111749,95.1,140.2
Gm49017,4.656249188,-1.663959039,0.95163639,-1.74852397,0.080373339,0.587111749,1.9,11.8
Kbtbd11,281.0336793,0.476897515,0.272785769,1.748249247,0.080420877,0.587111749,288.6,426.9
Rpl7a-ps10,2.927033504,2.85348727,1.632237392,1.748206042,0.080428356,0.587111749,5.9,5
Sult2b1,45.02358581,-1.09005297,0.623298293,-1.748846391,0.080317575,0.587111749,17,107.3
2700062C07Rik,56.47802649,-0.961956772,0.551389225,-1.744605678,0.081053532,0.589075746,31.2,133.5
Gm4013,7.673047649,-2.750737314,1.576512893,-1.744823862,0.081015534,0.589075746,3.1,22.5
Gm43080,2.360609136,5.184168014,2.969997765,1.74551243,0.080895711,0.589075746,6.5,0.1
Ikzf1,1254.092852,0.248732758,0.142474314,1.745807728,0.080844368,0.589075746,970.9,2042.1
Mink1,171.9919004,-0.60619381,0.347180369,-1.746048638,0.080802501,0.589075746,97.1,371.4
Rbm27,348.3872895,0.409533935,0.234717317,1.744796424,0.081020312,0.589075746,285.5,514.3
Ski,565.0024949,-0.332768542,0.190641332,-1.745521486,0.080894136,0.589075746,390.7,1120.8
Wars,115.7509666,0.718979784,0.412058714,1.744847904,0.081011348,0.589075746,109.2,156.8
Tprn,48.48583832,-1.303641241,0.747376521,-1.744289798,0.08110857,0.589170635,27.6,121.5
Gm20717,3.375463374,-4.199977018,2.409251997,-1.74327012,0.081286442,0.590157232,0.1,11.4
Prdm1,265.262508,-0.686618446,0.393970419,-1.742817259,0.081365541,0.590426058,167.1,588.4
Hlx,5.416724441,-2.887522001,1.657055446,-1.742562089,0.081410137,0.590444373,2,15.9
Lrrc57,52.06652102,-1.102222726,0.632794779,-1.741832838,0.081537699,0.591064083,31,130.1
Tpm1,243.8725978,0.508735483,0.292139058,1.741415495,0.081610774,0.591288386,244.6,350.8
Selenon,95.15071786,-0.885536037,0.50861132,-1.741085978,0.081668509,0.591401369,66.9,220.1
Btaf1,177.1673529,0.533317744,0.306392219,1.740637361,0.081747164,0.591524775,147.5,265.6
Nicn1,3.097773662,4.28628461,2.462662916,1.740508042,0.081769849,0.591524775,7.7,5.1
Gm49774,2.378754107,4.585553735,2.636022445,1.739573099,0.081934006,0.591707731,12.2,4
Qrsl1,70.16673155,-0.881363314,0.506696111,-1.739431772,0.081958844,0.591707731,40.2,169.3
Rpl35,237.0497448,0.460104905,0.264411126,1.74011174,0.081839399,0.591707731,198.5,355.9
Zcchc24,54.19814548,1.514569849,0.87074088,1.739403631,0.08196379,0.591707731,72.8,41.7
Ergic2,159.424504,0.651661515,0.374816979,1.738612578,0.082102933,0.591714069,140.9,214.2
Gm11998,4.523889271,-3.121951641,1.795835174,-1.738439967,0.082133319,0.591714069,0.9,15.8
Lrch3,77.48418546,1.10401957,0.635013468,1.738576623,0.082109261,0.591714069,75,83
Qrich1,251.592979,0.570685177,0.32823891,1.738627443,0.082100316,0.591714069,219.5,371.8
Faim,183.5520789,0.393848339,0.226642075,1.737754732,0.08225404,0.592029784,150.4,285.2
Gm29093,29.78829337,2.052668302,1.181320889,1.737604339,0.082280555,0.592029784,34.4,21.1
Gm46436,3.831995742,-4.102584893,2.3612365,-1.737473096,0.082303699,0.592029784,0.2,14.4
Gm5626,2.32883562,4.156684452,2.39288865,1.737098987,0.0823697,0.59220101,5.4,0.4
Kcmf1,303.6022525,0.483692759,0.278503852,1.736754288,0.082430551,0.592335049,253.3,443.1
Prpf38a,134.7594081,-0.69037678,0.397626306,-1.736245236,0.082520482,0.592677811,88.9,287.6
Aak1,774.1006946,-0.29367675,0.169191944,-1.735760833,0.082606132,0.592887736,488.4,1523.2
Cldnd2,4.146010912,-2.101236508,1.211439133,-1.734496147,0.082830089,0.592887736,1.6,12.8
Dhx8,187.318394,0.617427998,0.355935353,1.73466331,0.082800459,0.592887736,147.4,257
Gm15464,2.292286803,3.463818117,1.996064553,1.735323696,0.082683487,0.592887736,2.8,3.4
Gm26764,53.57878012,1.527581168,0.880711054,1.734486199,0.082831852,0.592887736,54.8,47.6
Gm35363,2.658594725,-3.56048658,2.052654824,-1.734576383,0.082815866,0.592887736,0.2,8
Ung,100.3627714,0.924634862,0.533112174,1.734409582,0.082845436,0.592887736,122.1,123.3
Mtmr3,224.6326063,0.488614731,0.281771422,1.734081927,0.082903548,0.592984585,170.4,337.9
Rapgef4os3,4.674655487,4.241591329,2.44633298,1.733856905,0.082943476,0.592984585,9.3,0.8
AA543186,2.299515971,5.147701683,2.970337866,1.733035741,0.083089316,0.593120787,5.2,0.1
Postn,21.46260686,2.504764638,1.445220152,1.733137083,0.083071307,0.593120787,37.2,10.5
Ttc7b,34.43299859,1.609246136,0.928404905,1.733345147,0.083034341,0.593120787,39.4,30.4
Aoc2,18.16741994,2.113070856,1.220022225,1.731993739,0.083274677,0.593236964,12.5,10.9
Ap3b1,513.8921066,0.322357328,0.186066336,1.732486032,0.083187062,0.593236964,415,805.8
Cdc42,1641.67278,0.155483233,0.089770764,1.732003002,0.083273028,0.593236964,1356.2,2750.2
Cep170b,65.13004841,-1.066998586,0.615975713,-1.732208858,0.083236383,0.593236964,38.9,162.5
Zdhhc18,897.3728323,-0.28354745,0.163823937,-1.730805975,0.083486376,0.594443328,566.4,1765.7
Ppp4r3b,459.6164216,0.350345229,0.202601505,1.7292331,0.083767384,0.596141721,372.6,714.5
Crebbp,817.6311606,0.340402458,0.197066044,1.727352163,0.084104436,0.596724803,717.8,1259.8
Endod1,271.3323804,0.412155653,0.238595364,1.727425237,0.084091321,0.596724803,199.1,417.3
Myo1e,102.5324093,-0.971686747,0.562470224,-1.727534555,0.084071705,0.596724803,48.5,246.7
Riox2,12.25001693,-2.872818991,1.662105192,-1.728421886,0.083912614,0.596724803,3.3,38.3
Shmt2,197.4369629,0.59308295,0.343322164,1.727482269,0.084081087,0.596724803,188.8,274.9
Uckl1,113.361469,-0.60955223,0.35273839,-1.728057525,0.083977912,0.596724803,67.3,244.9
Gm20432,2.281801212,5.127058013,2.970534186,1.725971725,0.0843525,0.597665695,4.6,3.3
Mapre1,699.7710043,-0.208244575,0.120641569,-1.726142792,0.084321727,0.597665695,533.1,1338.7
Nsmce1,124.953167,0.669670624,0.38801167,1.725903306,0.08436481,0.597665695,112.3,164.8
Sec24b,161.534223,0.630616601,0.365565261,1.725045208,0.084519326,0.598458233,149.1,231.8
Ly6c1,34.44278488,1.48292055,0.860228515,1.723868163,0.084731646,0.599356814,55,32.2
Yeats4,213.8286595,0.379842053,0.220316101,1.724077594,0.084693836,0.599356814,176.3,317.5
Tpgs1,66.66371803,-0.829682873,0.481451708,-1.72329407,0.08483536,0.599788129,39,153.5
Mcat,28.79489934,-1.548904518,0.898957144,-1.723001511,0.084888252,0.599859882,14.2,72.8
Gm47121,3.734120299,-3.261821587,1.895031241,-1.721249505,0.085205558,0.599987356,0.5,10.5
Gm48624,11.09119038,-2.792664109,1.622276937,-1.721447211,0.085169703,0.599987356,3,34.4
Gm5491,16.48810297,2.921001037,1.695688281,1.722604956,0.084959988,0.599987356,14.8,6.2
Gm8292,29.02402112,1.29513938,0.752141504,1.721935796,0.08508115,0.599987356,27.9,30.4
Herpud1,93.21392108,0.74360078,0.431743844,1.722319355,0.085011683,0.599987356,86.6,123
Stk38,345.4430203,0.355434078,0.206416298,1.721928364,0.085082496,0.599987356,273.6,549.2
Zkscan1,103.1007656,0.80434616,0.467288672,1.721304642,0.085195558,0.599987356,96.8,133.9
Cmtm7,123.4326069,-0.62880413,0.365663231,-1.719626359,0.085500382,0.601226848,83.7,263.7
Kif22,82.39439743,-0.649808486,0.377889463,-1.719572914,0.085510103,0.601226848,49.4,181
Stxbp3,155.2247461,0.704626217,0.409751426,1.719643114,0.085497334,0.601226848,111.2,209.3
Ppp1r14b,143.8426523,0.601859878,0.350128351,1.718969277,0.085619966,0.601430646,129.3,201.5
Rpl18-ps1,13.60088995,-1.219799039,0.709621683,-1.718942738,0.085624799,0.601430646,12.1,31.7
Cdkn1b,617.9463976,0.362266722,0.21083897,1.718215198,0.08575737,0.602060499,462.5,948.4
6330549D23Rik,2.762178691,-4.290297916,2.499537941,-1.716436404,0.086082198,0.60223209,2.8,9.4
Ccdc86,60.87572541,-1.105481026,0.643998536,-1.716589345,0.086054231,0.60223209,43,140.6
Emc7,333.8566765,0.472369467,0.27511575,1.716984462,0.085982011,0.60223209,268,510.7
Gm11895,3.901968346,-3.500006171,2.038510374,-1.716943027,0.085989582,0.60223209,0.4,13.6
Gm15764,2.702675634,-4.260072697,2.481833787,-1.716502015,0.086070199,0.60223209,6.3,10.5
Gm37370,60.2908888,1.335049603,0.777490138,1.71712738,0.085955901,0.60223209,46.5,57.3
Ninj2,3.398059986,-2.76934035,1.61313988,-1.716739127,0.086026848,0.60223209,5.8,11.2
Dock5,153.8280501,-0.703472055,0.410059534,-1.715536399,0.086246928,0.602483517,105.8,345.3
Tmem218,44.58822496,1.33185723,0.776329553,1.715582286,0.086238523,0.602483517,45.6,46.7
Zfp369,95.20309191,0.554688975,0.323280811,1.715811633,0.086196524,0.602483517,75.9,137.5
1700056E22Rik,12.31624992,2.77796738,1.620595819,1.714164228,0.086498569,0.602743979,20.8,7.7
Arf1,409.8969988,-0.426795515,0.248947533,-1.714399455,0.086455389,0.602743979,296.5,831.3
Cdk13,594.1139121,0.401183066,0.234014663,1.71435012,0.086464443,0.602743979,474.4,908.9
Chst12,196.1429363,-0.481411156,0.280771869,-1.714598966,0.086418779,0.602743979,124.5,399.8
Svip,6.356558465,-3.402549729,1.984963798,-1.714162108,0.086498958,0.602743979,0.7,19.5
Ppp2r5c,668.3244997,-0.28050526,0.163728568,-1.713233454,0.086669599,0.603394671,409.3,1319.3
Tbc1d5,134.7149123,0.467571246,0.272924976,1.713185991,0.086678328,0.603394671,105.1,194.7
Nup160,74.11857131,1.000565603,0.584254504,1.712550945,0.086795185,0.603609327,89.1,89.4
Tef,82.54821248,0.749663723,0.437704087,1.712718125,0.086764409,0.603609327,73.4,109.9
Gga2,5.450563346,-2.717667715,1.588481364,-1.710859049,0.087107136,0.604580388,1.1,14.3
Lactb,90.17714563,0.816504383,0.477058047,1.711540948,0.086981299,0.604580388,86.8,111.3
Tomm70a,346.7711572,0.578901123,0.338315503,1.711127977,0.087057491,0.604580388,313.6,501.8
Uros,26.99349991,1.246942894,0.728794053,1.710967439,0.087087124,0.604580388,20.5,28.8
Cd101,52.43077541,-1.070867224,0.626094785,-1.71039154,0.087193494,0.604880623,28.5,134.5
Clint1,652.9367392,0.391438736,0.229139938,1.708295543,0.087581518,0.605456603,515.3,1003
Gm45534,11.65338898,-2.498929885,1.46265624,-1.708487487,0.087545926,0.605456603,4.9,33.4
Gpr132,388.2902683,0.495669194,0.289926533,1.709637227,0.087332977,0.605456603,329.3,572.4
Sec13,174.5029636,-0.372250451,0.217935131,-1.70807914,0.087621659,0.605456603,130.4,347.4
Sos1,150.4240005,0.44296226,0.259328509,1.708112469,0.087615476,0.605456603,116,232.4
Srsf10,343.1677954,0.364450958,0.213308654,1.708561518,0.087532202,0.605456603,295.7,533.4
Tra2b,907.7276917,0.30530119,0.178683915,1.708610369,0.087523147,0.605456603,771.5,1472.6
Traf3ip2,50.05865505,0.885370734,0.517973562,1.709297153,0.08739592,0.605456603,45.7,59.9
Parp10,311.8498267,0.481499221,0.281955163,1.707715563,0.087689133,0.605594912,254.4,477.2
Prpsap1,120.7344377,-0.748853872,0.438565791,-1.707506348,0.087727979,0.605594912,74.4,262.7
Ubp1,247.8991646,0.472111717,0.276550653,1.707143746,0.087795338,0.605761933,217,358.8
Nipal1,31.04698414,1.921377525,1.125746757,1.706758215,0.087867002,0.605958479,31.2,24.4
Gm7380,12.55908349,1.822018501,1.067768288,1.706380047,0.087937343,0.606145714,10.8,10.2
Gzme,99.57152694,-1.13035402,0.662541088,-1.706088936,0.087991522,0.606221415,40,223.6
Arid4b,887.5449683,0.364278894,0.213817931,1.703687299,0.088439522,0.606950663,656.9,1381.2
Atp6v1g2,31.61774137,1.199937623,0.704456015,1.703353506,0.088501933,0.606950663,30.7,35.1
Dym,125.8797121,0.486688612,0.285409839,1.705227173,0.088152064,0.606950663,103.2,188.7
Eif5a,1342.206364,0.252813489,0.148340577,1.704277373,0.08832928,0.606950663,1279.3,2175.3
Gm6934,16.02486856,3.132598904,1.837334425,1.704969363,0.088200139,0.606950663,15.3,7.2
Mcf2l,2.169605521,5.064530966,2.97114598,1.70457157,0.088274357,0.606950663,6.3,2.8
Nlrc5,1406.630198,-0.226654972,0.132967518,-1.704589023,0.0882711,0.606950663,922.8,2726.9
Psd4,564.604935,-0.366883131,0.215407598,-1.703204223,0.088529857,0.606950663,370.5,1128.5
Tug1,206.1605948,0.50667698,0.297469489,1.703290589,0.088513701,0.606950663,180.7,305.9
Zfp937,2.697000149,5.058573119,2.968577507,1.704039428,0.088373721,0.606950663,4.4,0.2
Atp5b,1306.125355,0.181627677,0.106693045,1.702338484,0.088691935,0.607182877,1095.1,2149.1
E330009J07Rik,121.1815603,-0.520860411,0.305969118,-1.702330007,0.088693523,0.607182877,72.4,257.6
Tpi1,398.7338815,-0.376137443,0.220926992,-1.702541818,0.088653846,0.607182877,297.3,807.8
Memo1,184.3437001,0.593957575,0.349063688,1.701573652,0.08883532,0.607857086,177,266.5
Gga3,87.42124739,-0.808357833,0.475460653,-1.700157159,0.089101368,0.609083586,61.2,202.8
Rps6kb2,125.8202118,0.761220914,0.447717362,1.700226479,0.089088333,0.609083586,124.9,164.2
Filip1,56.69727563,-1.657409214,0.974993925,-1.699917478,0.089146449,0.609095065,22.6,157
Brd2,1523.120386,-0.340031047,0.200103496,-1.699275896,0.089267212,0.609623384,1068.4,3059.2
Rpl23a-ps2,12.3099275,-1.841252145,1.08375959,-1.698948883,0.089328815,0.609747372,6,32.6
Zfp770,16.24303882,-1.755031871,1.033171761,-1.698683546,0.089378825,0.609792141,9,46.1
Cd48,789.3181954,-0.320903942,0.189195398,-1.69615088,0.08985731,0.611264814,531.7,1564
Gm45606,60.12390394,0.859347897,0.506558157,1.696444692,0.089801696,0.611264814,53.5,75.7
Mettl26,81.00735339,-0.8719811,0.514162858,-1.695923941,0.089900285,0.611264814,56.2,189.8
Ndfip1,1119.068526,-0.332547921,0.196091415,-1.695882105,0.089908209,0.611264814,767.2,2202
Prrc2a,101.2165875,0.643142169,0.379113238,1.696438173,0.08980293,0.611264814,78.1,137
Shprh,166.1037011,0.754054382,0.444497922,1.696418239,0.089806702,0.611264814,152.6,222.9
Slc43a2,103.1842218,0.48119464,0.283698676,1.696146936,0.089858057,0.611264814,91.3,146.8
Zfp395,10.50613543,1.951653926,1.150944428,1.695697792,0.089943127,0.611264814,9,8.6
Chd8,544.7810861,0.299840428,0.177091899,1.693134629,0.090429844,0.613338686,426.4,876.3
Ezh2,372.1259766,0.407583959,0.240741517,1.693035599,0.090448691,0.613338686,322.2,569
Gm20082,2.271452324,2.355832467,1.391569107,1.692932428,0.09046833,0.613338686,1.6,1.2
Ikbke,148.5541925,0.588069224,0.347412671,1.692710927,0.090510504,0.613338686,129.3,219.8
Prkcq,526.5060668,0.419172382,0.24763,1.692736671,0.090505602,0.613338686,416.9,794
Tmem87b,152.3220617,0.500567054,0.295709512,1.692766156,0.090499987,0.613338686,130.6,220.7
Pttg1,403.0458781,-0.290467288,0.171638783,-1.692317339,0.090585484,0.61355052,273,785.1
Thbs2,19.24209855,2.16957324,1.282273007,1.691974508,0.090650834,0.613696965,93.1,22.8
2610318N02Rik,25.26139974,-1.904247887,1.12574158,-1.691549749,0.090731855,0.6139493,7.3,69.5
Gpsm3,401.4793499,0.325903448,0.192704352,1.691209589,0.09079678,0.614092537,353.3,630.9
1700037C18Rik,4.079668662,-3.692887767,2.184316909,-1.690637358,0.090906085,0.614378123,6,12.8
Egf,21.14091661,2.516107049,1.489023759,1.689769578,0.091072046,0.614378123,16.9,9.4
Fubp1,976.3878369,0.315137286,0.186441133,1.69027768,0.090974843,0.614378123,740.3,1526.6
Gm20470,2.152167276,5.021025801,2.971587319,1.689678028,0.091089569,0.614378123,1.4,0.1
Gm45084,14.12234264,2.439244313,1.443213782,1.690147603,0.09099972,0.614378123,11.9,9
Ubxn4,531.3885771,0.285621913,0.16904558,1.6896148,0.091101673,0.614378123,432.7,845.2
AI506816,32.08577759,1.622165912,0.961300464,1.687470228,0.09151297,0.614537876,33,28.8
Amfr,221.9593825,-0.507827877,0.301069629,-1.68674562,0.091652276,0.614537876,156,466.3
C630004M23Rik,3.253325376,-4.526742813,2.684564426,-1.686211278,0.091755112,0.614537876,0,11.5
Cirbp,425.6537944,-0.385696309,0.228688796,-1.686555333,0.091688887,0.614537876,291.1,859.1
Dhrs4,39.37174466,-1.321724587,0.783520164,-1.686905644,0.091621497,0.614537876,21.4,111.1
E230020A03Rik,6.004805944,-3.290606817,1.951642353,-1.686070612,0.0917822,0.614537876,0.7,18.9
Gm22107,49.42031844,1.446498705,0.857891451,1.686109242,0.09177476,0.614537876,57.3,50.7
Gm2467,2.159000255,-2.312107446,1.369625613,-1.688130993,0.091386086,0.614537876,0.4,5.8
Gm6283,2.51097545,2.047933561,1.212850838,1.688528793,0.091309767,0.614537876,3.4,1.7
Hist1h3a,9.847417501,-2.373095005,1.405219043,-1.688772307,0.091263073,0.614537876,3.3,26.9
Map3k4,130.8989589,0.647737829,0.383806655,1.687667009,0.091475168,0.614537876,96.5,177.7
Oaz2,32.40879338,1.076304775,0.637491498,1.688343734,0.091345265,0.614537876,30.5,35.2
Rtl8b,38.10160982,-1.350332384,0.800636054,-1.686574538,0.091685191,0.614537876,25,102.7
Sult6b1,3.161571628,-4.103224384,2.432035785,-1.687156254,0.091573311,0.614537876,0.1,13.1
Tulp3,34.58252594,1.864113504,1.105023238,1.68694507,0.091613915,0.614537876,37.6,25.9
D430040D24Rik,2.536636862,4.345166793,2.577479668,1.685820008,0.091830473,0.614567886,2.4,2.9
Grb7,16.59096597,-1.466457693,0.870308954,-1.684985183,0.09199143,0.615351636,8.1,41.7
Xpo4,139.1036621,-0.753625329,0.447419085,-1.684383511,0.092107575,0.615835022,85.5,308.6
Gimap6,1734.489638,0.270449505,0.160625227,1.683729944,0.092233872,0.616385788,1356,2819
Dyrk2,326.6154949,0.27980757,0.166293895,1.682608793,0.092450848,0.617456238,273.1,530.6
Enpp2,16.74960246,2.429224727,1.44386338,1.682447772,0.092482044,0.617456238,44.1,10
5430434F05Rik,16.08964705,1.863868058,1.10899079,1.680688491,0.092823437,0.618137964,17,13.3
Ddb2,13.01309846,2.7912816,1.660002263,1.681492648,0.092667263,0.618137964,10.2,6.8
Pip4k2c,143.3001744,-0.975468877,0.580329808,-1.680887082,0.09278485,0.618137964,100,338.8
Plod1,38.06577816,1.497578378,0.891118706,1.680559916,0.092848427,0.618137964,51,32.5
Rbm4,43.16802517,1.573074739,0.935686058,1.681199293,0.092724211,0.618137964,28.7,39
Tmtc2,3.907478787,4.954366445,2.947092322,1.681103238,0.092742864,0.618137964,6,0.4
Mlh3,51.64147442,1.604649537,0.955192147,1.679923293,0.092972241,0.618275549,38.8,45.2
Snord118,51.47734528,1.02816355,0.611946351,1.680153086,0.092927534,0.618275549,44,60.4
Top3a,26.93495762,-1.29315027,0.769835781,-1.679774183,0.09300126,0.618275549,16.9,68
Dmrta1,30.72541056,2.203837931,1.312576309,1.679016996,0.093148731,0.618962735,26.9,19.4
Gls2,2.05523301,4.988665917,2.971924194,1.678597969,0.093230423,0.618983901,10.8,0.1
Jund,821.1182411,0.31437302,0.187288646,1.678548202,0.093240129,0.618983901,607.6,1317.1
Bbx,343.7317751,0.436690927,0.260283028,1.677754136,0.093395106,0.619307881,288.2,518.6
Ndufs8,238.703196,0.613395225,0.365634202,1.677619935,0.093421319,0.619307881,233.8,335.8
Uba7,239.7286379,-0.456868066,0.272277461,-1.677950368,0.093356789,0.619307881,152.3,504.8
Lpar1,2.062901218,4.984513589,2.971967961,1.677176084,0.093508054,0.619590195,25,2.4
Celsr1,111.4489614,0.603871511,0.3601325,1.676803708,0.093580873,0.619780068,85.5,154
Lima1,14.39330834,2.422664243,1.445243982,1.676301216,0.093679207,0.620138675,26.9,8.2
Erp29,345.4174581,0.430140125,0.25676728,1.675213935,0.093892265,0.62125603,353.5,503.8
Prelid2,71.63087382,-0.829382718,0.495161264,-1.674974959,0.093939145,0.621273308,43.6,159.9
1700062C10Rik,14.92667646,2.954914942,1.76513369,1.674045971,0.094121565,0.621416142,12.6,5.7
Csrnp2,36.09794884,-1.26581676,0.756092799,-1.674155292,0.094100083,0.621416142,16.8,89.5
Nap1l5,3.166829914,-4.090267634,2.443792332,-1.673737814,0.094182139,0.621416142,0.1,10.9
Oxnad1,20.36721181,-1.6082593,0.960419466,-1.674538426,0.094024829,0.621416142,10.8,57.4
Sorbs1,41.64407529,-1.254432453,0.74941876,-1.673873834,0.094155398,0.621416142,21.4,108.8
Fam210b,54.62521746,1.104014556,0.659732535,1.673427483,0.094243171,0.621526628,59.3,59.2
Aagab,132.6709561,0.707796578,0.423284557,1.672153084,0.094494139,0.621566504,144.6,184.7
Fancf,33.33476748,-1.23607838,0.739685671,-1.671086015,0.094704689,0.621566504,21.4,79.5
Gatd3a,153.4330451,-0.632895843,0.378613982,-1.671612443,0.094600769,0.621566504,99.1,339.6
Gm10268,4.693589264,-1.595237047,0.954233308,-1.671747395,0.094574144,0.621566504,1.6,12.3
Ints4,110.4499064,1.076287365,0.64341154,1.672782191,0.094370182,0.621566504,94.9,135.8
Oxsr1,293.9932437,-0.494374645,0.295539681,-1.672786013,0.094369429,0.621566504,197.7,613
Ppib,30.45767533,0.975252417,0.583081932,1.672582125,0.094409588,0.621566504,32.1,37.9
Rpl38-ps1,13.28531376,1.427025154,0.853928985,1.671128605,0.094696278,0.621566504,14.6,14.5
Rps12-ps2,3.76696368,-2.108328717,1.261411262,-1.671404705,0.094641767,0.621566504,5.4,10.9
Slc46a3,30.28854968,-1.363165706,0.815814807,-1.670925428,0.094736408,0.621566504,16.4,78.6
Trappc1,201.0053626,-0.446341275,0.267112182,-1.670988092,0.09472403,0.621566504,154.6,401.3
Phtf1os,12.1172361,3.10992286,1.862175991,1.67004777,0.094909913,0.622413886,19.1,4.5
Hspa14,196.5052691,-0.853744355,0.51136046,-1.669554888,0.095007462,0.62247186,134.2,452.2
Kif20b,153.7711303,0.825505089,0.494414691,1.669661326,0.094986389,0.62247186,150.7,202
Smyd3,266.3258064,0.400830953,0.240115036,1.669328833,0.095052229,0.62247456,205,412.8
Flywch1,62.94634585,-1.084757544,0.649908637,-1.669092365,0.095099076,0.622490875,36.8,148.1
Ptgfrn,58.11248993,1.340285856,0.803247611,1.668583681,0.095199915,0.622860425,78.5,55.9
Gm4761,4.16512409,2.382955416,1.428390929,1.668279577,0.09526024,0.622964683,11.7,6.6
1500004A13Rik,19.75217162,-2.40768311,1.443619578,-1.667809959,0.095353458,0.623034621,10.3,62.9
Lpxn,523.9986906,-0.31907876,0.191319638,-1.667778406,0.095359724,0.623034621,344,1016.3
Gm47941,3.413064576,-3.433941443,2.059664858,-1.667233108,0.095468062,0.623452201,0.4,12.5
2310031A07Rik,22.4815526,-1.337956326,0.80291577,-1.66637196,0.095639352,0.623522569,13.4,53.1
Clcn3,500.0011745,0.338951609,0.203413107,1.666321378,0.095649421,0.623522569,402,773.5
Col6a2,66.47865962,1.426447103,0.856158377,1.666101905,0.095693119,0.623522569,129.2,58
Poln,3.07248536,-3.80430282,2.283258498,-1.666172631,0.095679036,0.623522569,0.2,10.6
Rnf135,15.74646453,-1.93139431,1.159256878,-1.666062411,0.095700984,0.623522569,8.8,44.9
Zfp300,7.788522872,-3.470246424,2.083625681,-1.665484571,0.095816119,0.623983024,1.2,25.7
Fam53b,222.3053798,0.454235118,0.272797796,1.665098192,0.095893167,0.624195135,194.5,324.1
Wasl,177.0078523,0.511674689,0.30739129,1.664571199,0.095998335,0.624590004,167.5,273.4
Gm20008,24.4090617,1.767302538,1.061863487,1.664340623,0.096044379,0.624600004,20.8,19.3
Ric8a,142.9745211,-0.607252625,0.365202599,-1.662782867,0.096355907,0.626335713,95.2,300.5
Actr5,97.82329578,-0.667173433,0.401554859,-1.661475183,0.096618049,0.626659977,66.6,211.2
Fads3,11.23500621,3.12536571,1.88205706,1.66061156,0.096791486,0.626659977,24.2,3.9
Fkbp15,240.2317036,0.458258894,0.275709181,1.662109665,0.096490788,0.626659977,208.8,360.7
Gm37352,33.81911071,1.034446368,0.622918015,1.660646094,0.096784546,0.626659977,28.4,38.4
Imp4,130.7232943,-0.56833008,0.342314304,-1.660258052,0.096862551,0.626659977,83.4,277.8
Lyst,844.5943564,0.317774416,0.191208038,1.661930217,0.096526767,0.626659977,601.1,1339.2
Pwp1,75.20872822,0.845023218,0.509023489,1.660086883,0.096896975,0.626659977,65.9,101.7
Rabggta,102.1890926,-0.729180048,0.439204949,-1.660227305,0.096868734,0.626659977,67.1,231.7
Tmem243,172.221407,0.469041835,0.282386662,1.660991463,0.096715161,0.626659977,167.8,259.2
Tob2,890.6430234,0.29927219,0.180125508,1.661464798,0.096620133,0.626659977,669.6,1409.9
Zfp146,33.17447799,1.740610538,1.048393545,1.660264456,0.096861263,0.626659977,40.3,31.9
Cks1b,102.0313936,-0.923512707,0.556552578,-1.659344944,0.097046304,0.626762968,68.3,241.5
Gm47057,6.173993331,1.512626434,0.911582039,1.659342076,0.097046881,0.626762968,11,10.1
Lck,2160.948327,-0.239046308,0.144033755,-1.659654764,0.096983925,0.626762968,1499.8,4216
2610301B20Rik,37.12730454,1.485751738,0.895996301,1.65821191,0.097274702,0.627851279,36.3,36
Myadm,100.6521621,0.945008639,0.569947566,1.658062416,0.097304869,0.627851279,99.9,120.1
Extl3,187.9945791,-0.481181318,0.290536318,-1.656183024,0.09768476,0.628856845,127.2,386.1
Gm17586,4.012880165,-4.829085509,2.915759855,-1.656201385,0.097681043,0.628856845,11.1,13.8
Gm5069,3.579000854,-2.406874871,1.452695841,-1.656833318,0.097553179,0.628856845,8.5,10.1
Sirt1,149.0916838,0.755083932,0.455810989,1.65657246,0.097605944,0.628856845,125.8,201.8
Tmem258,613.1206164,-0.435992065,0.263213971,-1.656416881,0.097637425,0.628856845,490.2,1243.5
Ctla2a,1022.391062,0.258516943,0.156206551,1.65496864,0.097930859,0.629286483,851.6,1692.4
Gm5445,5.636552884,-1.535981199,0.928056999,-1.655050498,0.097914255,0.629286483,2.1,13.2
Mroh2a,12.51166983,-1.92336968,1.161814302,-1.655488038,0.097825541,0.629286483,4.9,37.8
Zfp157,61.40705834,-1.064750491,0.643263382,-1.655232555,0.097877334,0.629286483,27.3,144.1
Adam9,90.48330259,0.841434229,0.509425467,1.651731772,0.098589243,0.629576889,103.7,119.8
Aldoa,2619.936999,-0.274188168,0.165817208,-1.653556776,0.098217601,0.629576889,2078.1,5127.7
Atg4d,58.84500571,0.929426502,0.563046542,1.650709902,0.098797825,0.629576889,54.5,74
B130021K23Rik,263.5068999,-0.522704989,0.316378431,-1.652151152,0.098503742,0.629576889,147.4,536.1
C130083A15Rik,51.03313237,-1.074012142,0.650525505,-1.650991596,0.098740291,0.629576889,27.3,121
Ccdc186,118.6761232,-0.768333538,0.465332664,-1.651148945,0.098708165,0.629576889,74.5,253.2
Ccn2,3.137437404,-4.474137859,2.710139411,-1.650888453,0.098761354,0.629576889,5.2,11
Chrnb2,12.82194206,3.117918992,1.887704876,1.65169833,0.098596063,0.629576889,13.2,13.4
Clic5,3.210709109,-4.50750243,2.726865352,-1.652997801,0.098331311,0.629576889,0,11
Ddx21,690.2356087,0.289809466,0.175174673,1.654402781,0.098045702,0.629576889,646.7,1086.1
Gfi1,120.7689273,-0.786939606,0.476716573,-1.650749418,0.098789752,0.629576889,71.3,265.6
Gm47483,33.91057634,-1.348869021,0.817328174,-1.650339562,0.098873505,0.629576889,18.4,80.3
Gm48357,3.059134082,-4.439049663,2.687308256,-1.651857264,0.098563652,0.629576889,0,12.8
Nek7,512.2968693,0.28930208,0.175060259,1.652585694,0.098415212,0.629576889,419.4,805.1
Pgbd1,7.440451064,3.712466369,2.246318235,1.652689414,0.09839409,0.629576889,11.8,1.8
Sbno1,1239.844529,0.22733725,0.137628649,1.651816335,0.098571998,0.629576889,976.8,2002.7
Sdf2l1,240.1496262,-0.462078214,0.280026817,-1.650121294,0.09891813,0.629576889,194.2,506.7
Syde1,3.159811878,3.369189692,2.037942335,1.653231121,0.098283835,0.629576889,7.1,1
Tnfrsf4,322.9419962,-0.57015964,0.345438708,-1.650537782,0.098832992,0.629576889,202.7,685.6
Zdhhc21,371.5569146,-0.336809183,0.203694667,-1.653500247,0.098229096,0.629576889,250.6,725.3
Zfp444,55.98562758,-0.876208435,0.529924341,-1.653459496,0.098237383,0.629576889,38.8,131.3
Ass1,11.22224143,2.442429344,1.481503392,1.648615425,0.099226447,0.630966901,14.8,5.6
Gabrr1,3.095260616,-4.454872325,2.701872163,-1.648809439,0.099186681,0.630966901,0,11.9
Gm15559,3.111935331,-4.461639679,2.706689933,-1.648374875,0.099275769,0.630994627,0,9.8
Dock11,324.4266873,0.446126015,0.270695938,1.648070595,0.099338186,0.631105521,256.4,493.4
Lyrm7,26.9956578,-1.62783114,0.988062989,-1.647497334,0.099455864,0.631281588,17,76
Socs5,23.18390953,-1.615207326,0.980336158,-1.647605582,0.099433634,0.631281588,13.8,64.3
A530088E08Rik,40.56014281,-1.206929222,0.73288474,-1.646819964,0.099595057,0.631879306,27.8,104
1-Sep,314.9994608,0.381770096,0.231986603,1.64565579,0.099834646,0.633113159,255.8,484.8
Ccr10,2.228060769,4.778807701,2.906793288,1.644013601,0.100173393,0.634521022,2,0.2
Ptar1,145.4400934,0.557942284,0.339366086,1.644072013,0.100161328,0.634521022,109.8,205.5
Tm4sf5,2.195439926,-3.445822478,2.096098363,-1.643922126,0.100192289,0.634521022,0.2,7.2
Stard4,191.0907003,-0.620327878,0.377404207,-1.64366975,0.100244438,0.634564925,127.5,421.6
Gm4613,5.226170593,-1.753251676,1.066862537,-1.643371676,0.100306057,0.63466871,2.1,14
mt-Tn,55.82064012,1.272931168,0.77532598,1.641801257,0.100631198,0.636439044,45.7,59.7
Ankrd10,324.140437,-0.340761817,0.207589891,-1.641514504,0.100690659,0.636528246,220.1,662.7
Polh,76.38810089,1.028863966,0.627437345,1.639787579,0.101049342,0.638508087,86.4,90
Kdm3a,283.7409705,0.429792522,0.262200356,1.639175963,0.101176618,0.63873714,252.1,432.6
mt-Tm,11.91083124,3.062790358,1.868251951,1.639388283,0.10113242,0.63873714,16.2,4.4
Ubr2,645.1438663,0.384019626,0.234321883,1.638855156,0.101243429,0.638871529,492.9,967.1
Cdr2l,12.10198264,2.787006458,1.701564474,1.637908231,0.101440839,0.639829541,25.3,4.5
Serpina3f,197.4506257,-0.678299906,0.41420238,-1.637605043,0.10150411,0.639941009,113,417.6
Abcb9,325.3128241,-0.484992603,0.296227322,-1.637231161,0.101582178,0.640145617,215.9,673.8
Gm37070,2.042118966,-3.169522158,1.9369639,-1.636335173,0.101769459,0.640175967,0.2,7.4
Pou5f2,100.1723091,-0.800987392,0.489426763,-1.63658274,0.101717684,0.640175967,68.8,218.4
Smim15,221.0035861,0.505640153,0.308935772,1.636716106,0.101689802,0.640175967,198.4,331.2
Taf11,115.0509449,-0.70428054,0.43039285,-1.636366729,0.101762858,0.640175967,77.3,251.7
Gm38394,7.956266995,3.644071652,2.227316915,1.636081344,0.101822564,0.640223058,9.7,2
Gm44249,3.095011377,-4.452798211,2.722372255,-1.635631646,0.101916703,0.640527994,0,9.3
Apbb3,59.43272554,0.936198733,0.572643527,1.634871763,0.102075933,0.641241559,54.3,70.6
C230024C17Rik,17.93730544,-2.006290091,1.227607746,-1.634308759,0.102194035,0.64155195,5.8,56.6
Gbp8,438.6866942,-0.324782824,0.198763816,-1.634013825,0.102255948,0.64155195,266.9,851.4
Ripor2,228.828378,0.600234737,0.367347279,1.633970826,0.102264976,0.64155195,205.3,328.1
Slk,603.6701271,0.389085862,0.23815289,1.633765024,0.102308199,0.64155195,440.4,922.7
4930552P12Rik,3.632649527,-3.64027749,2.228503719,-1.633507479,0.102362309,0.641604576,0.3,14.3
4-Sep,5.722577383,-2.884596915,1.767601124,-1.631927518,0.102694756,0.642054509,1.7,17.9
Atp9a,4.061356485,-2.703504973,1.656273841,-1.632281394,0.102620221,0.642054509,1.6,13.7
Chd1,600.8459265,0.374835532,0.229735907,1.631593145,0.102765223,0.642054509,450.3,909.5
Enpp1,63.29209362,-1.188258824,0.72869746,-1.630661407,0.102961784,0.642054509,28.5,151.8
Foxd2,18.18436605,1.709208348,1.047705071,1.6313831,0.102809509,0.642054509,18.2,14.5
Gata2,2.937764644,-4.098912518,2.513247328,-1.630922859,0.102906598,0.642054509,0.1,11.1
Nup43,23.72013871,-1.36600988,0.837348531,-1.631351617,0.102816148,0.642054509,14.7,57.8
Polr1e,48.57640137,1.05588818,0.647087745,1.631754252,0.102731266,0.642054509,56.1,54.6
Prmt3,141.6648704,0.564034122,0.345649577,1.631809092,0.102719709,0.642054509,143.8,205.4
Slc38a2,1546.711086,0.312187323,0.191393595,1.631127328,0.102863455,0.642054509,1254,2461.2
Snx6,246.6138461,0.370510607,0.227228986,1.630560493,0.102983091,0.642054509,214.1,369.6
Xrcc5,125.4441091,0.511739296,0.313555684,1.632052365,0.102668455,0.642054509,111.2,182.9
Exoc3,283.0674049,0.529688546,0.32534496,1.628082836,0.103507322,0.642316229,230.7,405.8
Gm14586,18.96240899,1.06590171,0.654089654,1.629595733,0.103186967,0.642316229,17.4,20.8
Gm42522,4.663895782,-3.016155926,1.851830635,-1.62874286,0.103367465,0.642316229,0.5,14.3
Gm7143,3.242716552,-1.88323787,1.156293242,-1.628685356,0.103379644,0.642316229,1.5,9.8
Irak4,134.7778501,-0.648978937,0.398391934,-1.628996176,0.103313828,0.642316229,76.2,295.9
Matn2,54.61548143,1.766047494,1.084807192,1.627982841,0.103528524,0.642316229,112,42.1
Mturn,56.92107238,1.242475669,0.762235944,1.630040776,0.103092879,0.642316229,41.4,56.7
Nup62,156.8898626,-0.650744797,0.399679134,-1.628168051,0.103489257,0.642316229,95.9,338.2
Oxr1,159.8910735,0.619891755,0.380461762,1.629314209,0.10324652,0.642316229,132.2,215
Pprc1,97.49508531,0.842786571,0.51752866,1.628482896,0.103422533,0.642316229,88,124
Rpn1,366.9322913,0.442255518,0.271413168,1.629454901,0.103216755,0.642316229,362.3,547
Bscl2,337.5366669,-0.417468938,0.256512357,-1.627480808,0.103635021,0.642692837,213.9,673.4
9930111J21Rik1,3.010530113,-4.414501762,2.715541364,-1.625643351,0.104025548,0.642973005,0,10.2
Ambra1,144.8105275,-0.821184955,0.505056245,-1.625927733,0.10396503,0.642973005,90.6,313.2
Gfpt1,377.7480127,-0.282051346,0.173511985,-1.625543881,0.104046722,0.642973005,274.3,738.3
Gng11,75.0797356,1.17159151,0.720325779,1.626474498,0.103848754,0.642973005,118.1,77
Nsmaf,567.0746512,-0.392645479,0.241379907,-1.62667011,0.10380718,0.642973005,322.3,1150.3
Pom121,32.92921446,-1.477861314,0.908405419,-1.626874171,0.103763825,0.642973005,15.1,80.1
Tmem39b,11.28877166,1.662622236,1.022340393,1.626290273,0.10388792,0.642973005,13.3,10.1
Tmem42,58.35109546,1.193458968,0.734147629,1.625638933,0.104026488,0.642973005,50.8,61.2
Cma1,21.10173938,2.354117728,1.448936664,1.624720932,0.104222035,0.642976895,21.4,11.7
Dhx58,138.0550316,-0.689071531,0.424178697,-1.624484056,0.104272541,0.642976895,92.5,302.1
Gm16725,3.986894936,-4.328898938,2.664350421,-1.624748345,0.104216191,0.642976895,0.2,13.2
Gm25862,3.012383246,-4.414985436,2.719604282,-1.623392589,0.104505508,0.642976895,0,9.9
Gm4017,30.06041864,-1.922515155,1.183889781,-1.623897076,0.104397777,0.642976895,9.7,83.3
Gm6525,3.215225135,-4.123588815,2.539741036,-1.623625699,0.104455717,0.642976895,0.1,8.2
Klra17,9.994769826,2.266132856,1.395674877,1.623682488,0.10444359,0.642976895,17,6
Lgalsl,57.87386212,-1.282502306,0.789880541,-1.623666161,0.104447077,0.642976895,41.1,142.1
Map3k11,113.3122118,-0.783549213,0.482482006,-1.623996755,0.104376501,0.642976895,63.8,252.7
Tdrp,31.62864612,1.452696688,0.894797697,1.623491761,0.104484323,0.642976895,36.3,31.2
Cul1,260.0732168,0.413884479,0.255122157,1.622299228,0.104739294,0.643063306,200.2,389.9
Fam71e1,2.144110913,4.746346479,2.92589534,1.622186007,0.104763527,0.643063306,4.8,2.8
Gm33104,76.01258294,-0.852234706,0.525598741,-1.621455001,0.104920093,0.643063306,42.3,165.9
Lsm6,195.7519448,-0.427383642,0.263471424,-1.622125221,0.104776539,0.643063306,130.9,398
Ly9,51.53830039,1.014439862,0.625327712,1.622253167,0.104749152,0.643063306,56.2,65
Ppp2r5a,356.4330631,0.348634012,0.214999191,1.621559646,0.104897669,0.643063306,315.9,553.5
Rpl17,24.75068807,-0.944473588,0.582505102,-1.621399682,0.104931949,0.643063306,16.3,58.8
Spata7,18.85861426,2.069163475,1.274879461,1.623026756,0.104583685,0.643063306,20,12
Ubtd2,19.80700646,2.561064336,1.578969028,1.621985163,0.104806525,0.643063306,17.2,10.5
Cdkn2c,103.1256359,-0.639502458,0.394674361,-1.62032937,0.105161543,0.643299092,65.8,217.8
Cyba,722.2915082,-0.266680636,0.164564162,-1.620526809,0.10511916,0.643299092,516.1,1397.5
Fyco1,323.3981539,0.417686357,0.257846118,1.619905545,0.105252568,0.643299092,229.8,492.9
Lrp12,11.77574209,2.599540599,1.60492681,1.619725325,0.105291294,0.643299092,19.1,6.6
Sdc1,14.27553282,3.02745603,1.868345715,1.620393916,0.105147686,0.643299092,12.7,4.8
Tbc1d2b,290.120975,-0.413746038,0.255372297,-1.620168056,0.105196181,0.643299092,181.4,588.7
Zfp825,22.95835105,-1.685652714,1.040528258,-1.619997056,0.105232909,0.643299092,13.5,60.9
Zap70,907.595786,-0.313690258,0.193713683,-1.619350031,0.105371972,0.643511859,590.2,1777.9
Caprin2,43.19216711,1.4057892,0.868456664,1.618721185,0.105507267,0.644057842,38.3,38.3
D430001F17Rik,3.849718693,-3.960296958,2.449259833,-1.616936229,0.105892047,0.644224767,4.3,12.5
Dcaf8,332.2781425,0.348303669,0.2154157,1.61689083,0.105901848,0.644224767,248.9,516.1
Gm10382,6.745197872,3.699017349,2.286986752,1.617419666,0.105787723,0.644224767,8.5,1.7
Gm12846,2.266041201,4.805837281,2.970850727,1.617663667,0.1057351,0.644224767,11.5,0.2
Gm15008,3.376163748,-3.914635499,2.419618043,-1.61787333,0.105689899,0.644224767,0.2,11.1
Gm17087,3.026914428,-2.756847865,1.704997111,-1.616922309,0.105895052,0.644224767,0.9,9.4
Gpr68,459.1558477,-0.527289422,0.325867468,-1.618110043,0.105638885,0.644224767,293.4,984.6
Sel1l,379.3536055,0.452897595,0.280047134,1.617219174,0.105830979,0.644224767,300.5,562.8
Cnot4,381.8895128,0.40847971,0.252891122,1.615239421,0.106258857,0.645858282,280.5,600.9
Ndufa11,252.3734522,-0.502190395,0.31091088,-1.61522297,0.106262418,0.645858282,167,531.9
Tepsin,36.2768609,-1.211014296,0.750066161,-1.614543301,0.106409633,0.646308157,21.4,94
Tnks2,763.699263,0.212766084,0.131788093,1.614456055,0.106428542,0.646308157,620,1254.4
Gm9796,3.67088409,-4.343615809,2.69135505,-1.61391408,0.106546064,0.646741983,0.1,10.5
E230034D01Rik,154.2407664,0.500386913,0.310179929,1.613214994,0.106697807,0.646784115,122.3,231.1
Htr2b,3.043586569,-4.431023904,2.746819793,-1.613146925,0.106712591,0.646784115,0,11.6
Klf12,3.645877453,-4.334044505,2.686032667,-1.613548695,0.106625353,0.646784115,0.1,11.8
Timd4,3.009918155,-4.413616873,2.736222417,-1.613032934,0.106737353,0.646784115,0,9.7
Atg16l2,247.1256243,-0.479833542,0.298196635,-1.609117896,0.107590565,0.646995159,145.1,499
Dck,71.62803027,-1.048105821,0.651525234,-1.608695667,0.107682904,0.646995159,37.5,163.3
Dnajb6,320.1793833,0.43344755,0.269351762,1.609224854,0.107567184,0.646995159,240.8,471.1
Ftsj3,185.1954648,0.695795594,0.431774652,1.61147856,0.107075457,0.646995159,142.8,242
Gm3355,29.17640407,1.186919068,0.737678023,1.608993396,0.107617786,0.646995159,33.1,30.3
Gm39822,2.000541145,-3.438607474,2.13765915,-1.608585482,0.107707011,0.646995159,0.1,7.1
Gm42141,2.727068467,4.774785828,2.96853844,1.608463533,0.107733697,0.646995159,13.4,0.3
Gm47000,3.749545193,-4.73258827,2.943253765,-1.607944353,0.107847367,0.646995159,0,17.1
Herc1,698.1742949,0.319705437,0.198511072,1.610516904,0.107285058,0.646995159,537.4,1090.5
Jph3,3.805531816,-4.752682331,2.949621641,-1.611285415,0.107117528,0.646995159,0,14.5
Mxd1,700.3350688,-0.366732013,0.227902156,-1.6091643,0.10758042,0.646995159,437,1452.1
n-R5s27,2.174277376,4.777064592,2.971135289,1.607824662,0.107873586,0.646995159,17.9,0.2
Nsfl1c,154.988687,-0.727648167,0.452001045,-1.609837354,0.107433368,0.646995159,110.2,337.2
Pcf11,524.0163803,0.348321681,0.216151915,1.611467016,0.107077971,0.646995159,415.5,854.1
Pdgfb,178.204761,-0.419037554,0.260537214,-1.608359691,0.107756425,0.646995159,115.5,354.2
Pdss2,35.1940121,1.590999386,0.989633056,1.607665969,0.107908356,0.646995159,41.3,33.7
Psmd13,125.7942191,-0.468056451,0.290387561,-1.611833677,0.106998138,0.646995159,91.7,256.4
Rbbp8,245.2097472,0.520514547,0.323785383,1.607591247,0.10792473,0.646995159,186.8,360.5
Sin3a,246.2558781,0.564148461,0.349919785,1.612222248,0.106913586,0.646995159,193.6,347.4
Taf1d,412.6740303,0.282212706,0.175514313,1.607918471,0.107853036,0.646995159,348.9,672.6
Tnfsf18,3.776703271,-4.741826364,2.948638331,-1.608141058,0.107804289,0.646995159,0,13.7
Uap1l1,49.49589597,-0.844524214,0.525275054,-1.607775218,0.107884418,0.646995159,28.6,106.9
Zdhhc1,18.04887634,2.037655794,1.266182845,1.609290318,0.107552875,0.646995159,18.2,14.1
Zeb2,367.7686647,0.493790089,0.306235244,1.612453495,0.106863292,0.646995159,322,518.5
Zxdc,96.51967373,0.658761311,0.409692802,1.607939675,0.107848391,0.646995159,74.6,129.4
Gm6807,2.270780842,2.680427952,1.667674501,1.607284845,0.107991897,0.647121385,9.1,1.3
Dock10,1507.200622,0.28522466,0.177520693,1.606712183,0.10811752,0.647597641,1168.4,2378.6
Gnpda2,75.02810695,-1.130872121,0.704249906,-1.605782423,0.108321724,0.647714987,29.5,185.2
Psph,109.7572503,-0.778839571,0.484949852,-1.606020845,0.10826933,0.647714987,71.4,241.5
Serpinh1,124.2616411,1.469666721,0.914904446,1.606360891,0.108194639,0.647714987,245.9,112.3
Slfn8,344.167844,0.341969455,0.21295763,1.605809831,0.1083157,0.647714987,257.4,533.5
Gm20696,18.67991331,2.025105983,1.261602211,1.605185822,0.108452917,0.648223268,25.6,11.6
Klhdc4,109.0027054,0.689439051,0.429684214,1.60452497,0.108598385,0.648816404,89.4,151.5
Manba,51.04934921,-1.209075227,0.753803975,-1.603965045,0.108721758,0.649179099,25.2,126
Uhmk1,419.118708,0.28818799,0.179687407,1.603829647,0.108751608,0.649179099,354.7,663.9
Gm48254,18.20957498,2.3787216,1.483437395,1.603520046,0.108819887,0.649310499,15.9,11.3
Aasdhppt,54.87074287,1.154083446,0.720133569,1.602596373,0.109023795,0.649438689,72.7,62.5
Camk2n1,366.3854208,-0.430407749,0.268676359,-1.601956164,0.109165303,0.649438689,231.4,766.9
D430013B06Rik,63.48988334,1.00720218,0.628546466,1.602430742,0.109060391,0.649438689,58,75.7
Edem1,533.2675906,-0.267348224,0.166829489,-1.602523783,0.109039833,0.649438689,410.6,1035.9
Trbj1-3,2.391423873,-4.080513273,2.545951751,-1.602745721,0.108990805,0.649438689,0,7.2
Utp20,119.9375001,0.819008778,0.511250295,1.601972236,0.109161749,0.649438689,92.5,153.9
Zmpste24,167.6757496,0.59287496,0.370087917,1.601984106,0.109159124,0.649438689,149.7,238.7
Paqr3,47.11870838,0.968822634,0.604959121,1.601467934,0.109273317,0.649805817,44.9,57.3
Bahd1,52.5785501,0.689421906,0.430562669,1.601211523,0.109330078,0.649867983,52.9,71.7
Caskin2,9.224025402,-2.387904563,1.492113205,-1.600350801,0.109520783,0.649900493,4.3,26.1
Entpd6,61.28159605,-0.987528173,0.61704339,-1.600419337,0.109505588,0.649900493,36.6,146.4
Golga4,671.7769503,0.32024273,0.200055522,1.600769257,0.109428035,0.649900493,531.3,1045.1
Rrm2b,70.33582208,1.241924505,0.775957719,1.60050538,0.109486514,0.649900493,52.3,77
Hif1an,127.6398577,-0.598184487,0.373841437,-1.600102149,0.109575924,0.649952883,90.3,275.4
Ammecr1,115.246935,0.915388826,0.573275434,1.59676967,0.110317059,0.651594952,123,146.4
Bzw1,350.7919208,0.331102767,0.207262648,1.597503314,0.110153559,0.651594952,314.9,549
Celf2,3153.928064,-0.166083071,0.103964054,-1.597504755,0.110153239,0.651594952,2235.8,5999.1
Gm11972,7.02384474,-1.025582159,0.641632366,-1.5983953,0.10995503,0.651594952,3.9,16.4
H2afv,464.2478614,-0.27047402,0.169356778,-1.597066406,0.110250906,0.651594952,344.3,904.8
Ifitm3,365.0129485,0.610877255,0.382529706,1.596940696,0.110278927,0.651594952,456.2,475
Plcb1,17.4186817,2.886519672,1.807168382,1.597261053,0.110207529,0.651594952,22.8,6.2
Rnf5,3.270489532,2.565696751,1.60654472,1.597027907,0.110259487,0.651594952,6.2,1.7
Slc25a27,2.946821214,-3.674143395,2.298483309,-1.598507755,0.109930021,0.651594952,0.2,10.9
Xylb,2.327505421,-4.043491448,2.531560704,-1.597232664,0.110213854,0.651594952,0,8.2
Akr1e1,12.60726478,-2.017451112,1.264170667,-1.595869265,0.110517985,0.651633268,7.1,35.1
Gm3800,8.575745734,1.936392986,1.213496338,1.595713911,0.110552681,0.651633268,7.7,6.1
Ptp4a3,355.0616392,-0.479131245,0.300226197,-1.59590086,0.11051093,0.651633268,262.3,740.4
Tnfrsf12a,10.2130794,-1.660093186,1.040353959,-1.59570036,0.110555708,0.651633268,5.5,27.4
Znrf2,670.2526213,0.252628393,0.158306344,1.595819771,0.110529038,0.651633268,546.2,1092.8
Rpl32-ps,5.281451919,2.127065068,1.333267862,1.59537714,0.110627925,0.65178518,4,3.4
A330040F15Rik,2.996235695,-4.407282922,2.76371704,-1.594693978,0.110780685,0.651864209,3.2,10.7
Ccl4,3089.640512,-0.486992477,0.305343579,-1.59490001,0.110734597,0.651864209,1742.1,6474
Nipbl,1343.679576,0.218611748,0.137069967,1.594891669,0.110736463,0.651864209,1059.6,2159.2
Arglu1,1068.816963,0.221894815,0.139404144,1.591737587,0.111443679,0.653300164,914,1761.2
Capza1,28.05618903,-1.199096403,0.753188817,-1.592026296,0.111378796,0.653300164,16,65.7
Cebpa,2.824467813,-3.648539461,2.291034485,-1.592529264,0.111265833,0.653300164,8.5,7.9
Ctu2,102.2736938,0.719356891,0.45175325,1.59236683,0.111302305,0.653300164,79.8,133.9
Gm20632,3.416702051,-3.930033839,2.468817903,-1.591868657,0.111414219,0.653300164,0.2,9.9
Ifi27,515.7018434,-0.273740579,0.171814527,-1.593233024,0.111107925,0.653300164,347.2,985.4
Izumo4,84.06936366,-0.937825511,0.589155236,-1.59181393,0.111426519,0.653300164,37.3,191
Ndc1,49.74432179,1.168776559,0.73397095,1.59240166,0.111294484,0.653300164,58.5,53.4
Parp12,169.321911,-0.69954963,0.439318447,-1.59235205,0.111305624,0.653300164,112.3,371.6
Tnip1,287.3909159,0.390814449,0.245654899,1.590908428,0.111630186,0.654120261,264.7,439.8
Rps6-ps2,7.39831047,2.225145814,1.399664268,1.589771108,0.111886409,0.655348022,6.7,4.5
Gm43258,2.909965648,-4.364385734,2.746883537,-1.588849937,0.112094276,0.656291644,0,8.9
4930539J05Rik,3.6671008,-4.699286922,2.959395715,-1.587921108,0.11230418,0.656342852,0,12.7
Gm45358,17.92041563,2.440091319,1.536479616,1.588105233,0.112262545,0.656342852,17.1,8.2
Ing2,196.7620646,0.558413215,0.351673349,1.587874706,0.112314674,0.656342852,144.2,279.5
Tapbpl,411.9126135,-0.411272815,0.259024357,-1.587776609,0.112336863,0.656342852,263.1,821.5
Zfp438,10.42554982,2.641166572,1.663347141,1.587862514,0.112317432,0.656342852,14.6,4.5
Zscan29,134.97257,0.545677847,0.343724015,1.587546472,0.112388931,0.656373804,101.9,186.2
Bbc3,16.19773876,-1.54590065,0.973954296,-1.587241471,0.112457965,0.65650378,9.4,43.1
Pcnx,148.0038283,0.469688609,0.295990286,1.586837916,0.112549359,0.656682011,130.1,221.6
Trp53bp2,67.47287604,1.000216172,0.630377685,1.586693494,0.11258208,0.656682011,58.8,82.7
Gm22980,4.770500472,-3.048521202,1.921960196,-1.5861521,0.112704811,0.656776652,0.5,14.6
Pdhx,34.09079995,-1.067164855,0.672792949,-1.586171281,0.112700461,0.656776652,25.2,83.1
Pdk1,252.1538695,0.595006963,0.375161387,1.586002675,0.112738703,0.656776652,232,356.3
Faf1,153.9007316,0.543914685,0.343002759,1.585744344,0.112797316,0.656845447,125,223.2
Fosl2,1841.292682,0.315831281,0.199382655,1.584045918,0.11318327,0.657462199,1381.8,2973.8
Kcna3,10.60597739,2.801474173,1.769009315,1.583640148,0.113275632,0.657462199,9.4,6.4
Kifap3,29.92399478,1.494569725,0.942982691,1.584938663,0.112980271,0.657462199,47.5,26
Rpia,302.0828972,-0.334017889,0.210797866,-1.584541127,0.11307063,0.657462199,229.3,602.1
Sdcbp2,128.0575491,-0.70818333,0.4469679,-1.584416533,0.113098962,0.657462199,55.3,274.8
Sugp1,160.2814808,-0.695163908,0.43887561,-1.583965688,0.113201528,0.657462199,107.8,351.2
Ubald2,60.76892717,0.697690865,0.440559584,1.583647004,0.113274071,0.657462199,52.9,85.5
Zdhhc2,253.3121955,-0.402558249,0.254199734,-1.583629703,0.11327801,0.657462199,175.4,514.9
Zmym2,194.4589794,0.597874381,0.37766271,1.583090849,0.113400759,0.657902543,147.6,289.9
Cnppd1,390.9130211,-0.329015284,0.207930781,-1.582330827,0.113574067,0.658635724,255.3,760.9
Gm28438,1214.344831,0.395696629,0.250148475,1.581847053,0.113684491,0.659003775,1364.8,1891.2
Sar1b,125.910956,-0.545002397,0.344601756,-1.581542717,0.113754,0.659134448,74.9,264.6
Asf1b,105.6536953,-0.781927837,0.494555575,-1.581071728,0.113861638,0.659213791,64.8,234.9
Gm27043,2.030568237,-3.844715365,2.431678127,-1.581095509,0.113856201,0.659213791,2.9,6.3
9430038I01Rik,27.4309741,-1.22323507,0.773953949,-1.580501103,0.113992154,0.659594486,16.6,66.1
AC148174.2,9.543481762,1.027944442,0.651118655,1.578735971,0.114396631,0.659594486,9.3,11.3
Dctn4,352.3466776,-0.50997248,0.322865177,-1.579521475,0.114216495,0.659594486,244.4,725.4
Ddx10,240.4705895,0.359498753,0.227671333,1.579025116,0.114330296,0.659594486,191.6,369.8
Dpt,26.04201763,3.213249231,2.035378378,1.578698715,0.11440518,0.659594486,47.7,9
Dpysl2,618.4505558,-0.282914456,0.179063705,-1.579965382,0.114114795,0.659594486,414.9,1206
Gm15212,2.908193252,-4.364154298,2.765057521,-1.578323151,0.11449139,0.659594486,0,9.4
Gm17823,10.36352173,-2.424391194,1.535809877,-1.578575077,0.114433555,0.659594486,3.4,35.8
Hps4,56.67078913,-1.062379882,0.673046272,-1.578464848,0.114458857,0.659594486,39.9,134.9
Hrh2,40.03564086,-1.374498226,0.870117683,-1.579669339,0.114182611,0.659594486,29.5,98.2
Iqcg,3.917001126,4.675157676,2.959442039,1.579742943,0.114165747,0.659594486,13.7,2.5
Slc39a14,84.32177366,-0.836574098,0.529937474,-1.578627929,0.114421425,0.659594486,62.2,204.7
Pld2,57.25744926,-0.944897119,0.598774094,-1.578052772,0.114553487,0.659681426,34.3,136.7
Atp23,23.23317223,-1.947007997,1.23447958,-1.57718931,0.114751972,0.659764657,4.7,64.1
Errfi1,222.0928573,-0.569300132,0.361056191,-1.576763248,0.114850011,0.659764657,141.3,481.2
Gxylt1,302.1958172,-0.334919765,0.21232517,-1.577390774,0.114705637,0.659764657,211.6,604.3
Nptxr,5.253857853,3.101828876,1.967082888,1.576867399,0.114826039,0.659764657,13.3,2.6
Yy1,461.1686921,0.389803244,0.247185796,1.576964574,0.114803677,0.659764657,430.2,720.1
Zfp971,4.235495529,3.775644028,2.394099618,1.577062207,0.114781212,0.659764657,6.7,0.9
Mettl16,96.30029184,0.707211425,0.448604691,1.576469082,0.114917739,0.659883611,102.7,138.5
Slc25a30,266.6462492,0.36598559,0.232186258,1.576258619,0.114966214,0.659891963,205.9,409.6
Dnd1,3.345164519,-4.288885278,2.721823385,-1.575739742,0.115085794,0.660220086,0.1,14.7
Mitd1,256.308971,-0.443413325,0.281424636,-1.575602375,0.115117468,0.660220086,182.4,509.6
Capn3,2.942796538,3.277271879,2.083066972,1.573291653,0.115651301,0.660315517,6.6,0.9
Cdan1,84.15011275,0.845146907,0.537445758,1.572525032,0.115828839,0.660315517,64.4,101.5
Ckap4,73.76290265,1.480597128,0.941394919,1.572769407,0.115772222,0.660315517,150.5,65.3
Dcdc2b,16.89591543,2.291510433,1.455329634,1.574564538,0.115356994,0.660315517,22.3,13.3
G6pdx,116.921613,0.620746574,0.394879907,1.571988249,0.115953276,0.660315517,103.1,159.6
Galnt10,45.87250059,0.952627786,0.605957422,1.572103503,0.115926549,0.660315517,43.1,54.8
Gm4828,2.716551346,2.753816258,1.749924913,1.573676812,0.115562185,0.660315517,6.1,1.2
Gm49405,5.837793697,-3.249605456,2.063457722,-1.574835007,0.115294534,0.660315517,1.7,18.7
Hmbox1,150.1928792,0.627370713,0.399134395,1.571828239,0.115990391,0.660315517,97.3,198.5
Mdm4,700.6524265,0.240816643,0.153114867,1.572784196,0.115768796,0.660315517,579.6,1142.8
Nudt1,35.36374076,-1.016219551,0.64632677,-1.572299953,0.115881004,0.660315517,18.5,85.8
P4hb,706.7164038,0.337134445,0.214376493,1.57262786,0.115805013,0.660315517,723,1100.1
Phldb2,2.038519178,4.675670274,2.972183799,1.573143046,0.1156857,0.660315517,11.3,0.2
Shpk,26.1218997,-1.345514778,0.855008214,-1.573686377,0.115559973,0.660315517,17.8,63.2
Slain1os,20.56185271,2.199814058,1.396869022,1.574817698,0.11529853,0.660315517,16.4,13.9
Slc25a13,20.96187248,-1.531694786,0.973375825,-1.573590329,0.11558219,0.660315517,10.3,58.9
Thoc7,215.3642954,0.554394964,0.35223523,1.573933886,0.115502735,0.660315517,189.9,309.7
Tsn,648.8172909,-0.218431764,0.138981051,-1.571665793,0.116028079,0.660315517,478.1,1237.6
Zfp866,79.00160431,1.094945033,0.695938913,1.573334977,0.115641274,0.660315517,69.9,92
Dnajc10,170.5997689,0.631323006,0.401755363,1.571411522,0.116087091,0.660383559,131.4,230.6
Ecpas,395.6556178,0.504078965,0.320823013,1.571205757,0.116134863,0.66038763,341.1,596.5
Aldh1b1,3.335474417,-3.882806166,2.472580209,-1.570345889,0.116334664,0.660748204,0.3,11.6
Hdc,32.21339072,2.222290921,1.415178967,1.570325007,0.116339519,0.660748204,21.7,18.8
Tctex1d4,3.419299921,-3.918406419,2.494641952,-1.570728984,0.116245614,0.660748204,0.3,10.4
Acad11,18.05240648,-1.673588207,1.066166411,-1.56972513,0.116479072,0.660984804,6,48.2
B3galt4,7.501734959,2.821787043,1.79815828,1.569265105,0.11658618,0.660984804,13,3.3
Ehd4,216.023947,-0.388411326,0.247565127,-1.568925846,0.116665219,0.660984804,149.2,425.3
Limd2,1028.776537,0.288600874,0.183958664,1.568835459,0.116686284,0.660984804,901.4,1631
Rps15a-ps3,6.520234064,-1.463366802,0.93281846,-1.568758408,0.116704243,0.660984804,5.6,16.6
Smcr8,41.70537602,-1.29390253,0.824839422,-1.568672031,0.116724379,0.660984804,30.8,101.7
Trnt1,156.0904804,0.427650443,0.272644449,1.568527967,0.116757968,0.660984804,121.4,235.7
Vrk2,57.02678955,-0.864077091,0.55049243,-1.569643911,0.116497977,0.660984804,37.9,128.1
Gm42866,3.674128316,3.721581291,2.372988115,1.568310127,0.116808774,0.661005779,8.6,1.3
Naca,647.4574271,0.257672003,0.164326146,1.568052366,0.116868912,0.661079528,564,1046.8
Stim2,211.7877262,0.345789338,0.220604867,1.567460152,0.117007173,0.661594952,195.3,337.7
Sp1,327.9457896,0.338877334,0.216234922,1.567172088,0.117074473,0.661708881,287.7,527.4
C030005K06Rik,76.01305314,0.811160679,0.517782999,1.56660354,0.11720739,0.662193441,72.4,101.5
Zcchc7,745.0185811,0.340588348,0.217523722,1.56575267,0.117406531,0.663051609,591.1,1144
Irf2,569.631752,-0.260688344,0.166557528,-1.565154982,0.117546574,0.663308654,420.6,1096.4
Prdx6,1286.904392,0.229579326,0.146663652,1.565345766,0.117501857,0.663308654,985.2,2110.7
Tfcp2l1,9.53413942,-2.198332465,1.40493365,-1.564723334,0.117647795,0.663613003,3.8,28
Gm43654,2.514558264,4.645496115,2.969648663,1.564325158,0.117741227,0.663873193,2.2,0.3
Tgs1,183.584436,0.508163006,0.324890324,1.56410631,0.117792604,0.663896148,179,266.9
Gm11572,3.571348226,-2.141121589,1.369734774,-1.563165095,0.118013768,0.66398577,1.2,11.1
Naip2,102.3509679,-1.007215573,0.644376284,-1.563086038,0.118032359,0.66398577,67.3,241.1
Nop14,211.4708052,0.418676212,0.267771224,1.563559393,0.117921077,0.66398577,176.9,317.7
Wdr61,190.1544163,0.37426522,0.239448214,1.563031997,0.118045069,0.66398577,144.4,292.5
Zfp280b,32.11465307,-1.196895563,0.765576237,-1.563391737,0.117960483,0.66398577,13.9,79.1
Dst,53.11626222,1.498531501,0.959216273,1.562245704,0.118230117,0.664751308,88.6,46.2
Gm44941,3.184188245,-3.547164261,2.270837229,-1.562051307,0.118275903,0.664751308,0.4,10.5
Gm26461,16.01187687,2.558624522,1.638566683,1.561501615,0.118405443,0.665212965,14,8.1
Btbd7,261.3578379,0.316334995,0.202751571,1.560209836,0.118710302,0.66608609,227,423.2
Gm49864,2.313314635,-4.034063173,2.585692978,-1.560147785,0.118724961,0.66608609,0,7.6
Plekhn1,50.86205749,-0.89991811,0.576650179,-1.560596255,0.118619043,0.66608609,29,112.6
Zmynd8,434.5339799,0.309787495,0.198576784,1.560038831,0.118750705,0.66608609,360.4,681.6
Gm10012,2.921933538,2.856222895,1.831325722,1.55964767,0.118843165,0.666253668,3.1,3.6
Gm44283,37.47907783,1.40100738,0.89836337,1.559510802,0.11887553,0.666253668,26.2,35
Neil1,68.15670219,-0.806917659,0.517569695,-1.559051211,0.11898426,0.666596847,38,148.5
Ndufv1,174.0231752,-0.480128392,0.308019454,-1.558759963,0.119053204,0.666716943,127.2,353.3
Acpp,11.35649963,-1.583381979,1.016164557,-1.558194456,0.119187159,0.667200872,6.3,32.4
Fbxl12,199.9163388,0.44114349,0.283262247,1.55736776,0.119383196,0.668031808,160.5,286
Traf7,314.8200346,-0.511933991,0.328766109,-1.557137362,0.119437876,0.668071404,188.6,643.1
Mrc2,18.83161303,-1.738079511,1.116580951,-1.5566086,0.119563441,0.668241071,9,48.5
Ttn,104.3093568,0.958521558,0.61571526,1.556761088,0.119527219,0.668241071,81.2,123.4
Lman2,556.5199804,-0.346839113,0.222871061,-1.556232161,0.119652896,0.668261578,400.9,1098.4
Snhg14,20.2167111,-1.446511792,0.929519884,-1.556192414,0.119662345,0.668261578,16.8,49.2
Gm13573,1.963979366,-3.407027058,2.190103001,-1.555646952,0.119792067,0.668454026,0.1,5.7
Hoxc11,2.309029569,-4.031155803,2.591180129,-1.55572195,0.119774225,0.668454026,0,7.5
4930599N24Rik,15.52076067,2.702675111,1.738031966,1.555020369,0.119941218,0.668754492,16.2,8
Lrrc1,26.91363246,-1.553034732,0.998676854,-1.555092346,0.119924078,0.668754492,12.6,71.2
Rbx1,415.5194109,0.320295493,0.206042109,1.554514732,0.120061685,0.669160323,355.8,643.7
Aqp1,34.9700495,1.848798102,1.189550964,1.554198313,0.12013712,0.669314942,76.2,26.9
F2rl3,3.444211972,4.216863491,2.713833705,1.553840047,0.120222575,0.669525248,4.9,0.6
Tff1,20.5988658,-2.067752785,1.331734707,-1.5526762,0.120500511,0.670806891,4.2,56.2
Atp6v1h,237.895348,0.356671026,0.229877356,1.55157094,0.120764921,0.671160777,213.2,361.8
Brcc3,89.77492104,0.583472764,0.375962071,1.551945819,0.120675188,0.671160777,77.8,136.6
Fgfr1,53.55674086,1.300802434,0.838481176,1.551379414,0.120810786,0.671160777,97.6,52.8
Gm43463,3.582522,-3.805451177,2.453263026,-1.551179444,0.120858687,0.671160777,0.4,14.6
Klf6,3998.644237,0.266036824,0.171514277,1.551105997,0.120876284,0.671160777,3085.6,6473
Sspo,8.873787322,3.233053798,2.083838864,1.551489347,0.120784458,0.671160777,8.6,4.3
Tm9sf3,1062.233925,0.20612656,0.132898122,1.55101183,0.120898849,0.671160777,808.7,1739.9
Gm4775,2.107008962,-2.424250787,1.563659711,-1.550369795,0.121052784,0.671484098,0.5,5.4
Hunk,3.398529596,-4.588991145,2.959619382,-1.550534225,0.121013345,0.671484098,0,11.1
Pdlim7,78.23513021,-0.919183769,0.592987527,-1.550089549,0.121120024,0.671591631,59.8,175.4
Mbtps1,274.0138581,-0.368652968,0.23796765,-1.549172621,0.121340229,0.672546911,197.6,544.9
Cactin,106.9790725,0.445424293,0.287605555,1.548733275,0.121445851,0.672743023,83.3,164.3
Pdgfra,25.08892313,2.401706554,1.550862168,1.548626695,0.121471485,0.672743023,55.2,14.6
Mterf4,26.39784183,1.448359378,0.935422007,1.548348624,0.121538383,0.672847997,31,24
Maml1,48.79465282,0.827686311,0.534640409,1.548117759,0.121593947,0.672890164,44.3,61.3
Eif4a1,636.5454183,-0.341904821,0.220980927,-1.547214163,0.121811612,0.673828995,484.9,1241.6
Dctn3,285.24975,-0.38935701,0.25169911,-1.546914528,0.121883857,0.673962985,196.7,576.1
Tbk1,252.4807716,-0.43494571,0.281213092,-1.546676606,0.121941247,0.674014753,147.1,532.9
Gm10548,2.291409268,-3.337580408,2.158492907,-1.546254981,0.122043,0.674311599,4.1,7.9
1810032O08Rik,18.00793025,1.632939578,1.05704668,1.544813119,0.122391473,0.674332153,18.2,16.9
Caprin1,394.4258765,0.322037645,0.208387902,1.545375915,0.122255363,0.674332153,321.6,643.6
Fut4,2.811078632,-4.314740872,2.792843141,-1.54492775,0.12236374,0.674332153,0,8.7
Gca,2.845333362,-4.331495421,2.803013468,-1.545299539,0.122273827,0.674332153,0,8.5
Gm26660,13.88268175,-1.546186685,1.000561389,-1.545319159,0.122269083,0.674332153,5.2,33.6
Gmnn,121.4687055,-0.547803601,0.354371567,-1.545845243,0.122141948,0.674332153,81.1,256.1
Mib1,199.4312871,0.547178013,0.35424094,1.544649281,0.122431119,0.674332153,168.5,291.8
Rpl10a,64.00207081,0.670623943,0.434120557,1.544787347,0.122397709,0.674332153,58.2,81.6
Nde1,200.5121163,0.442280683,0.286419174,1.544172751,0.122546488,0.674702791,159.2,310
Adck1,33.51417503,1.34675995,0.872772627,1.543082252,0.12281082,0.675892962,44.8,36.2
4931440F15Rik,3.33757356,-4.562581142,2.959675521,-1.541581538,0.123175315,0.677633229,0,10.9
Gm37194,8.609942504,2.78792556,1.810180137,1.540137085,0.123526942,0.678723615,5.6,4.9
Kmt2b,278.842339,-0.474498181,0.308052423,-1.540316341,0.123483262,0.678723615,173.1,556.5
Sumo1,184.7334462,0.45019799,0.29233959,1.539982969,0.123564505,0.678723615,157.4,270.7
Tor4a,92.07003484,-0.855650395,0.555626931,-1.539972862,0.123566969,0.678723615,63.2,206.3
Gm47867,3.323611072,-4.55631928,2.959688982,-1.53945881,0.123692326,0.678880761,0,10
H2-T23,749.3213464,-0.231849685,0.150587506,-1.539634272,0.123649527,0.678880761,528,1412.6
Mylip,127.7686095,0.619211411,0.402372122,1.538902367,0.123828133,0.679360447,92.8,174.8
Mad2l1,103.1077641,-0.813051552,0.528506936,-1.538393341,0.123952469,0.679756722,61.4,238.2
Pnisr,1162.704161,0.235367735,0.153014029,1.538210167,0.123997236,0.679756722,922,1853.2
Gm6545,84.43238179,0.827919326,0.538403973,1.537728858,0.124114925,0.680071047,75,115
Tle1,21.14001836,1.958401836,1.273691527,1.537579386,0.124151491,0.680071047,32,13.8
Fkbp10,26.94819397,1.908310671,1.241492454,1.537110165,0.124266334,0.680434542,48.6,21.1
Pmm2,202.4222902,0.38995922,0.253778222,1.536614197,0.124387814,0.680650848,157.9,315.9
Zpr1,107.1633689,0.710048652,0.462104922,1.536552885,0.124402838,0.680650848,94.5,142.9
Adam4,5.019166831,-3.972530606,2.586149835,-1.536079059,0.124518991,0.68102086,0.3,17.2
Gm11307,17.68948683,2.261279498,1.473464521,1.53466844,0.124865292,0.681586739,11.4,10.8
Pcbd2,68.57607701,-0.695183034,0.4529788,-1.534692205,0.124859451,0.681586739,48.1,151.6
Rpl27,51.55912946,-1.103437551,0.718955508,-1.534778631,0.124838213,0.681586739,35.7,115.1
Sik1,578.9160749,-0.296171284,0.19291562,-1.535237448,0.124725513,0.681586739,353.3,1151.9
Zfp106,310.1511024,0.344538281,0.224400474,1.535372338,0.124692394,0.681586739,259.8,480.8
Cdkn2a,10.43843736,-1.437290174,0.937748378,-1.532703451,0.125348939,0.682222444,5.4,28.5
Cmtr1,11.75901952,-1.840425378,1.200839686,-1.532615385,0.125370649,0.682222444,5.4,34.9
Gm26582,4.302890022,4.05493261,2.644236037,1.533498732,0.125153019,0.682222444,5.4,1.2
Gm43814,4.04262343,-3.686268853,2.403853306,-1.53348328,0.125156823,0.682222444,0.6,14.2
Ice1,155.6953937,0.535466121,0.349178678,1.533501769,0.125152271,0.682222444,126.5,223.4
Ikzf3,821.9889342,-0.228014736,0.148704256,-1.533343711,0.12519119,0.682222444,534.7,1563.7
Ltb4r1,9.814979625,2.692801304,1.7567504,1.532830904,0.125317524,0.682222444,13.1,4.4
Mtif3,19.33361846,-1.436617846,0.93707377,-1.533089381,0.125253834,0.682222444,8.3,48.3
Hid1,176.9151998,0.631436534,0.412283315,1.531559757,0.12563111,0.683374803,133,261.2
Nhsl2,3.613493097,-3.226132097,2.106826609,-1.531275561,0.125701303,0.683491704,0.6,13.5
Gm19705,33.32522656,1.282485482,0.837767791,1.530836464,0.125809815,0.683816788,41.8,33.2
Aes,1227.006962,-0.188413614,0.123130308,-1.530196883,0.125968003,0.684411518,894.1,2326.4
Gm15563,12.41508282,-2.518464057,1.646239326,-1.529828633,0.126059152,0.684598558,4,35.1
Phf3,550.9961034,0.258056853,0.16870169,1.529663709,0.126099991,0.684598558,444.9,891.9
Ankrd49,89.39364168,-0.87064357,0.569548478,-1.528655774,0.126349802,0.684686597,67.3,207.5
Arpc2,3745.944699,-0.145088162,0.095037291,-1.526644536,0.126849426,0.684686597,2839.7,7022.8
Dhrs3,27.62726342,1.723925524,1.129531165,1.52623104,0.126952336,0.684686597,29.2,21.5
Dsel,19.30197347,-1.71972254,1.125518061,-1.527938644,0.126527772,0.684686597,5.4,51.2
E030018B13Rik,4.500697145,4.447522014,2.913973306,1.52627411,0.126941614,0.684686597,6.5,0.7
Fam117a,64.7219477,-0.981843672,0.642499029,-1.528163666,0.126471907,0.684686597,49.4,150
Gm13771,4.807625017,2.152185657,1.407913537,1.528634821,0.126354999,0.684686597,6.4,8
Gm4430,29.87763945,1.504179834,0.984648207,1.52763172,0.126604002,0.684686597,36.6,31.3
Gm48432,2.811617435,-1.866898033,1.22246559,-1.527157941,0.126721742,0.684686597,4.3,8.7
Hnrnpr,349.2829177,0.282104561,0.184811171,1.52644756,0.126898441,0.684686597,291.6,545.2
Kcnk3,2.246959805,-3.991446066,2.616359343,-1.525572577,0.127116346,0.684686597,0,7.5
Lrrc14,59.77602571,0.987271384,0.646439523,1.527244775,0.126700156,0.684686597,65.4,75.2
Lyrm4,47.94100002,-1.241161168,0.811699166,-1.529090111,0.126242107,0.684686597,31,109.3
Nmrk1,239.232377,-0.455503507,0.298173026,-1.527648269,0.12659989,0.684686597,141.1,486.6
Notch2,117.2876107,-0.468899899,0.307022415,-1.527249726,0.126698926,0.684686597,81.8,243
Psma2,781.6378033,-0.262670195,0.172201236,-1.525367654,0.127167422,0.684686597,542.9,1525.4
Rcbtb1,148.2931612,0.468578046,0.307202166,1.525308407,0.127182192,0.684686597,117.7,225.9
Rnpep,131.684185,-0.740146259,0.485247376,-1.525296777,0.127185091,0.684686597,92.5,288.7
Slc12a6,205.8518154,0.456942024,0.299376846,1.526310503,0.126932554,0.684686597,160.4,302.4
Smad3,113.54396,0.735421281,0.481485867,1.527399519,0.126661696,0.684686597,112.9,159.3
Tmem128,270.9083811,-0.389791291,0.255554102,-1.525278946,0.127189537,0.684686597,186.3,546.3
Tyms,136.1634417,-0.640382129,0.4196356,-1.526043381,0.126999061,0.684686597,88.6,293.8
Gm7695,2.146559802,-2.490703101,1.633343463,-1.524910809,0.127281346,0.6849181,0.4,6.6
Pcdhga12,3.219890285,-4.512129358,2.959785659,-1.524478418,0.127389244,0.685235973,0,12.3
Rtraf,140.4228314,-0.791221947,0.519094531,-1.524234799,0.127450068,0.685300481,85.2,303.2
Pcmtd2,108.8178694,-0.770183216,0.505470254,-1.523696418,0.127584565,0.685760927,74.5,242.4
Gm4959,2.649133619,-3.293608397,2.162540329,-1.523027503,0.127751825,0.686397055,0.3,7.9
Magee1,6.3623741,-2.014975945,1.323177655,-1.522830995,0.127800993,0.686398446,2.8,19.9
C530008M17Rik,6.711554677,3.765833667,2.474835814,1.5216499,0.128096827,0.686967651,15.4,1.6
Eml2,32.12447967,-0.772505776,0.507576214,-1.521950311,0.128021532,0.686967651,16.8,72.1
Grasp,8.937650797,-2.025771928,1.331320373,-1.521626176,0.128102775,0.686967651,5.1,23.7
Rps4x,261.1640269,0.397105179,0.260896342,1.522080285,0.127988965,0.686967651,247.4,394.6
Gm37298,3.20072125,-4.502941639,2.959806133,-1.52136371,0.128168591,0.687058059,0,10.9
Ahdc1,129.4261922,-0.489533593,0.322425066,-1.518286402,0.128942214,0.687908891,92.3,265.3
Creb3l2,64.14366412,-1.142557093,0.751712402,-1.519939129,0.128526275,0.687908891,29.9,146.5
Dnajc4,57.89592733,-0.836079396,0.550487523,-1.518798086,0.128813328,0.687908891,34.4,130.3
E230016K23Rik,3.192796271,-4.497946631,2.959817319,-1.519670353,0.128593846,0.687908891,2.2,9.4
Gm10286,13.44238352,-2.058360332,1.355040915,-1.519039248,0.128752617,0.687908891,2.5,40.1
Gm17535,3.018341519,-3.841866075,2.528650125,-1.519334777,0.12867825,0.687908891,4.2,11.3
Gm37084,74.55654706,0.77195598,0.508154346,1.519136825,0.128728059,0.687908891,63.2,101.1
Gm45570,3.196996997,-3.80293432,2.504525229,-1.518425239,0.128907233,0.687908891,0.2,10.7
Il1rl1,43.58185373,1.302521926,0.857645699,1.518717958,0.128833504,0.687908891,58.5,43
Nt5c3,332.8010137,-0.319765031,0.210648435,-1.518003355,0.129013553,0.687908891,232.7,669.5
Ormdl3,108.49145,-0.710213065,0.467248719,-1.519989327,0.128513658,0.687908891,65,244.3
Plcl2,219.9996055,0.424980104,0.279950487,1.518054523,0.129000654,0.687908891,174.7,343.3
Slc27a4,42.11964417,0.78011451,0.513090146,1.520423878,0.128404477,0.687908891,42.7,50.8
Spsb2,14.81057832,2.730321028,1.797422973,1.519019768,0.12875752,0.687908891,11.7,5.3
Gm37106,11.85263841,-2.508748848,1.653187066,-1.517522668,0.129134775,0.688187973,4,37
Sarnp,80.42071395,-0.686677086,0.452533238,-1.517406961,0.129163968,0.688187973,49.1,173.3
A930005H10Rik,78.56239622,0.878529015,0.579760043,1.51533212,0.129688318,0.688525854,66.6,97.3
Cd27,582.2301267,-0.371578175,0.24535679,-1.514440156,0.129914241,0.688525854,378,1164.6
Gm30054,70.10142653,0.910011535,0.600521244,1.51536943,0.129678875,0.688525854,55.9,97.2
Gm50012,198.8604826,0.504460817,0.333019817,1.514807203,0.129821236,0.688525854,171.4,291.1
H2-M3,296.0706008,-0.554734256,0.366179202,-1.514925623,0.129791241,0.688525854,189.2,632
Lzts3,8.338292702,3.166355114,2.087575349,1.516762073,0.129326766,0.688525854,6.5,2.6
Mark2,308.7165396,0.397821281,0.262673227,1.514510199,0.129896489,0.688525854,244.7,488.2
Ndufa1,607.7007377,-0.287494555,0.189627476,-1.516101789,0.129493616,0.688525854,476.5,1191.8
Pigw,4.045566919,-2.683277566,1.769854706,-1.516100478,0.129493947,0.688525854,1,12
Rgma,11.081254,2.244390952,1.481589544,1.514853395,0.129809535,0.688525854,23.1,6.5
Rpl36-ps3,54.61436505,1.020621368,0.673457479,1.515494891,0.129647123,0.688525854,42.3,60.3
Scaf4,144.2296106,0.453841362,0.299415847,1.515755987,0.129581065,0.688525854,118,211.2
Taf9b,54.56965866,-0.967778084,0.638290149,-1.516204009,0.129467775,0.688525854,29,127.9
Ttc13,130.2513865,0.602702349,0.397760577,1.515239025,0.129711884,0.688525854,116.1,184.2
Gm44550,20.1633645,2.059579381,1.360553728,1.513780263,0.13008158,0.68915247,22.3,11.5
Nup85,168.3146046,-0.591885548,0.391312366,-1.512565406,0.130390087,0.689484665,132.5,369.6
Prr14,272.2173769,-0.369653059,0.244361668,-1.512729317,0.13034843,0.689484665,188.1,554.9
Slc39a13,49.99473394,1.039205255,0.687135661,1.512372757,0.130439061,0.689484665,58.1,55.9
Yipf4,185.2347634,0.54402168,0.359564869,1.513000092,0.130279636,0.689484665,148.7,267.2
Zfp760,21.40904023,-1.380177189,0.912393187,-1.512700017,0.130355875,0.689484665,14.7,56.2
Zfp799,20.82092735,-1.3703859,0.905780483,-1.512933791,0.130296477,0.689484665,12.7,49.9
P2rx4,65.01251185,0.961462459,0.635964761,1.511817191,0.130580375,0.689875082,75.2,68.8
Rab9,70.62525847,0.848540454,0.56131689,1.511695922,0.130611237,0.689875082,79.9,89.6
Kcnc3,8.3449148,2.671801931,1.767863637,1.511316752,0.130707768,0.689966789,10.3,3.5
Mdc1,124.3907629,0.78460676,0.519180256,1.511241522,0.130726927,0.689966789,102.7,160.5
Gm36445,8.674041631,-2.101838037,1.391127162,-1.510888504,0.13081686,0.690181886,2.9,26.2
Cxcl3,2.608492647,-4.209154564,2.786418772,-1.510596543,0.130891275,0.690314979,0,10.8
1700066B19Rik,2.705934938,-4.259444006,2.821361604,-1.50971219,0.131116879,0.690373645,2.3,8.1
2610035D17Rik,28.21163232,1.600797738,1.059993025,1.510196483,0.130993296,0.690373645,23.5,26.3
Eif2a,264.8499951,0.439225264,0.290964177,1.509551,0.131158033,0.690373645,189.5,397.9
Gm10143,2.612237162,-3.870869621,2.564073626,-1.50965619,0.131131176,0.690373645,0.1,10.5
Gm48569,17.39320046,2.26687655,1.50184326,1.509396227,0.131197557,0.690373645,25.3,13.3
Xntrpc,2.630281585,-3.879168072,2.56941924,-1.509745086,0.131108482,0.690373645,0.1,8.9
Col4a2,53.01294664,1.572644487,1.04289958,1.507953898,0.131566327,0.691056001,101.6,48.1
Cse1l,150.3747627,-0.731419249,0.485049793,-1.507926114,0.131573438,0.691056001,113.6,329.6
Fam120c,5.11965769,-3.156811722,2.092836229,-1.508389274,0.131454926,0.691056001,1,17.7
Tab1,40.5605698,-1.041922385,0.690817149,-1.508246265,0.13149151,0.691056001,24,101.4
Tmem216,17.87538396,-1.422731677,0.943144821,-1.508497577,0.131427226,0.691056001,15,43.3
Hdac10,31.44539065,1.292382821,0.857504306,1.507144408,0.131773646,0.691848615,27.8,33.4
Dhx16,193.2677621,0.414170025,0.274872046,1.506773903,0.131868621,0.692088342,151.7,293.7
Gm16853,3.104154801,-4.458707322,2.95990655,-1.506367599,0.131972834,0.692376354,0,10.7
Ccdc163,47.36359776,1.037697288,0.68962187,1.504733729,0.132392548,0.692500237,54.3,59.4
Cdc42se1,714.5813157,0.234467159,0.155828025,1.504653349,0.132413223,0.692500237,585.5,1188.7
Cdpf1,44.13705588,-1.030827394,0.684780117,-1.50534072,0.132236501,0.692500237,23.4,97.2
Csad,30.7707657,1.18214929,0.785292602,1.505361551,0.132231148,0.692500237,25.7,33.5
Eef1g,537.4188962,0.311746195,0.207032183,1.505786154,0.132122079,0.692500237,475.4,827.9
Parp6,79.29822184,0.655308366,0.435551902,1.504547133,0.132440547,0.692500237,63,111.5
Pdk3,92.76874221,-0.809646321,0.537661642,-1.505865879,0.132101607,0.692500237,64.9,218.7
Phyh,63.95302411,-1.015776152,0.674983321,-1.504890744,0.132352168,0.692500237,42.2,151
Plscr4,40.29432443,-1.514336069,1.006076673,-1.505189525,0.132275358,0.692500237,21.8,98.2
Crtc3,233.3936901,0.430141883,0.286007609,1.503952587,0.132593575,0.692784153,190.4,366.4
Ptpdc1,3.091619991,-4.451928917,2.959922212,-1.504069566,0.132563456,0.692784153,0,9.6
Ppp4r3a,474.2421628,0.338681676,0.225264557,1.503484088,0.132714257,0.693156637,372,740.9
Cd3d,2781.151401,-0.180239641,0.11990259,-1.503217247,0.132783031,0.693257836,1953.2,5164.7
1110038B12Rik,122.7188555,0.504638937,0.335793984,1.502823045,0.132884682,0.69353054,126.9,175.4
Aprt,383.9467535,-0.40282213,0.268168322,-1.502124214,0.133065033,0.693781929,293,762.9
Rnase6,19.18040435,2.067135737,1.376053448,1.502220528,0.133040165,0.693781929,33.2,12.5
Rnf128,20.19010992,-2.10846106,1.403890185,-1.501870361,0.133130592,0.693781929,8.1,58.7
Tspan32,69.95359832,0.748880133,0.498621004,1.501902503,0.13312229,0.693781929,63.5,95.3
Bnip2,483.6678105,-0.294567407,0.196267302,-1.500848099,0.133394855,0.694066014,336.1,960.3
Chmp7,62.03731488,-0.840014758,0.560162311,-1.49959171,0.133720196,0.694066014,47.7,137.4
G3bp1,896.320699,-0.237950453,0.158507914,-1.501189735,0.133306494,0.694066014,681.9,1736.8
Gm48796,2.548804485,-3.479774573,2.320609338,-1.499508994,0.133741637,0.694066014,0.3,8
Hmgn1,221.9399251,0.419982135,0.280049543,1.499670846,0.133699686,0.694066014,243.8,335.1
Mocs2,99.900678,-0.784309979,0.522737498,-1.500389741,0.133513475,0.694066014,79.8,218.6
Pitpnb,113.0215397,0.425740359,0.28393076,1.499451341,0.133756583,0.694066014,98.6,164.7
Smarcd2,268.1319453,-0.382710135,0.255093284,-1.500275227,0.133543124,0.694066014,185.6,541.4
Taok2,222.5717493,-0.446730824,0.297946381,-1.499366504,0.133778578,0.694066014,159.2,460.4
Thap1,25.032623,1.749037017,1.166361341,1.499567034,0.133726592,0.694066014,23,19.8
Tubb4b,156.6863484,-0.477624788,0.318119273,-1.501401609,0.133251718,0.694066014,107.5,316.6
Zfp280d,290.358319,0.36996211,0.246567025,1.500452502,0.133497228,0.694066014,239.7,452.3
Ccdc38,13.84962312,-1.877897286,1.252906042,-1.498833291,0.133916886,0.694122895,6.3,38.3
Gm16794,9.55337015,2.659967771,1.774788202,1.498752227,0.133937922,0.694122895,10.8,5.9
Ptpn6,970.7931283,0.251926433,0.168079536,1.498852497,0.133911902,0.694122895,813.7,1528.3
Cd55,28.34435095,-1.363983799,0.910426768,-1.498180684,0.134086313,0.694635405,12.3,73.5
A430027C01Rik,76.48718978,0.937911434,0.626298805,1.497546262,0.134251178,0.695063481,68.8,95.8
Itpripl2,153.0759187,-0.745176755,0.497619986,-1.497481565,0.134267999,0.695063481,100.7,331.8
Bbs9,37.91732219,1.040928857,0.695509058,1.496643135,0.13448614,0.695082888,39.4,42.1
Hddc2,52.87945982,-0.920734653,0.615174718,-1.496704311,0.134470214,0.695082888,34.1,117
Tnfsf4,27.30597677,-1.688615386,1.128231764,-1.496691939,0.134473435,0.695082888,10,70
Usp1,235.3482408,0.345873626,0.231015081,1.497190677,0.13434365,0.695082888,224.1,364.4
Zfp518b,3.245271754,3.335652718,2.228946427,1.496515429,0.13451939,0.695082888,7.6,1.2
Gm12987,4.647816445,-3.05115323,2.039936701,-1.495709759,0.134729306,0.69540537,0.9,16.4
Mrpl19,109.3121407,0.544055838,0.363745331,1.495705353,0.134730455,0.69540537,105.7,157.8
Ticam1,23.5759052,1.713585475,1.145574371,1.495830841,0.134697742,0.69540537,33.7,19.4
9030025P20Rik,3.037655677,-4.426370036,2.95998193,-1.495404411,0.13480893,0.695554604,0,9.5
Tagln2,1907.095492,0.198253533,0.132592217,1.495212447,0.134859006,0.695557255,1678,3149.7
Gfod1,176.0917559,0.517826282,0.346459982,1.494620761,0.135013445,0.695842337,149.9,258.8
Scd2,280.3180505,0.450406132,0.30135071,1.494624424,0.135012488,0.695842337,330.8,418.2
Ctnna1,270.5564486,0.388263352,0.259808116,1.494423492,0.135064965,0.69584955,265.8,410
Fam161b,8.400884574,3.17524602,2.125266555,1.494046011,0.135163594,0.69584955,6.8,2.9
Ttc7,269.1995204,0.317042718,0.212189257,1.494150655,0.135136247,0.69584955,224,427.7
Eif4e3,159.2593589,-0.434833945,0.291093449,-1.493795022,0.135229203,0.695932026,113.3,318.9
Apobr,66.03928075,1.038904862,0.695600452,1.493536783,0.135296733,0.696024324,56.3,75.3
Pcca,45.42095529,1.095816778,0.73408447,1.492766599,0.135498293,0.696040648,50.9,55.3
R3hdm1,580.7742829,0.299617863,0.200641111,1.493302453,0.135358034,0.696040648,489.4,921.2
S100a6,7224.387915,-0.300934145,0.201590038,-1.492802659,0.135488851,0.696040648,6153.2,14323.8
Sh2b1,369.8714525,-0.37092384,0.248430921,-1.493066317,0.135419828,0.696040648,273.9,739
Erap1,157.7142841,-0.413969733,0.277388153,-1.492384328,0.135598421,0.696300125,110.2,316.1
Prxl2c,69.75267607,1.172704536,0.785935608,1.492112744,0.135669592,0.696410772,77,82.1
Gm13012,17.04557796,-1.645327867,1.10323392,-1.491368092,0.135864881,0.696648789,6.4,41.1
Mob2,275.0206469,-0.408402065,0.27382749,-1.491457503,0.135841421,0.696648789,192.7,558.4
Pdia3,337.7004741,0.413628069,0.277289714,1.491681976,0.135782536,0.696648789,251.1,496.9
Mctp2,227.5818445,-0.364448461,0.24440599,-1.491160104,0.135919465,0.696674133,155.3,458.6
Cherp,18.2329791,-1.20190619,0.806226482,-1.490779845,0.136019305,0.696931335,12.7,42.2
Gm11454,2.074259382,-3.877386419,2.601786504,-1.490278473,0.13615103,0.697021993,3.6,7.3
Gm19337,26.6905127,1.805320681,1.211506362,1.49014544,0.136185999,0.697021993,28.7,22.5
Prcp,77.96334929,0.966846279,0.648760942,1.490296682,0.136146245,0.697021993,82.1,95
Xlr,9.103859465,2.6036737,1.747641685,1.489821238,0.136271245,0.69720403,14.2,4
Cox8a,2294.743555,-0.242151686,0.162573582,-1.489489761,0.136358448,0.697395938,1714.3,4400.5
1110008P14Rik,175.934998,-0.437786427,0.293991669,-1.489111678,0.136457963,0.697434747,111.4,354.2
4930405G09Rik,8.509163585,3.110966367,2.089182192,1.489083326,0.136465428,0.697434747,9.8,4.2
Tab3,59.8408035,-1.029091141,0.691451152,-1.48830635,0.136670121,0.698226603,27.6,140.5
Gm48838,84.60670891,0.799743765,0.53743746,1.48806852,0.136732824,0.698292743,72.3,103.8
Alas1,44.70318835,0.771033894,0.518456766,1.487171052,0.13696964,0.698374877,40.4,57.7
Ccdc171,34.41334069,1.62247398,1.091058093,1.487064705,0.136997722,0.698374877,36.3,27.2
Dcun1d1,176.1029125,0.545661525,0.366848343,1.487430801,0.136901067,0.698374877,152.6,261.6
Mad2l1bp,121.6899451,0.576001472,0.387231189,1.48748729,0.136886158,0.698374877,100.2,173
Rps27a-ps1,6.824337168,2.007383968,1.349865558,1.487099182,0.136988617,0.698374877,5.1,4.2
Ercc6l2,87.940149,-0.616869451,0.415044601,-1.486272679,0.13720701,0.698945989,48.7,192.9
Gnb2,729.6015688,-0.231491139,0.155765671,-1.486149914,0.137239472,0.698945989,549.3,1410.9
Slc2a6,21.56614669,2.088450437,1.405346172,1.486075444,0.137259167,0.698945989,18.2,15.3
2010204K13Rik,3.775093948,3.673864759,2.473299323,1.48541049,0.137435118,0.699115473,5,3.5
Bach2,226.2663035,0.537881337,0.362585646,1.483460093,0.137952212,0.699115473,184.4,317.8
Bnip1,71.66839433,-0.940055707,0.633811138,-1.48317953,0.138026718,0.699115473,54,168.4
Cdk12,473.4462409,0.255553102,0.172290187,1.483271371,0.138002325,0.699115473,388.8,763.6
Cops9,417.8722017,-0.275885431,0.185765737,-1.485125487,0.137510586,0.699115473,302.6,808.8
Ctcf,679.9610282,0.272033451,0.183434125,1.483003511,0.138073478,0.699115473,534.2,1098.5
Gm10478,10.15133928,-1.23196886,0.831232064,-1.48209978,0.138313747,0.699115473,4.6,25.2
Gm15760,26.36559118,1.740573187,1.173920443,1.482701147,0.13815383,0.699115473,28.2,21.2
Gm16225,2.65566007,-4.233325851,2.852954642,-1.483839171,0.137851593,0.699115473,4.2,8.8
Gm44041,6.018590837,-2.883668998,1.943062331,-1.484084659,0.137786463,0.699115473,1.6,19.7
Gm48334,3.142850579,-3.1249949,2.105181291,-1.484430303,0.137694801,0.699115473,0.5,10.5
Gm49625,18.22444173,2.387908861,1.608652736,1.484415379,0.137698757,0.699115473,19.7,12.4
Grb2,628.6877756,0.199535465,0.134558444,1.482890696,0.138103454,0.699115473,484.7,1046.5
Mir5618,2.950133329,-4.386300093,2.960077705,-1.481819239,0.138388398,0.699115473,0,12.2
Ndufs7,222.0557662,-0.322955123,0.217731379,-1.48327322,0.138001834,0.699115473,166.9,435.3
Rab11fip4,150.5528293,-0.544174054,0.367220534,-1.48187262,0.138374192,0.699115473,74.9,326.8
Rpl27-ps3,6.04856564,-1.924513367,1.296215641,-1.484716976,0.137618813,0.699115473,3.5,15.3
Slc7a1,295.4979261,0.40269902,0.271546349,1.482984474,0.138078536,0.699115473,233.2,470.6
Slc8a1,9.415231365,-2.52255899,1.699065061,-1.484674747,0.137630004,0.699115473,3.6,24.7
Ssbp4,194.2829312,-0.389284811,0.262664933,-1.482058555,0.138324715,0.699115473,125.4,389.3
Usp36,227.9167359,0.400080402,0.269902822,1.482312777,0.13825709,0.699115473,214.4,344.9
Usp42,212.037373,0.534360208,0.359744925,1.485386368,0.137441505,0.699115473,193.6,309.2
Arl4c,955.923265,0.358083789,0.241904092,1.48027173,0.138800744,0.699213819,905.6,1516.2
Capn15,112.0310638,0.570374437,0.385468797,1.479690293,0.138955917,0.699213819,101.1,157.6
Gm32250,19.07406343,1.893086844,1.278751526,1.480418053,0.138761715,0.699213819,23.4,12.8
Gm9416,3.648316766,-1.368649892,0.924644765,-1.480189953,0.138822561,0.699213819,6.6,10.7
Gm9929,9.538161981,3.05370647,2.063448262,1.479904549,0.138898722,0.699213819,12.5,3.7
H2-T-ps,24.283245,1.342271787,0.90681103,1.480211139,0.138816909,0.699213819,23.2,24.3
Klf11,31.90957161,1.428439037,0.964650856,1.480783465,0.138664284,0.699213819,25.8,28.7
Pik3cd,1355.002839,-0.204192473,0.137992549,-1.479735497,0.138943849,0.699213819,962.4,2622
Sgta,161.2801002,0.386435,0.261151535,1.479734748,0.138944049,0.699213819,140.2,255.5
Sp140,98.88068555,-0.844943103,0.570946998,-1.479897618,0.138900571,0.699213819,54.6,228
Sub1,1689.547954,-0.199315029,0.134610067,-1.480684421,0.138690687,0.699213819,1230,3264.5
Fbxo27,3.091664706,-4.089262104,2.765128464,-1.47886876,0.139175394,0.699816367,3.6,11.2
Ipo8,172.9235998,0.378663891,0.256037276,1.478940477,0.139156224,0.699816367,145.3,270.6
Gm42937,3.114181985,-4.09968861,2.774449184,-1.477658569,0.139499189,0.701193274,0.1,9.7
Cstad,15.89464163,-1.539723569,1.042577808,-1.476842838,0.139717771,0.701712128,5.3,39.3
Gm2420,2.686133552,4.381574154,2.966558568,1.476988926,0.139678606,0.701712128,2.8,0.4
Nabp2,117.6620293,-0.661572629,0.448037412,-1.47660131,0.13978254,0.701712128,81.2,253.3
Ypel2,30.33279314,-1.349480412,0.913955668,-1.476527209,0.139802416,0.701712128,7.8,75.7
Elmo1,474.83415,0.360628784,0.244350086,1.475869273,0.13997899,0.702111936,345.3,739.7
Pkmyt1,33.98568244,1.297825799,0.879404634,1.4758005,0.139997456,0.702111936,37.8,34.7
Zfp459,6.185496936,-2.215816819,1.501565316,-1.475671285,0.140032158,0.702111936,2.3,18.4
Gm3468,2.914841279,-4.36734794,2.960123938,-1.475393609,0.140106753,0.70223506,0,9.2
Cep250,315.7702038,-0.293281599,0.198843178,-1.474939208,0.140228888,0.702426466,216.1,604.2
Gpx2-ps1,3.620475136,-4.015500918,2.722751616,-1.474795165,0.140267622,0.702426466,0.2,11
Plrg1,88.79008245,-0.656941544,0.445476815,-1.474693009,0.140295097,0.702426466,51.8,201.6
2-Mar,271.3403904,0.342344385,0.232502654,1.472432161,0.140904214,0.702914607,265.2,420.3
Armc7,289.8673072,-0.39505463,0.268139824,-1.473315764,0.140665912,0.702914607,157.1,582.2
Bckdhb,46.47569441,0.970464044,0.659054996,1.47250844,0.140883629,0.702914607,40.5,57.8
Csnk2b,548.5806318,0.303978889,0.206554001,1.471667877,0.141110586,0.702914607,526.4,892.1
Fam126b,94.58023202,-0.673525933,0.457659804,-1.471673778,0.141108992,0.702914607,71.3,204.2
Gm37169,99.2319797,-0.87239301,0.592237247,-1.47304651,0.140738495,0.702914607,68.7,222.2
Gm42467,34.96545069,1.20430035,0.817844935,1.472528959,0.140878093,0.702914607,23.5,37.8
Gm47657,31.8522962,1.340880634,0.910117517,1.47330494,0.140668829,0.702914607,29.2,36.5
Gtf2i,712.2262778,0.265369625,0.180402208,1.470988783,0.14129415,0.702914607,565.5,1126.9
Jak3,251.9035887,-0.328757739,0.223291892,-1.472322778,0.140933735,0.702914607,163.3,486.3
Mthfd1,111.628567,-0.511628165,0.347708082,-1.47143018,0.141174817,0.702914607,76.5,233.8
Pde12,92.34062919,0.65685194,0.445937299,1.472969273,0.140759321,0.702914607,99.7,130.5
Sf1,959.6812765,-0.223316374,0.151599109,-1.473071809,0.140731674,0.702914607,672.7,1864.2
Slc25a3,1775.814251,0.198376566,0.134760922,1.472062986,0.14100387,0.702914607,1397.2,2931.4
Tanc2,34.68733391,1.027865312,0.698583199,1.471357046,0.141194583,0.702914607,45.6,40.4
Tbc1d22bos,13.92695293,-1.430440459,0.972382737,-1.471067311,0.141272914,0.702914607,7.7,35.2
Tmem161b,68.32192309,0.694029885,0.471567145,1.471751993,0.141087862,0.702914607,61.9,92.3
Zfp69,15.41325491,2.541258273,1.725342912,1.472900404,0.140777893,0.702914607,14.4,8.4
Angptl7,25.71657907,2.155899484,1.466147948,1.470451524,0.141439506,0.703388385,17.5,19
Eml4,532.8201808,0.242645119,0.165059459,1.47004674,0.141549096,0.703434847,454.5,871
Metap1d,56.37385558,0.624821833,0.424996977,1.470179477,0.141513152,0.703434847,48.8,78
Gm19220,70.17156479,0.252121094,0.171584747,1.469367759,0.141733067,0.704075855,56.5,112.9
Omd,2.880206996,-4.349081812,2.960169075,-1.469200475,0.141778422,0.704075855,0,8.1
2310001H17Rik,203.176336,-0.443300714,0.301970409,-1.468027001,0.142096889,0.704351784,131.1,408.4
Dnajc5,604.4722178,0.259718382,0.176971598,1.467570984,0.142220795,0.704351784,496.1,991
Dynlt1f,12.88785354,-2.317161475,1.578636022,-1.467825036,0.142151755,0.704351784,7,41.9
Isoc1,185.9151837,0.469571673,0.319977013,1.467516896,0.142235496,0.704351784,189.1,266.9
Ms4a4b,7190.166975,-0.142762758,0.097267855,-1.467728044,0.14217811,0.704351784,5169.2,13404.8
Nme6,9.303087862,-1.923340887,1.31014444,-1.468037285,0.142094095,0.704351784,4.7,26.4
Slc22a15,128.133995,-0.627367687,0.427448239,-1.46770446,0.142184519,0.704351784,82.5,286.9
Utp18,114.4929589,0.468705072,0.319375982,1.467565185,0.142222371,0.704351784,114.1,174.1
Mtfr1,151.079735,0.537158692,0.366129493,1.467127619,0.142341342,0.7046273,109.3,218.8
Ttf1,182.453248,0.561518426,0.382880785,1.466562042,0.142495232,0.705140369,135.4,270.4
Cyb5rl,5.995823968,-2.309702702,1.575144852,-1.466343047,0.142554854,0.705186752,1.7,14.8
Gvin1,15.92641069,2.325237543,1.586131956,1.465979886,0.142653767,0.7054274,25.3,9.4
Cox6b2,2.077744522,-3.494647918,2.385833122,-1.464749519,0.142989269,0.706091275,3.3,8
Gm43149,55.95613187,-0.853372131,0.582548662,-1.464894157,0.142949797,0.706091275,30.9,124.1
Grin2d,2.066830627,4.354888976,2.972532721,1.465043243,0.14290912,0.706091275,3,3.8
Ltbp3,18.19428499,2.003117498,1.367262189,1.465057335,0.142905276,0.706091275,33.9,16.4
1810009A15Rik,2.151317443,-3.278548101,2.240024839,-1.463621315,0.143297445,0.706223982,2.7,8.1
Adamts14,50.81400752,-1.221865662,0.834614435,-1.463988174,0.14319718,0.706223982,32.5,127.9
Akt1,532.4996754,-0.271988861,0.185862035,-1.463391173,0.143360373,0.706223982,390.4,1036.6
Atic,110.2874178,0.667465498,0.456117885,1.46336182,0.1433684,0.706223982,82.7,150
Epb41,463.7077041,0.281523762,0.19233486,1.463716781,0.143271349,0.706223982,349.3,728.3
Fkbp8,660.8695726,-0.251002174,0.171433576,-1.46413661,0.143156626,0.706223982,448.6,1274.3
Foxj1,2.252511955,3.850106561,2.630847644,1.463447178,0.143345057,0.706223982,5.8,3.7
Gm45343,138.6621387,-0.524688509,0.358742444,-1.462577169,0.143583114,0.707033482,106.8,295.3
Skap2,88.58498147,-0.609361711,0.416699,-1.462354626,0.143644057,0.707085475,55.3,188.4
Tmppe,23.6975663,-1.444980671,0.98849721,-1.461795397,0.143797286,0.707591554,7.3,61.4
Card6,116.3517968,0.712511426,0.487872689,1.460445404,0.144167702,0.708476753,92.3,156.5
Cds1,5.155888322,3.115609259,2.133644881,1.460228592,0.14422726,0.708476753,7.6,1.9
Etfb,104.9901231,-0.696764094,0.477163745,-1.460220106,0.144229591,0.708476753,56.9,228.1
Gm38376,43.06537757,1.058584049,0.724725613,1.460668743,0.144106371,0.708476753,39.8,53.3
Zfp148,434.4432176,0.274835495,0.188147497,1.460744889,0.144085465,0.708476753,354,706.1
Fibp,139.4442803,-0.534657163,0.366329441,-1.45949821,0.144428033,0.709004748,94.1,296.6
Gm10524,4.187816048,-3.260704965,2.234314831,-1.459375787,0.144461707,0.709004748,0.7,12.4
Gm44836,11.89120608,-2.227019893,1.526110908,-1.459277882,0.14448864,0.709004748,2.9,32.3
Dgkq,2.816264282,-4.318824351,2.960245111,-1.458941469,0.144581218,0.709211051,0,10.5
Gm5822,7.644181736,-1.24019304,0.850474459,-1.458236666,0.144775321,0.709667079,4,18.6
H6pd,86.85017433,-0.642070611,0.440283152,-1.458312924,0.144754309,0.709667079,48.6,191.9
Rfc2,265.3526729,-0.279285204,0.191614921,-1.457533695,0.144969117,0.710194415,199.2,527.8
Srcap,113.9885931,0.860590286,0.590464826,1.457479341,0.14498411,0.710194415,85.9,147.4
Gm20234,24.17919779,-1.474033744,1.011831347,-1.456797862,0.145172186,0.710386565,9,63.3
Smpd2,35.56771762,-0.978405978,0.671619116,-1.456786971,0.145175194,0.710386565,28,83.1
Timp1,14.53113094,2.166261559,1.486849694,1.456947241,0.145130944,0.710386565,24.6,11.1
Fam193b,431.635149,-0.275375787,0.189211283,-1.45538777,0.14556194,0.712030767,285.7,838
Cd44,1562.023255,0.269172038,0.184978885,1.455150069,0.14562772,0.71210433,1350,2517.7
Hmgcr,275.4668831,-0.471769049,0.324310428,-1.454683565,0.145756885,0.712257963,208.3,574.5
Vash1,3.169318717,4.307005073,2.96081248,1.454669994,0.145760643,0.712257963,6.5,5.2
Smarce1,169.7781932,0.352191468,0.242409035,1.452880942,0.146256813,0.714433733,156.1,261.8
Ccnc,150.7854332,0.490678632,0.337819251,1.452488662,0.14636578,0.714707279,116.9,233.1
Tcrg-C4,323.5855144,-0.666424329,0.458871089,-1.452312741,0.146414666,0.714707279,191,672.6
D630039A03Rik,65.83031293,-0.777893003,0.535849979,-1.451699232,0.146585253,0.715291182,48.1,149.9
Rnd3,3.539471084,3.527559616,2.430722239,1.45123929,0.14671324,0.71541821,7.3,0.9
Tmem41b,66.26958904,0.966895861,0.666216064,1.451324749,0.146689453,0.71541821,52.6,79.6
Ndufaf1,45.2356437,1.169604642,0.806245836,1.450679917,0.14686901,0.715929034,49.1,50
B230219D22Rik,270.7398362,0.365150594,0.251934332,1.449387987,0.147229262,0.716176484,241.7,414
Dcaf7,353.7712411,-0.437396513,0.301742288,-1.449569815,0.147178518,0.716176484,234.4,721.6
Dlg2,48.48860151,0.864811067,0.596368613,1.450128406,0.147022715,0.716176484,46.8,62
Gm13604,5.133236788,-2.174499308,1.500464956,-1.449216991,0.147276994,0.716176484,1.6,13.1
Gm37864,2.441652443,-4.112710215,2.836077824,-1.450140113,0.147019451,0.716176484,4.9,8.7
Kdm5a,788.1253739,0.220018002,0.151778954,1.449594928,0.147171511,0.716176484,630.7,1289.4
Rwdd4a,141.3388983,-0.912219333,0.629209101,-1.449787251,0.147117856,0.716176484,87,331.3
Ndufaf4,91.74943326,-0.624648236,0.431116549,-1.448908044,0.147363264,0.716347784,53.5,188.8
Ly6a,1945.077364,-0.257231756,0.177597137,-1.448400351,0.147505117,0.716607314,1446.7,3798.8
Myo1g,483.1283795,-0.342085199,0.236219143,-1.448168828,0.14756984,0.716607314,354,941.3
Zfp14,2.756598883,-4.287314113,2.960326005,-1.448257423,0.14754507,0.716607314,0,9.3
Adal,28.80568299,1.439150535,0.994255347,1.447465724,0.14776653,0.71685703,21.3,28.3
Baiap2l2,3.962934249,-3.5843262,2.476325824,-1.447437234,0.147774504,0.71685703,0.3,10.8
Orc3,142.448274,0.70614501,0.487822665,1.447544487,0.147744486,0.71685703,141,194
Mest,1.977411628,-3.806490011,2.631318748,-1.446609239,0.148006397,0.717733856,0,6.1
Smyd1,90.37377647,-0.809879128,0.55999935,-1.446214407,0.148117074,0.717774523,50.3,203.8
Tnni3,5.016129994,-3.40819604,2.356345804,-1.446390439,0.148067722,0.717774523,1.2,13.8
D130062J10Rik,52.39110959,0.866362077,0.599252453,1.445738058,0.148250685,0.717926197,48.9,62.1
Pnp2,2.376598507,-3.788965808,2.620522747,-1.445881671,0.148210394,0.717926197,0.1,8.5
Ccdc47,206.8277597,0.334033374,0.231114301,1.445316765,0.148368931,0.718250975,171,321.7
4930444A19Rik,20.40946538,1.781558408,1.233912363,1.443828964,0.148787093,0.718358415,17,18.1
9530056K15Rik,2.507104875,-4.149317224,2.873117692,-1.444186305,0.148686576,0.718358415,0,7.6
Ddx5,2691.453991,0.143337507,0.099329301,1.443053614,0.149005369,0.718358415,2071.8,4536
Dock6,8.483986884,-1.992485623,1.380092637,-1.443733246,0.148814026,0.718358415,4.4,25.7
Gm26384,6.531457872,-1.638910537,1.135225739,-1.443686907,0.148827066,0.718358415,4.2,17.5
Gm42031,3.364097106,3.579594273,2.478061522,1.444513884,0.148594477,0.718358415,3.3,0.9
Mafk,109.0627666,0.52582822,0.363890949,1.445015937,0.148453409,0.718358415,88.7,164.9
Pin4,25.79072765,1.578699424,1.093909528,1.443171838,0.148972071,0.718358415,20.7,20.2
Slc30a6,29.98884307,-1.027725005,0.711765841,-1.443908861,0.148764614,0.718358415,17.9,75.5
Stub1,17.53256026,1.815384182,1.257544461,1.443594432,0.148853092,0.718358415,21.3,16.3
Tns1,21.89355035,1.133138946,0.784558898,1.444300675,0.148654416,0.718358415,38.7,25.9
Trbv26,2.362049189,4.204540655,2.913404247,1.443171046,0.148972294,0.718358415,3.8,0.4
Elmo3,4.326938222,-2.665345711,1.847395079,-1.44275891,0.149088398,0.718394731,0.8,12.6
Srp14,685.2710238,-0.219169494,0.151920036,-1.442663518,0.149115281,0.718394731,529.2,1329
Cry2,33.18007769,1.248850055,0.866018424,1.442059454,0.149285602,0.718495774,32,36.9
Gm38111,3.367551568,-3.583505257,2.484634999,-1.442266272,0.149227271,0.718495774,8.7,12.4
Pwwp2b,15.99707555,2.018303329,1.399834025,1.441816167,0.149354241,0.718495774,19.3,11
Sh2b3,78.09330702,0.968358556,0.671686874,1.441681525,0.149392238,0.718495774,81.3,88.2
Tbl2,62.11168811,-0.570222466,0.395479324,-1.441851524,0.149344264,0.718495774,41.3,129.7
1500011B03Rik,100.6746906,-0.650632594,0.453582729,-1.434429824,0.151449642,0.718574037,69.9,221.9
Ak3,191.5237142,0.490911195,0.340778442,1.440558247,0.149709523,0.718574037,163.7,276.7
Cd33,37.08956599,1.739229352,1.212355451,1.434586986,0.151404825,0.718574037,44.1,30.8
Ddit3,157.3876375,0.684810257,0.477168957,1.435152574,0.151243625,0.718574037,150.7,214.8
Dscam,35.82175986,-1.66513053,1.156049736,-1.440362363,0.149764906,0.718574037,10.4,93.3
Eftud2,217.3363081,0.292875743,0.203896742,1.43639246,0.150890697,0.718574037,193.1,344.7
Fkbp9,20.23199174,2.170015741,1.50935671,1.437709009,0.150516636,0.718574037,41.6,11.7
Gbe1,72.20723292,-1.094613303,0.761520418,-1.437405062,0.150602931,0.718574037,27.9,177.1
Gimap3,1950.09616,0.178043154,0.124047181,1.435285776,0.151205679,0.718574037,1540.7,3228.2
Gldc,105.312119,-0.844250329,0.586337819,-1.439870159,0.149904137,0.718574037,47,241
Gm11575,2.04459271,-3.857348068,2.6861506,-1.43601333,0.150998548,0.718574037,4.3,7.9
Gm11944,2.683802008,-4.246461882,2.960433543,-1.434405407,0.151456606,0.718574037,0,7.1
Gm37465,4.289234402,3.247800376,2.254455963,1.440613802,0.149693819,0.718574037,5.9,4.8
Gm42783,32.93843141,-1.063040758,0.73787424,-1.440680132,0.149675071,0.718574037,20.4,74.9
Gm4366,5.281321703,0.96232604,0.670806456,1.434580767,0.151406598,0.718574037,5.4,6.6
Gm5558,2.7099315,2.223641413,1.547886612,1.436566087,0.150841326,0.718574037,3.2,2
Gm6063,5.670120736,1.584234247,1.100015549,1.440192594,0.149812918,0.718574037,6.2,4.8
Itgb7,475.0969432,0.360142791,0.25051517,1.43760871,0.150545108,0.718574037,430.8,737.5
Katna1,141.632238,-0.539940372,0.375923144,-1.436305213,0.150915511,0.718574037,104.7,300.4
Klrg1,31.72788244,1.136199685,0.791616401,1.435290734,0.151204267,0.718574037,34.7,34.3
Mzf1,2.696954178,-4.256864339,2.960405871,-1.437932677,0.150453157,0.718574037,0,10.9
Nab1,443.1294576,-0.505487648,0.351769019,-1.436987401,0.150721573,0.718574037,295.8,933.3
Nin,320.0127391,0.368548424,0.256423047,1.437267162,0.150642096,0.718574037,281,495.5
P2rx7,28.8867025,1.508944755,1.049731911,1.437457259,0.150588109,0.718574037,37.7,24
Parp2,112.6316591,-0.624684669,0.434796581,-1.436728568,0.150795134,0.718574037,77.1,229.7
Plcb3,50.69734041,1.321363941,0.917834735,1.439653448,0.14996547,0.718574037,47.5,51.1
Rfxank,37.43295988,-1.322728254,0.920208645,-1.437422112,0.15059809,0.718574037,16.7,95.7
Rnf144a,34.09224381,1.174462468,0.816375821,1.438629658,0.150255479,0.718574037,39,36.3
Rps20,870.1432127,0.291540239,0.202830475,1.437359144,0.150615971,0.718574037,848.2,1388.2
Rwdd2a,2.411088327,-3.698163109,2.576612041,-1.435281311,0.151206951,0.718574037,0.1,9.2
Slfn2,796.0834145,0.260747165,0.181169792,1.439241948,0.150081984,0.718574037,588.1,1291.8
Srsf1,576.7515209,-0.333014655,0.231423541,-1.438983491,0.1501552,0.718574037,406.1,1162
Ssx2ip,27.93599775,1.420857966,0.98764013,1.438639361,0.150252728,0.718574037,41,25.6
Stx2,44.86413925,1.039524319,0.722800332,1.438190151,0.150380109,0.718574037,64.2,51.7
Szt2,173.644508,0.5230025,0.363213541,1.439931174,0.149886872,0.718574037,137.2,248.1
Tmem44,2.948721181,-4.019655718,2.799770769,-1.435708867,0.151085201,0.718574037,0.1,11.1
Trappc3,121.0890978,0.43606688,0.303444923,1.437054461,0.150702519,0.718574037,114.9,181.4
Trbv31,2.477425501,-4.133461948,2.872096925,-1.439179128,0.150099778,0.718574037,0,8.5
Wdr75,129.7558444,0.565857276,0.394329408,1.434986242,0.151291018,0.718574037,116.1,187.7
Ybey,29.85194576,1.242916074,0.863343831,1.439653623,0.14996542,0.718574037,29.9,31.3
Fbxo31,55.63714729,-0.865727595,0.603749129,-1.43391941,0.151595262,0.718988817,32.5,119.4
Otud7b,189.1999336,-0.382151442,0.266670469,-1.43304747,0.151844272,0.719926524,132.5,387.9
Anapc2,175.0408133,0.537408465,0.375196166,1.432339967,0.15204655,0.720031503,164.9,260.8
Fam92a,67.80278542,-0.890434243,0.621572385,-1.432551163,0.151986147,0.720031503,51.2,155.1
Socs6,59.79457652,0.974776172,0.680589722,1.432252267,0.152071638,0.720031503,59.6,72.3
Ypel3,819.1108965,-0.238964176,0.166820891,-1.432459536,0.152012351,0.720031503,537,1555.6
Rhof,237.6471823,-0.387361676,0.270596834,-1.431508532,0.152284524,0.720067724,184.2,480.7
Serpinb6b,457.3570514,0.456451574,0.318803289,1.431765575,0.152210923,0.720067724,325.8,707.8
Spns1,76.15888046,0.713821727,0.498633023,1.431557266,0.152270567,0.720067724,59.5,104.3
Zfp442,7.160257393,-2.220177278,1.550808737,-1.431625465,0.152251038,0.720067724,2.7,21
Bcl11b,1912.803351,-0.209592922,0.146577744,-1.429909585,0.152742971,0.720521254,1261.7,3668.3
Cela1,20.78142947,-1.446561525,1.01121473,-1.430518644,0.152568219,0.720521254,11.2,51.6
Cipc,124.0978045,0.517842532,0.362132163,1.429982159,0.15272214,0.720521254,116.5,185.1
Gm17146,2.653442322,-4.23334449,2.960468723,-1.429957512,0.152729214,0.720521254,0,10.5
Gm45809,8.5452813,-2.25391329,1.575619733,-1.430493185,0.15257552,0.720521254,2.8,25.6
Jak1,2051.846672,0.137353215,0.096068552,1.429741697,0.152791168,0.720521254,1624.2,3528.1
Kdm7a,417.1482867,0.351122191,0.245375385,1.430959306,0.152441878,0.720521254,330.6,655.3
Zfp239,9.974174372,-2.205625208,1.542190888,-1.430189496,0.152662639,0.720521254,5.6,28.9
Rpp21,129.2772628,-0.749518231,0.524462836,-1.429116,0.152970896,0.720884335,93.2,281.7
Uqcrb,81.95542305,-0.572295233,0.40045061,-1.429128134,0.152967409,0.720884335,57.3,174
Gm37004,35.7833431,-1.336833233,0.935659837,-1.428759876,0.153073262,0.721124589,20.4,95.4
Abt1,64.00314834,0.742158231,0.520216003,1.426634757,0.1536852,0.721826673,54.9,91.3
Fgf7,2.938339379,4.226752475,2.962290352,1.426852865,0.15362231,0.721826673,12.4,0.5
Gm49309,23.70753965,-1.40871893,0.987424515,-1.42665987,0.153677958,0.721826673,15.5,61.7
Iqsec1,334.0946816,0.251685495,0.176327616,1.427374226,0.153472056,0.721826673,254.5,536
Mterf3,80.7837585,0.613424411,0.429962207,1.426693792,0.153668176,0.721826673,82,116.5
Rbms1,1299.777702,-0.170214149,0.119253918,-1.427325418,0.153486117,0.721826673,997.2,2450.1
Smn1,131.3969133,-0.706454226,0.494886161,-1.427508551,0.153433362,0.721826673,78.2,276.5
St5,12.66599371,2.151543236,1.507150958,1.427556559,0.153419535,0.721826673,21.6,9.3
Zfp955b,63.32538497,1.121770136,0.786229899,1.426771148,0.15364587,0.721826673,50.6,70.9
2310039H08Rik,61.94300881,0.682040366,0.478176591,1.426335749,0.15377145,0.721849901,58.9,88.5
Phf11b,328.8853921,-0.300201179,0.210481236,-1.426261001,0.153793017,0.721849901,214.3,640
Arl11,12.0990163,2.858783719,2.006434303,1.424808036,0.154212699,0.721867084,21.6,4.4
Fbxl4,21.46912478,-1.286598208,0.90244352,-1.425682804,0.153959922,0.721867084,16,53.3
Gm43027,3.029013837,1.016303222,0.713404067,1.424582882,0.154277811,0.721867084,3.1,3.6
Gm7730,13.21368231,1.727593672,1.21295062,1.424290192,0.154362485,0.721867084,12.9,11.4
Hbp1,129.9506716,0.793947792,0.556845885,1.425794486,0.153927673,0.721867084,108.2,168.7
Hsd17b12,138.140724,0.55469273,0.389060338,1.425724175,0.153947976,0.721867084,115.7,202.2
I730030J21Rik,110.1504382,-0.473125884,0.332077038,-1.424747365,0.154230242,0.721867084,64.1,217.3
Mpzl1,3.148051081,-3.611771839,2.533886991,-1.425387893,0.154045106,0.721867084,0.4,9.6
Pdk2,10.72297444,1.900363919,1.334176506,1.424372195,0.154338759,0.721867084,18.5,8.1
Upp1,41.90196725,-1.297290373,0.910809392,-1.42432696,0.154351847,0.721867084,27.8,98.6
Zeb2os,4.562375397,-2.854370936,2.003597138,-1.424623185,0.154266154,0.721867084,1.5,12.8
1700041G16Rik,7.401331682,-2.019478396,1.418827301,-1.423343344,0.154636648,0.7229083,4.6,21.1
Ermn,2.458236966,-4.122073528,2.896702031,-1.42302297,0.154729497,0.723049975,0,8.3
Fam151b,2.397604957,-4.084193815,2.870364628,-1.422883272,0.154769996,0.723049975,0,6.8
Mir142hg,459.3639676,-0.286687538,0.201591639,-1.422120179,0.154991366,0.723121285,302.2,898.4
Mrpl40,159.1079407,0.506964763,0.356443715,1.422285599,0.154943358,0.723121285,153.6,229.4
Usp24,248.120315,0.481155574,0.338282157,1.422349848,0.154924715,0.723121285,204,355.8
Zfp820,3.505697985,-2.99708663,2.107316644,-1.422228899,0.154959812,0.723121285,0.8,9.7
Chp1,174.9911775,-0.438153398,0.308193369,-1.421683407,0.155118179,0.723472425,119.6,355.9
A230050P20Rik,21.43045002,1.245630246,0.877157678,1.420075634,0.155585663,0.723580009,25.5,23.7
A330074K22Rik,2.373703575,-4.073127822,2.865882544,-1.421247298,0.155244879,0.723580009,0,9.8
Arhgap15,631.4729659,0.237811074,0.167585416,1.419043969,0.155886198,0.723580009,491.7,1023.2
Atp6v0c,2.908667677,3.652404968,2.571971111,1.420080091,0.155584366,0.723580009,2.3,6.2
Atxn7,363.6191403,0.312138975,0.219812166,1.420025932,0.155600132,0.723580009,316.6,589.2
Cog2,146.1538845,0.500510582,0.352895573,1.418296576,0.156104196,0.723580009,116.8,221.8
Fam83d,27.17150304,-1.251362441,0.881950094,-1.418858561,0.155940256,0.723580009,12.2,65.8
Fus,1974.948805,0.193759994,0.13650788,1.419405193,0.155780919,0.723580009,1561.6,3299.6
Gemin6,8.402492123,-2.521675449,1.775811724,-1.42001284,0.155603943,0.723580009,2.8,26.5
Gm9308,3.380676287,-2.083636835,1.469145257,-1.418264685,0.156113503,0.723580009,0.8,9
Gon4l,29.79287659,1.396618981,0.983990632,1.419341746,0.155799407,0.723580009,29.2,33.3
Nostrin,4.344930813,3.364321466,2.37149346,1.418650957,0.156000802,0.723580009,10.7,1.2
Pias3,81.96888028,-0.655321193,0.461965959,-1.418548662,0.156030642,0.723580009,48.5,179.3
Pigu,85.85275368,-0.93040902,0.656030984,-1.418239448,0.156120868,0.723580009,53.9,199.4
Pih1d1,98.14750771,0.42074546,0.296008143,1.421398263,0.155201011,0.723580009,86.4,144.9
Pip5k1b,13.16020943,-1.772047973,1.248724461,-1.419086459,0.155873811,0.723580009,5.1,39.1
Rock1,1916.214813,0.218878959,0.154312831,1.418410622,0.156070916,0.723580009,1398.4,3165
Sulf2,38.60587996,-1.168921963,0.82285728,-1.420564648,0.155443362,0.723580009,31.7,93.7
Trim65,46.78566437,1.071379,0.75477105,1.419475482,0.15576044,0.723580009,52.8,57.1
AI837181,104.9449118,0.382139013,0.269730676,1.416742872,0.156558118,0.725302155,96.7,167.1
Cbx5,473.7928162,0.207412419,0.146414207,1.416614027,0.156595805,0.725302155,420.4,789.2
Anp32b,815.3243744,0.259617558,0.183473198,1.41501626,0.157063729,0.725670767,720.3,1298.2
Apol9b,20.45932192,-1.237323425,0.873834503,-1.415969982,0.156784293,0.725670767,15.1,48.7
Cdkn2d,200.6164116,0.33043616,0.233622675,1.414401061,0.157244179,0.725670767,166.8,320.6
Enkd1,39.05774545,-1.262291915,0.891970158,-1.41517281,0.157017834,0.725670767,18.4,103.1
Gm11613,4.837404944,-2.496843173,1.765038633,-1.414611061,0.157182564,0.725670767,1.6,18
Gm37065,3.34273406,3.508520968,2.478485648,1.415590593,0.156895407,0.725670767,8,5.5
Gm49599,112.281984,0.605244056,0.427865486,1.414566202,0.157195724,0.725670767,91.5,168.3
Gm6035,3.571892436,-1.483426941,1.048155513,-1.41527371,0.15698826,0.725670767,2,9.6
Hipk2,94.69376758,0.773075519,0.546459333,1.414699085,0.157156743,0.725670767,88.2,124.8
Plekha8,4.881701903,-3.016480348,2.130784653,-1.415666451,0.156873185,0.725670767,1.1,16.1
Rpl7a-ps12,3.596759302,-1.617259034,1.142451198,-1.41560448,0.156891339,0.725670767,1.4,9
Rnps1,137.6278706,-0.621073976,0.439303466,-1.413769806,0.157429502,0.726287189,92.3,293.7
D6Wsu163e,34.43496622,1.542985924,1.092311049,1.412588406,0.15777678,0.72669489,27.1,32.5
Loxl3,3.118146949,-3.598931277,2.547650477,-1.412647186,0.157759488,0.72669489,0.4,11.4
Mcrip1,136.0581623,-0.416045758,0.294508988,-1.412675929,0.157751032,0.72669489,98.3,266.5
Nccrp1,4.748339694,-2.034916094,1.440526773,-1.412619419,0.157767656,0.72669489,1.6,13
Wdfy1,248.4097067,-0.286015022,0.202441568,-1.412827535,0.15770644,0.72669489,179.4,497.4
Gnas,74.84552034,-0.733321247,0.519310859,-1.41210459,0.157919167,0.727112072,48.2,165.9
Rrnad1,111.7449276,0.671080173,0.475316927,1.411858351,0.157991673,0.727207327,87.6,148.2
Hist1h1c,124.5966045,0.972835237,0.689331778,1.411272871,0.158164171,0.727762613,114.5,152.1
Snrpert,11.86190556,-1.2074687,0.855797198,-1.410928551,0.158265683,0.727991016,4.2,27.9
Trib2,169.9777253,-0.469130894,0.332751798,-1.409852319,0.158583294,0.72921296,101.9,350.8
Pi4k2a,197.3333813,0.48554656,0.344440627,1.409666924,0.158638056,0.729225834,168.2,296.1
Golga5,144.9701272,0.553286485,0.392604316,1.409272551,0.158754592,0.729522576,100.3,211.5
1500002C15Rik,8.819105634,3.18320626,2.259211672,1.408989825,0.158838177,0.729667749,10.1,2.8
Bop1,120.815446,0.525613127,0.373093954,1.408795616,0.158895612,0.729692741,127.8,166.2
1110008L16Rik,18.57131584,1.24280409,0.883239677,1.407097215,0.159398564,0.729697699,26.1,19.9
4930520O04Rik,8.179755881,-2.017295949,1.434153428,-1.406610973,0.159542777,0.729697699,2.5,22.8
Ank3,44.24149328,1.058376518,0.752289289,1.406874368,0.159464645,0.729697699,36.4,53.5
Ccnk,281.0908782,0.336673006,0.239262752,1.407126693,0.159389824,0.729697699,238.6,437.2
Cers2,389.9249626,-0.376987733,0.267925282,-1.407062934,0.159408728,0.729697699,282.6,797.9
Epb41l1,21.2999808,1.932699255,1.372414051,1.408247936,0.159057666,0.729697699,22.7,15.6
Gli3,13.12128762,2.47723,1.761020444,1.406701443,0.159515938,0.729697699,22.4,6.3
Gm8899,20.60917745,1.656518863,1.177182719,1.407189247,0.159371279,0.729697699,20.7,16.7
Gm9888,4.569416375,-2.855586961,2.030769573,-1.406160009,0.159676616,0.729697699,1.7,12.1
Jpt2,34.26189081,1.382968789,0.982116258,1.408151813,0.159086121,0.729697699,36.7,33.4
Ptgr1,10.18260804,-1.523347583,1.082832851,-1.406816927,0.159481682,0.729697699,6.9,27.9
Scara3,2.689745027,4.169111605,2.96436159,1.406411289,0.15960203,0.729697699,21.2,4.3
Tent4a,80.14352652,0.628539955,0.446977319,1.406201004,0.159664446,0.729697699,80.8,113.2
Tmie,26.94838381,1.180456004,0.8383253,1.408112106,0.159097877,0.729697699,27.6,26.7
Zc3h15,416.4589487,0.312429255,0.222098125,1.406717211,0.15951126,0.729697699,331.8,652
AC133523.4,3.029749344,-3.485269988,2.479514298,-1.40562609,0.159835185,0.729709493,0.3,10.9
Nans,270.966362,-0.386123676,0.274637195,-1.405940941,0.159741663,0.729709493,189.3,553.2
Slc35e1,223.0378509,-0.389750746,0.277249442,-1.405776483,0.159790507,0.729709493,150.3,462.8
A430103D13Rik,53.82746612,1.056993568,0.752153455,1.405289786,0.159935124,0.729928304,54.2,59.4
Akap9,702.2636919,0.250416923,0.178398983,1.403690302,0.160411092,0.731370154,555,1144.2
Napepld,8.792774515,3.801068938,2.708224886,1.403527808,0.160459506,0.731370154,6.9,7.3
Rpap2,98.87775992,-0.705611434,0.502612212,-1.40388836,0.160352096,0.731370154,54.7,215.4
Usp32,113.801126,0.657865769,0.468612726,1.403858095,0.16036111,0.731370154,115.3,162.5
Cenpt,30.3092533,-0.809861742,0.577153409,-1.403200137,0.160557167,0.731571986,20.6,65.9
Lysmd1,2.862103194,-2.178727248,1.552873448,-1.403029494,0.160608044,0.731571986,1,8.6
Acat2,79.7969571,0.591786078,0.421895917,1.402682637,0.160711497,0.731701388,61.8,116.3
Chtop,364.6933118,-0.398471772,0.284114321,-1.402505058,0.160764481,0.731701388,240.2,740.6
Gm43059,2.507297015,-4.151475693,2.960695651,-1.402196032,0.160856716,0.731701388,6.5,9.7
Sil1,40.72916201,-0.895311285,0.638456719,-1.402305369,0.160824078,0.731701388,31.1,93.4
Traj12,181.8817828,0.422966287,0.301674748,1.402060633,0.160897142,0.731701388,137.3,276.8
Foxo3,105.529234,-0.762956838,0.544310613,-1.401693849,0.161006688,0.731962379,66.2,237.8
4930565N06Rik,7.948762407,3.179781707,2.272746365,1.399092197,0.161785337,0.732284991,10.6,4
Camk2n2,4.749722412,3.365007272,2.405914972,1.398639316,0.16192117,0.732284991,5.5,7.1
Dpp8,284.3031321,0.512568344,0.366209091,1.399660348,0.161615053,0.732284991,228.1,417.7
Eid1,208.507642,-0.510335851,0.364553945,-1.399891177,0.161545909,0.732284991,158.4,442.2
Etfbkmt,50.18003561,0.897073643,0.640697666,1.400151258,0.161468028,0.732284991,43.7,58.4
Fip1l1,605.9193306,0.237996226,0.170082377,1.399299744,0.161723117,0.732284991,451.3,994.3
Gm10923,2.494767847,3.047814655,2.179896396,1.398146564,0.162069059,0.732284991,6.6,0.9
Gm42873,2.77009606,-3.95619936,2.825784715,-1.400035657,0.161502641,0.732284991,0.1,11.7
Gm44148,2.492154437,-4.140877236,2.96072598,-1.398601986,0.16193237,0.732284991,3.8,8.3
Gm7424,5.80405834,1.648287533,1.17876997,1.39831144,0.162019564,0.732284991,6.5,5.3
Hsd17b7,43.31828199,1.003306308,0.716439841,1.400405521,0.161391918,0.732284991,38.4,49.8
Igfbp3,10.74776129,-1.825053889,1.304640369,-1.398894234,0.161844702,0.732284991,29.1,32.2
Itpr3,168.7996861,0.411057438,0.293927381,1.398499984,0.161962977,0.732284991,138.1,262.7
Nlrx1,33.59510652,1.080780708,0.771725978,1.400472109,0.16137199,0.732284991,34.4,38.9
Pcolce,21.8278419,1.755189226,1.253456593,1.400279225,0.16142972,0.732284991,31.9,16.7
Pum2,734.0001392,0.210509106,0.150509146,1.398646602,0.161918984,0.732284991,593,1201.9
Rrm1,250.2126635,0.258466382,0.184748795,1.399015251,0.16180841,0.732284991,208.3,412.1
Smchd1,1287.638178,0.257104402,0.183490249,1.401188362,0.161157753,0.732284991,1080.9,2103
Strc,2.375211741,-4.071330899,2.911303321,-1.398456447,0.161976043,0.732284991,0,7.2
Gm43133,8.342748511,-2.170023598,1.552281335,-1.39795767,0.162125779,0.732305498,4,23.3
Mob3b,10.89722532,2.093826729,1.498030348,1.397719833,0.162197216,0.732392448,20.6,7.3
Dmpk,2.325799145,-4.042779226,2.896022796,-1.395976314,0.162721628,0.734008086,0,8.7
Kpna3,149.351616,-0.540275288,0.387062467,-1.39583487,0.162764227,0.734008086,110.1,308.2
Tmod4,15.39831515,-1.560716821,1.118068332,-1.395904684,0.1627432,0.734008086,7,33.9
Txlnb,2.475476535,-4.133347317,2.960747663,-1.396048494,0.162699892,0.734008086,0,10
Exoc5,327.6240608,-0.368202382,0.263845218,-1.395524185,0.162857827,0.734194264,221.2,651.1
Ei24,154.03214,-0.378351843,0.271241806,-1.394887638,0.163049725,0.734823329,105,317.8
Naxe,141.0834174,-0.660768274,0.474019688,-1.393967997,0.163327269,0.735837847,98.7,310.8
Sema4f,24.75679326,-1.62593487,1.167239016,-1.392975088,0.163627324,0.736716673,8,62.6
Taf6l,18.91414841,1.094374811,0.785589596,1.393061742,0.163601121,0.736716673,22.3,23.1
Ipo9,126.8360334,0.554112047,0.397891207,1.392621999,0.163734127,0.736808321,125.9,182.6
Shoc2,199.5150213,0.339866028,0.244062939,1.392534354,0.163760646,0.736808321,150.9,321.9
Zbtb24,52.45312946,-1.151579057,0.827053764,-1.392387179,0.163805185,0.736808321,31.6,116.5
Tkt,176.1902089,0.535659311,0.384862738,1.391819104,0.163977184,0.737345656,178.8,258.3
Sppl2a,417.2856302,0.381181006,0.273934272,1.391505355,0.164072237,0.737536763,365.3,637.5
Bub1b,87.44677957,0.670314911,0.48218351,1.390165566,0.164478607,0.738416078,78.6,115.8
Cox6b1,1338.529439,-0.130101976,0.09360864,-1.389850072,0.16457441,0.738416078,999.5,2466.5
Gm11914,10.21186702,-1.926717893,1.386998691,-1.389127406,0.164794011,0.738416078,4.1,27.8
Gm37570,19.65623462,-1.711911048,1.23099438,-1.390673325,0.16432451,0.738416078,6.1,56
Phf20l1,995.5111179,0.237793036,0.171150833,1.389377029,0.164718132,0.738416078,741.5,1595.1
Psmd11,360.7184427,-0.31587376,0.227289051,-1.389744727,0.164606408,0.738416078,271.6,710.2
Rabgap1l,708.4762134,0.340511539,0.245014242,1.38976223,0.164601091,0.738416078,525.2,1102.2
Slc2a3,366.3834706,-0.350515909,0.252281247,-1.389385512,0.164715554,0.738416078,258.7,723.8
Uimc1,296.5945199,0.361846364,0.26048391,1.389131342,0.164792815,0.738416078,246,466.9
Zfp574,58.50713048,-0.798229641,0.574153762,-1.390271549,0.164446434,0.738416078,48.6,131.8
Gm20712,3.583539349,2.293774545,1.651843425,1.388614992,0.164949856,0.738878481,6.7,6.4
Gemin7,103.6522956,0.682412201,0.491637057,1.388040611,0.165124679,0.739425573,81.3,140.1
Gm42471,2.43557482,-4.108931304,2.960818752,-1.387768603,0.165207518,0.739557926,5.5,8.4
Zbtb10,22.80088188,1.761437133,1.269415,1.387597541,0.165259631,0.739557926,22.7,17.7
Gm45221,86.21254303,0.795543351,0.57348857,1.387200011,0.165380782,0.739864168,84.3,114.6
Gfm1,80.28550378,0.868574116,0.62626586,1.386909573,0.165469338,0.740024441,69.9,103.2
Atp10d,133.3786002,0.887175936,0.640068531,1.386063982,0.165727367,0.740401689,124.2,173
Coq2,114.9027215,0.49004787,0.353523585,1.386181549,0.165691474,0.740401689,103.1,161.6
Nkd2,2.490628221,-3.27804322,2.365185879,-1.385955856,0.165760383,0.740401689,0.3,8.8
Zfp101,33.79549317,-1.108781924,0.800020639,-1.385941649,0.165764722,0.740401689,21.8,79.8
Cfap97,138.692277,0.666207537,0.480791357,1.385647906,0.165854443,0.740505583,137.6,192.4
Cpq,8.600692848,2.767471436,1.997715826,1.385317871,0.165955292,0.740505583,41.3,3.3
Gm13862,4.112513483,-1.827226086,1.319294758,-1.385002157,0.166051808,0.740505583,2.3,11.5
Lsmem1,11.33072968,2.199784846,1.588176927,1.38510062,0.166021702,0.740505583,13.8,7.6
Wrn,227.4468369,0.526384027,0.379959326,1.38536941,0.16593954,0.740505583,197.4,330.8
Ak2,157.3609604,0.50037082,0.361543524,1.383985018,0.166363042,0.740543586,158.5,234.1
Bin3,120.8829957,-0.461912275,0.333836357,-1.383648803,0.166466017,0.740543586,88.4,246.3
E330020D12Rik,16.82320148,1.381705602,0.997920282,1.384585149,0.166179355,0.740543586,14,16.9
Gdi2,1272.209566,0.24455524,0.176721596,1.383844672,0.166406021,0.740543586,1053.9,2091.2
Gjb2,2.415758231,-4.096841658,2.9608544,-1.383668734,0.166459911,0.740543586,0,8.2
Mbtd1,191.7635026,0.545618476,0.394366313,1.383532158,0.166501754,0.740543586,161.2,280.8
Morc3,291.5287907,0.380252185,0.274897518,1.383250703,0.166588008,0.740543586,229.5,455.5
mt-Tq,7.755837855,1.567679225,1.132468204,1.384303082,0.166265671,0.740543586,10.9,7.2
Slc52a2,40.25511578,-0.945886023,0.68315488,-1.384585033,0.16617939,0.740543586,27.9,100.2
Zfp592,206.0214183,0.518590817,0.374877936,1.383359135,0.166554774,0.740543586,175.3,290.2
Alkbh4,71.55716301,-0.64987184,0.470124752,-1.382339127,0.166867597,0.740841356,41.9,165.9
Arhgap25,275.4823047,0.340189618,0.246060532,1.382544427,0.166804599,0.740841356,202.1,428.8
Bag6,298.1004813,-0.481997514,0.348642782,-1.382496753,0.166819227,0.740841356,233.9,602.7
Cenpx,108.1687244,-0.544007322,0.393588769,-1.382171862,0.166918937,0.740841356,70.2,218.5
Gm44750,13.91605097,2.448668415,1.771422199,1.382317788,0.166874147,0.740841356,19.9,6.9
AC122861.4,2.256098172,-3.999168547,2.894928397,-1.381439538,0.167143856,0.74138614,0,8.8
Gm6977,10.75034495,1.075265186,0.778372109,1.381428206,0.167147338,0.74138614,12.5,11.6
2900097C17Rik,24.96092489,1.08020738,0.782141267,1.381089868,0.167251331,0.741389081,31.1,27.5
Stag2,511.8175036,0.319053199,0.23101679,1.381082298,0.167253658,0.741389081,384.1,814.1
Wdr55,83.81839886,0.57407051,0.415721905,1.380900316,0.167309613,0.741402939,62.1,117.4
H2afy,1165.809985,0.233296044,0.169028299,1.38021885,0.167519272,0.742090856,958.3,1897.9
Insig1,77.07527798,0.932805541,0.675920533,1.380052085,0.167570609,0.742090856,77.2,96.2
Gm37902,20.31711056,2.036989234,1.476393559,1.379706124,0.167677147,0.742328415,20.2,12.3
Gm23722,12.80415394,-1.608004464,1.166139339,-1.378912803,0.16792164,0.74317638,8.8,32.8
Cstf2,84.19036752,0.527112931,0.382372625,1.378532082,0.16803907,0.743227325,60,130.1
Gm10689,19.56490561,0.89093745,0.646220733,1.378689052,0.167990647,0.743227325,16.4,26.5
Cerk,124.0830742,0.530508265,0.384975059,1.378032817,0.168193156,0.74334289,105,176.5
Gm15893,79.01951615,0.738734665,0.536125602,1.377913426,0.168230019,0.74334289,49.9,105.4
Gm16091,3.149792845,2.875732558,2.086889697,1.377999308,0.168203502,0.74334289,5.4,1.5
Rpl34,1131.129652,0.167758784,0.121761884,1.377761076,0.168277067,0.74334289,958,1848.2
4930431F10Rik,2.701675453,-3.917468669,2.844967618,-1.376981813,0.168517871,0.743470543,0.1,9.9
Gm32509,2.385737679,-4.078146855,2.960910113,-1.377328828,0.168410606,0.743470543,0,7.6
Med20,92.11364104,-0.487407238,0.353944848,-1.377071146,0.168490253,0.743470543,65.6,197.3
Pkd1l3,30.55895889,1.686001472,1.224283122,1.37713364,0.168470934,0.743470543,24.5,27.9
Tubgcp3,183.6042349,0.518172837,0.376374311,1.37674868,0.168589962,0.74355485,128.9,268.9
Casp9,56.26515573,0.904610736,0.657261441,1.37633319,0.168718502,0.743561396,60.1,69.1
Dnhd1,2.378902146,-4.075066351,2.960919363,-1.376284137,0.168733682,0.743561396,0,8.3
Tbc1d10b,264.7335076,-0.366523159,0.266324033,-1.376230135,0.168750395,0.743561396,171.6,543.5
Apold1,7.708637966,-1.874245868,1.362769838,-1.37532092,0.169031973,0.744192641,5.3,21.2
Bik,8.119775061,-2.234005843,1.624483313,-1.37521009,0.169066321,0.744192641,4.8,21.9
Gm14023,2.374369752,-4.071524036,2.960930024,-1.37508283,0.169105767,0.744192641,0,7.6
Gm45481,2.719071508,-3.51907929,2.559160521,-1.37509127,0.169103151,0.744192641,0.2,9.4
Arl6ip5,65.21895367,0.635543273,0.46266218,1.373665927,0.16954542,0.744687831,54.9,88.8
Ccdc63,4.903992834,-2.760192536,2.009712971,-1.373426244,0.169619876,0.744687831,0.9,15.6
F830115B05Rik,30.75737174,-1.392637103,1.014330704,-1.372961596,0.169764286,0.744687831,9.2,71.9
Gdf11,116.296458,-0.441260348,0.32142146,-1.372840346,0.169801985,0.744687831,73.5,238.8
Gm26664,2.370045211,-4.069125358,2.960937258,-1.374269363,0.169358074,0.744687831,0,7.8
Odf2,144.7815308,-0.694416207,0.505532568,-1.373632979,0.169555653,0.744687831,103.1,313.8
Selenop,15.57095922,2.144329102,1.560915654,1.373763596,0.169515086,0.744687831,17.2,8.4
Slc35a3,110.6452503,-0.712918916,0.519152403,-1.373236283,0.169678904,0.744687831,79,250.3
Slc39a9,89.5820182,0.649279162,0.472916542,1.372925461,0.16977552,0.744687831,70,128.8
Uty,68.23242558,-1.173120451,0.853541515,-1.374415221,0.169312813,0.744687831,24.5,179.7
Wwp1,133.2771007,0.567629387,0.413242078,1.373600165,0.169565846,0.744687831,120.7,187.6
Ell,140.2445233,-0.527644968,0.384601621,-1.371926011,0.170086472,0.745702453,87.4,293
Dapk1,26.71026218,1.966789969,1.434310379,1.371244326,0.170298805,0.746271361,26.5,19.6
Pou6f1,82.05713756,-0.75413702,0.54999607,-1.371168017,0.170322586,0.746271361,50.6,187.1
Gm28187,47.97651711,0.967140784,0.705508856,1.370841451,0.170424386,0.746484343,44.4,59
Ccnb2,93.02348911,-0.697520683,0.509488889,-1.369059656,0.170980628,0.747288114,66.1,203.2
Mid1ip1,59.67182376,-0.739220931,0.539838088,-1.36933823,0.170893573,0.747288114,36.1,128
Phldb3,24.94726319,1.221967538,0.892174064,1.369651492,0.170795718,0.747288114,26.4,27.3
Rbp1,12.11018246,2.009504171,1.467257405,1.369564853,0.170822777,0.747288114,12.9,7.7
Rnf149,193.2698506,0.49008788,0.357791164,1.369759594,0.170761959,0.747288114,183.8,272.6
Sh3gl1,296.7624602,0.308204515,0.224989751,1.369860243,0.170730532,0.747288114,244.3,470.5
Vps26c,81.11805373,-0.789905863,0.576918907,-1.369180058,0.170942998,0.747288114,50.9,178.9
Asap1,190.6275015,0.357970444,0.261541379,1.36869525,0.171094556,0.747318967,175.4,297.5
Naa38,139.8080621,-0.547343959,0.399911836,-1.368661565,0.17110509,0.747318967,115.3,292.8
Pcdh17,4.566795214,-3.640165396,2.660313205,-1.368322117,0.171211271,0.747318967,0.8,14.7
Rpl36,45.45518827,0.812888188,0.593995433,1.368509154,0.171152759,0.747318967,37.8,61.7
Trim26,287.7093975,0.304564634,0.222632426,1.368015607,0.171307191,0.747318967,238.7,459.4
Wdr46,31.96820836,0.916359279,0.669819519,1.368068941,0.171290498,0.747318967,24.7,39.4
Ssu72,72.72992549,-0.777760971,0.568692605,-1.36762983,0.171427974,0.747381233,44.2,161.4
Trdc,15.9677204,1.574427234,1.151086102,1.367775382,0.171382396,0.747381233,19,14.6
Kars,310.8159012,0.350770765,0.256545083,1.367287032,0.171535355,0.747617133,278.9,479.3
Gm26514,15.28837014,-1.742638593,1.275064715,-1.366705997,0.171717477,0.74794633,5.5,43.4
Parp4,360.0087707,-0.320924067,0.23480776,-1.366752388,0.171702931,0.74794633,237.3,721.7
6720464F23Rik,291.3610396,-0.421991871,0.308906192,-1.366084208,0.171912534,0.748138371,155.3,577
Gm14320,2.258432898,-3.999964742,2.928112565,-1.36605566,0.171921494,0.748138371,0,8.1
Ngdn,192.6089592,0.428045607,0.313319885,1.366161637,0.171888236,0.748138371,165.4,287
Ap3m1,104.253956,-0.582611544,0.426702432,-1.365381351,0.172133222,0.748162173,62.2,224.2
BB557941,3.51457392,-3.358640212,2.459895106,-1.365359118,0.172140206,0.748162173,0.3,9.8
Gart,32.18361286,1.212280995,0.887842597,1.36542333,0.172120036,0.748162173,26.1,38.9
Vcp,267.6318606,0.221960601,0.162527574,1.365679659,0.172039531,0.748162173,216.5,433.2
Gm42576,73.46343009,-0.578686596,0.424211071,-1.364147792,0.172521056,0.748315003,47.6,156.1
Gm42963,2.324204591,-4.041307924,2.961022031,-1.36483548,0.172304765,0.748315003,0,8.1
Gm43990,3.829555204,-2.762984476,2.025469731,-1.364120349,0.172529691,0.748315003,1.4,10.7
Gm8513,7.627405154,-1.550020424,1.136328296,-1.364060395,0.172548558,0.748315003,5.3,22.8
Hnrnpa1,409.0833223,-0.287272727,0.210601209,-1.364060196,0.172548621,0.748315003,304,796.2
Mpi,13.55540577,-1.45870422,1.069184839,-1.364314351,0.172468651,0.748315003,7.9,35.7
Noct,159.67278,0.487265588,0.357122634,1.364420909,0.172435131,0.748315003,118.7,236.2
Lrrc45,77.75371535,0.811594719,0.595251023,1.363449516,0.172740885,0.748917385,73.3,98.8
Gm13340,51.45344623,0.683092468,0.5012966,1.362651307,0.172992431,0.749750544,49.8,72
Nt5c2,61.83135977,0.691257638,0.50735551,1.362471923,0.173048999,0.749750544,50.8,82.4
Tspan9,16.88553279,2.328507389,1.709207773,1.362331383,0.173093328,0.749750544,36.2,10.5
Serpini1,34.26493221,-1.138419336,0.836042025,-1.361677167,0.17329979,0.750413223,13.6,82.8
Nat14,2.511530134,-2.927166958,2.150726428,-1.361013154,0.173509533,0.751089692,0.3,8.1
Dnajc21,158.0402655,-0.481339072,0.353832676,-1.360357888,0.173716698,0.75129126,109.6,324.1
Mfsd10,133.7862808,-0.557311068,0.409607987,-1.360596193,0.173641335,0.75129126,96,283.3
Terf2,138.0866714,-0.471967905,0.346914545,-1.360473098,0.17368026,0.75129126,83.5,285.3
AC122252.2,62.48024186,1.02652574,0.755210247,1.359258226,0.174064777,0.751432961,68.9,72.4
Odf2l,46.42473643,0.981947798,0.722205496,1.359651516,0.173940228,0.751432961,44.2,56
Pramef8,73.22407858,-0.733789082,0.539852698,-1.359239447,0.174070725,0.751432961,53.8,168.5
Rpl15,94.39635483,-0.610672585,0.44908552,-1.359813572,0.173888927,0.751432961,73.7,191
Smim5,4.018118064,-3.1081248,2.286231944,-1.359496707,0.173989245,0.751432961,0.4,12
Stimate,70.03856488,-0.969005162,0.712757678,-1.359515571,0.173983272,0.751432961,43.6,160
Rsl1,23.58349124,1.460791783,1.075027641,1.358841138,0.174196934,0.751746549,29.3,23.8
Clic1,279.3192287,-0.308831693,0.227312797,-1.358619913,0.174267062,0.751817997,208.8,551.2
Clmp,2.699858727,-3.885856783,2.862024055,-1.357730302,0.174549278,0.752804108,3.9,8.5
Gm7123,4.018175664,-2.123870883,1.564885286,-1.357205478,0.174715931,0.753291358,2.2,11.6
1810037I17Rik,558.0175994,-0.241468044,0.178525711,-1.352567327,0.176193896,0.75330105,424,1082.6
Ahi1,151.3634665,-0.625246345,0.462773906,-1.351083839,0.176668578,0.75330105,82.2,326.8
Alg14,15.18713076,-1.271487828,0.941265336,-1.350828272,0.176750449,0.75330105,11.4,36.7
Arhgef4,39.31287018,0.941332119,0.697238366,1.350086521,0.176988231,0.75330105,28.3,43.8
C430019N01Rik,20.97720508,3.066783917,2.266394741,1.353155239,0.176006042,0.75330105,24.2,8.3
Ccdc97,147.0537301,-0.478520603,0.354687836,-1.3491317,0.177294668,0.75330105,86.9,295.9
Chpf,73.98543483,0.622836837,0.460101427,1.353694645,0.175833817,0.75330105,80.7,101.7
Dusp16,75.54770432,0.617523533,0.457460675,1.349894247,0.177049907,0.75330105,73.8,105.1
Eloc,446.5608167,-0.389877596,0.288874446,-1.349643769,0.177130277,0.75330105,325.5,916.3
Fam49b,785.6820909,-0.240054014,0.177861075,-1.349671442,0.177121397,0.75330105,586.6,1524.3
Fam89a,2.186714405,-3.954313726,2.923926567,-1.352398439,0.176247888,0.75330105,0,8.6
Fbxo6,90.49951435,-0.58152846,0.428804931,-1.35616085,0.175047995,0.75330105,54,192.5
Gm11687,2.197815219,-3.004425543,2.221228356,-1.352596429,0.176184594,0.75330105,0.3,6.4
Gm14441,2.337143758,-1.68406385,1.241530571,-1.356441709,0.17495867,0.75330105,1.1,6.6
Gm16174,40.97593392,0.971646465,0.719737137,1.350001848,0.17701539,0.75330105,35.6,48.3
Gm37790,13.36789711,3.936019536,2.900844555,1.356852966,0.174827934,0.75330105,11.2,2.6
Gm43769,17.59392036,1.866030626,1.380341259,1.351861805,0.176419528,0.75330105,16.9,15
Grk2,883.9509375,-0.227824842,0.168538184,-1.351769891,0.176448939,0.75330105,618.4,1715.5
Hps3,158.3548274,0.574882247,0.425312578,1.351669986,0.176480911,0.75330105,149,240.5
Kif13b,295.3945173,-0.344862148,0.255590268,-1.349277306,0.177247912,0.75330105,196.9,605.8
Las1l,206.6888642,0.438804618,0.323913892,1.354695271,0.175514665,0.75330105,146.2,300.7
Lgals3,982.2920735,0.309370516,0.2290767,1.350510617,0.176852251,0.75330105,1006.3,1531.3
Lst1,110.9010949,-0.647181543,0.479276973,-1.35032889,0.176910509,0.75330105,76.5,217.3
Med12l,53.142659,0.916373077,0.677731254,1.352118662,0.176337358,0.75330105,47.4,62
Mrps18c,96.44293384,-0.70835664,0.525041534,-1.34914401,0.177290715,0.75330105,53.8,210.2
Natd1,30.14802195,-1.104856933,0.818428894,-1.349973029,0.177024634,0.75330105,9.7,73.7
Notch4,2.641459442,-3.884061721,2.86347802,-1.356414016,0.174967476,0.75330105,3.7,9.3
Plekhg5,8.312591494,-1.806203433,1.335726891,-1.352225103,0.176303315,0.75330105,1.6,25.5
Prrc1,190.2654914,-0.472650106,0.348677423,-1.355551217,0.175242002,0.75330105,130.1,382.5
Pusl1,9.829279134,2.073428776,1.533084578,1.352455569,0.176229623,0.75330105,15.3,6.3
Rabep1,291.1324443,0.385903296,0.285441965,1.351950106,0.176391277,0.75330105,216.1,447.7
Rgl1,22.19618655,1.737702121,1.28215713,1.35529576,0.175323345,0.75330105,20.1,14.9
Sgsh,57.92883254,0.755120185,0.557006631,1.355675395,0.175202471,0.75330105,49.5,75.1
Snrpb,613.6851912,-0.243666953,0.179681416,-1.356105483,0.175065608,0.75330105,481.8,1181.3
Stx5a,307.6038006,-0.323278934,0.238305892,-1.356571303,0.174917465,0.75330105,214.7,594.9
Tceal8,6.133789974,3.418462614,2.522974702,1.354933369,0.175438787,0.75330105,16.2,1.5
Tceanc,13.80088615,-1.536785005,1.134416402,-1.354692159,0.175515657,0.75330105,8.3,37.1
Tigar,58.04478441,-0.834373776,0.617562989,-1.351074775,0.176671481,0.75330105,30.4,133.4
Traj15,15.04879132,-1.678424587,1.240472054,-1.353053123,0.17603866,0.75330105,9.1,40
Trbv15,5.191758511,3.21137356,2.376364605,1.351380825,0.176573473,0.75330105,9.6,1.7
Trip13,55.00107309,1.263476784,0.935969336,1.349912583,0.177044025,0.75330105,46.4,57.9
Ube2g2,208.4848307,-0.527838492,0.390863795,-1.350440995,0.176874568,0.75330105,156,442.1
Ube3c,192.4113707,0.449908893,0.333014747,1.351017928,0.17668969,0.75330105,159.3,282.9
Vars,229.8131195,0.487593088,0.359713462,1.355504145,0.175256989,0.75330105,227.8,346.9
Vps37c,114.5741943,0.569305497,0.421291572,1.351333695,0.176588563,0.75330105,101.1,163.6
Wdr46-ps,11.31617844,-2.12898214,1.577654356,-1.349460439,0.177189119,0.75330105,5.3,31.2
Zmiz1os1,2.22373103,-3.978766538,2.945719034,-1.350694513,0.176793311,0.75330105,0,8.9
Zscan18,6.22915021,-2.429208554,1.791797634,-1.35573823,0.175182471,0.75330105,3.1,16.2
Gm43430,209.298645,0.513584209,0.380819892,1.348627579,0.177456618,0.753304952,160.2,304
Mms19,218.3760609,0.374832939,0.277905999,1.348775989,0.177408929,0.753304952,186.8,344.2
Nudcd1,63.91611134,0.949165559,0.703629662,1.34895615,0.177351051,0.753304952,63.1,77.6
Fzd4,7.502573016,-2.345865803,1.740150342,-1.348082258,0.177631927,0.753447759,4.1,22.7
Gm8337,2.054644075,1.419295167,1.052687805,1.348258392,0.17757529,0.753447759,2.2,2
Lgals3bp,876.3226532,-0.262738613,0.194906776,-1.348021957,0.177651321,0.753447759,712.7,1739.7
Slc12a9,55.40430137,-0.931795784,0.691378587,-1.347735962,0.177743321,0.753610202,42.3,130.7
9330020H09Rik,4.747456647,2.533602932,1.883412854,1.345219093,0.178554492,0.753793461,5.5,2.6
A930006L05Rik,2.173232939,-3.945138367,2.932914027,-1.345125814,0.178584608,0.753793461,0,8.2
Abl1,235.9525932,0.40454693,0.300902503,1.344445212,0.178804462,0.753793461,191.6,352.2
Arl2bp,440.2070555,-0.311274683,0.231439493,-1.344950591,0.178641191,0.753793461,356.3,852.4
Cetn2,248.3156963,-0.402848805,0.299071292,-1.346999246,0.177980475,0.753793461,177.9,513.4
Clk1,1947.381466,0.193531087,0.143759198,1.346217079,0.178232519,0.753793461,1415.1,3240
Dnmt3b,57.36584482,0.840708423,0.625143275,1.34482519,0.178681693,0.753793461,50.1,74.3
Dse,65.7971985,0.95660485,0.71035282,1.346661578,0.178089252,0.753793461,77.1,77.3
Fam214b,86.01397721,-0.622613401,0.462544945,-1.346060327,0.178283062,0.753793461,51.2,193.8
Gm11425,14.24453682,2.136173907,1.587655767,1.345489338,0.178467262,0.753793461,14.5,9.6
Gm23850,5.62920973,-2.848246682,2.117782351,-1.344919453,0.178651247,0.753793461,0.7,16.7
Gm49204,48.27163026,1.107399003,0.823791509,1.34427096,0.178860783,0.753793461,41.7,57.2
Grhl1,2.096963238,-3.546653735,2.638176267,-1.344358138,0.178832604,0.753793461,0.1,7.6
Maged1,36.09916059,1.380342886,1.026077382,1.345261976,0.178540648,0.753793461,66.8,35.8
Mrpl51,65.33513965,-0.738619006,0.548232869,-1.347272386,0.177892522,0.753793461,46.7,137.5
Pbx1,21.0594119,1.920219769,1.425410712,1.347134375,0.177936959,0.753793461,37.4,15.4
Spint2,187.8644416,-0.34254317,0.254801471,-1.344353191,0.178834203,0.753793461,137.7,369.6
Ssbp2,130.7446891,0.462691241,0.343966008,1.345165598,0.178571763,0.753793461,107.3,187
Tent2,80.80246688,0.550844637,0.408963599,1.346928281,0.178003332,0.753793461,77.8,115.4
Tpm3,563.9066021,0.345294774,0.256808489,1.34456137,0.178766925,0.753793461,438.7,848.1
Slc1a2,9.950867867,2.084298248,1.551827309,1.343125125,0.179231461,0.755128888,8.1,7.2
Gm37638,2.221645357,-3.976200712,2.961226939,-1.342754471,0.17935149,0.755407808,0,7.6
Cd209d,6.634382056,2.853296276,2.126887531,1.34153604,0.179746476,0.75571062,12.8,2.8
Dgat1,1189.9669,-0.386217341,0.287776127,-1.342075679,0.179571459,0.75571062,639.1,2377.4
Ecsit,55.52601989,-0.868168362,0.647049854,-1.341733341,0.179682473,0.75571062,31.2,124.2
Hspa5,1948.395047,0.171062466,0.127484484,1.341829686,0.179651224,0.75571062,1601.4,3242.7
Oip5,16.54270873,-1.305039456,0.972279282,-1.342247522,0.179515753,0.75571062,11,38.1
Qk,300.0572937,0.46531376,0.346843113,1.341568399,0.179735978,0.75571062,279.4,434.7
Ttk,20.56155961,-1.213774485,0.904965592,-1.34123827,0.179843105,0.755890426,14.4,51
Kmt5a,232.0422658,0.318512019,0.237531346,1.340926259,0.179944396,0.756089715,197.4,366.6
Flicr,2.20998861,-3.968685812,2.96125119,-1.34020573,0.180178469,0.756846644,0,7.6
Gm44199,68.58376674,-0.812855421,0.606800087,-1.33957697,0.180382915,0.757286142,42.8,156
Gtpbp8,10.58637618,-1.508149365,1.126171906,-1.339182195,0.180511367,0.757286142,5.7,26.6
Rcc1l,26.17787584,-1.020017196,0.761744297,-1.339054589,0.180552902,0.757286142,14.7,61.5
Rnaseh2a,48.80037781,-0.993569589,0.741933629,-1.339162358,0.180517824,0.757286142,40.3,113.8
Txn1,1512.520192,-0.151781545,0.113323697,-1.339362806,0.180452592,0.757286142,1142.3,2819.8
Gm16536,18.25609825,1.267620085,0.947323235,1.338107246,0.180861479,0.757448522,23.2,20.5
Kif5b,834.3547599,-0.144019576,0.107618019,-1.338247785,0.180815677,0.757448522,621.3,1542.4
Nfib,26.86877428,1.980676453,1.479884023,1.338399781,0.18076615,0.757448522,34.9,19.1
Smim8,42.20485046,1.028762172,0.768802794,1.33813532,0.180852329,0.757448522,43.5,42.9
Zwint,197.7023906,0.380673631,0.284452893,1.338265987,0.180809745,0.757448522,171.3,318.7
5830462O15Rik,10.71115191,-1.974754217,1.477103407,-1.336909933,0.181252038,0.757647331,4.8,31.5
AC157910.4,2.195675032,-3.959864489,2.961279818,-1.337213885,0.181152831,0.757647331,0,8.2
C130051F05Rik,111.3024784,0.555695404,0.415735787,1.336655207,0.18133521,0.757647331,74.1,155.1
Eml3,226.6527365,-0.543515287,0.406728294,-1.336310492,0.181447809,0.757647331,154.4,488.2
Gm37109,2.263404426,-3.276285314,2.451745228,-1.336307409,0.181448816,0.757647331,3.2,7.4
Lncpint,219.5506347,0.549659169,0.411299817,1.336395364,0.181420081,0.757647331,195,322.1
Ppm1b,163.7606194,-0.44996737,0.33640641,-1.337570738,0.181036409,0.757647331,95.7,337.8
Psmb10,571.3579187,-0.190021055,0.142056035,-1.337648591,0.181011017,0.757647331,419.4,1069.3
Tnfsf11,90.14288192,0.634027719,0.474459227,1.336316553,0.181445828,0.757647331,99.5,123.5
Usf1,86.75250263,-0.685730632,0.512785046,-1.337267219,0.181135427,0.757647331,57.9,192.3
Fdft1,37.89351893,-0.856704943,0.641270802,-1.335948775,0.181566017,0.757896355,22.9,89.6
Map1s,105.3097968,-0.490086476,0.366887639,-1.335794464,0.181616463,0.757896355,91.5,222.7
Rhoa,303.997057,0.282306681,0.21138074,1.335536444,0.181700836,0.758023047,240.6,500.7
Slc16a1,125.8422409,0.756894123,0.566882812,1.335186227,0.181815404,0.758275594,119.2,169.5
Cyc1,371.5740704,0.264607645,0.198238081,1.334797252,0.181942713,0.758581115,343.2,607.7
Ahctf1,175.0708297,0.418914364,0.313884832,1.334611683,0.182003472,0.758609068,139.7,265.1
Etv5,7.667312751,-1.967110996,1.474398,-1.334179099,0.182145168,0.758969423,3.7,21.7
Magi1,2.987071811,-3.732373278,2.797844111,-1.334017597,0.182198089,0.758969423,0.2,11.9
1700001O22Rik,10.31013408,-1.860760134,1.395154027,-1.33373097,0.182292041,0.759038582,2.6,30.2
Vwa5a,120.2657224,0.636465096,0.477240144,1.333636962,0.182322863,0.759038582,107.9,159.9
Snx30,24.21991678,1.158641218,0.868907088,1.333446619,0.182385282,0.759073266,35.2,24.1
Cacna1d,13.21099683,-1.932139831,1.45001613,-1.332495406,0.18269745,0.759921759,3.5,39.1
Eef1e1,88.12527576,0.729086378,0.54709838,1.332642179,0.182649256,0.759921759,76.5,118.8
Gm37266,23.35319207,1.549288456,1.162991022,1.332158569,0.182808088,0.759931487,24.6,18.5
Lrrk1,340.0909085,-0.411560857,0.308937728,-1.332180629,0.18280084,0.759931487,210.9,680.2
Gm8330,6.085787386,-1.280856738,0.961640957,-1.331949028,0.182876939,0.759992585,2.2,14.8
Tbxa2r,44.82363112,0.926119744,0.695456549,1.331671612,0.182968121,0.760146423,33.8,52.5
Alad,104.8630716,-0.758611473,0.569909101,-1.331109596,0.183152952,0.760689117,71.4,244.3
Dynlt1a,2.167504736,-3.940271557,2.961344031,-1.330568659,0.183330981,0.760978108,4.6,7.4
Gin1,34.82173682,-1.16667695,0.876761961,-1.330665565,0.183299078,0.760978108,20.2,83.9
Arf5,552.9121938,-0.305545371,0.229721287,-1.330069911,0.183495238,0.76129886,361,1090.5
C330007P06Rik,92.58773441,0.684145983,0.514496964,1.329737648,0.183604726,0.76129886,72.3,118.1
Gm14488,4.682367514,-2.833434331,2.131079516,-1.32957701,0.183657677,0.76129886,1.8,15.2
Gm37101,41.13798568,-1.128897165,0.849212231,-1.329346332,0.183733735,0.76129886,16.5,92.7
Gm43300,34.08057326,1.599141727,1.202474053,1.329876286,0.183559036,0.76129886,34.2,30.5
Wdr92,35.80946796,-1.034281531,0.778008506,-1.329396174,0.1837173,0.76129886,25.8,84.5
Gm14569,2.158734025,-3.933508851,2.961366398,-1.328274966,0.184087287,0.76234315,0,7.1
Hsdl2,106.5224928,0.791844411,0.59622617,1.328094021,0.184147049,0.76234315,94.9,144.6
Tjp2,101.1608913,-0.488811219,0.36805609,-1.32808893,0.18414873,0.76234315,67.3,216.1
D130017N08Rik,16.53053588,1.816146003,1.368249601,1.327349923,0.184392957,0.762711257,21.6,14
Exosc8,346.6192631,-0.461954771,0.348077105,-1.327162185,0.184455038,0.762711257,246,699.9
Gm37672,3.20582707,3.689260337,2.779620532,1.327253233,0.184424928,0.762711257,6.8,0.8
Nasp,447.766468,0.321651586,0.242339278,1.327277973,0.184416748,0.762711257,382.4,710.9
Mrps18a,70.4492299,0.537925596,0.40549741,1.326582075,0.184646969,0.763279988,59,101.3
Med31,71.59017339,-0.768721872,0.579572564,-1.32636001,0.184720478,0.763359008,56.1,159
Celf4,2.151075335,-3.927175576,2.961387439,-1.326126911,0.184797664,0.763453168,2.8,6
5830416I19Rik,8.054543105,2.111426286,1.592911166,1.325514148,0.18500068,0.763464358,8.2,5.1
Gm42729,52.87537685,1.091502632,0.82323343,1.325872581,0.184881906,0.763464358,50.5,60
Pms1,49.46866769,-0.914701393,0.690064732,-1.325529839,0.184995479,0.763464358,34.3,117.8
Spin2c,9.041306848,-1.748040017,1.318815675,-1.325461965,0.185017976,0.763464358,5.4,25.3
Sfpq,1380.396523,0.192528146,0.145297775,1.325059144,0.185151536,0.763790903,1107.1,2320.5
Champ1,103.5832839,-0.574772346,0.433948661,-1.324516925,0.185331426,0.763884246,62.5,212.3
Gm7363,2.53049983,-1.586305689,1.197664914,-1.324498756,0.185337456,0.763884246,1.3,12.3
Tbl1xr1,438.9136408,0.230428617,0.173953216,1.324658565,0.185284422,0.763884246,353,733.9
Bag5,59.02450773,-0.486746862,0.367886682,-1.323089108,0.185805747,0.764974395,39.2,123.3
Creb1,409.0314131,0.309754446,0.234238189,1.322390885,0.186038023,0.764974395,317.6,641.4
Gm50063,2.472804653,3.918472235,2.962703937,1.322600003,0.185968433,0.764974395,13.6,0.7
Gm5335,3.841508849,-1.803167764,1.363397753,-1.322554449,0.185983591,0.764974395,1.6,10.3
Hist1h3e,2.13528718,-3.919497871,2.961413071,-1.323522851,0.185661562,0.764974395,2.7,7.8
Mlh1,48.91470025,-0.900026586,0.680326979,-1.322932375,0.185857868,0.764974395,35.7,113.2
Ppp3cb,453.5484093,-0.18966064,0.143410521,-1.322501578,0.186001184,0.764974395,342,865.9
Tnfaip3,2275.52052,-0.202844791,0.15329631,-1.323220306,0.185762125,0.764974395,1519.2,4432
Bmi1,88.32686642,-0.734448692,0.555534929,-1.32205673,0.186149261,0.765172779,63.8,202.2
Irf3,238.2675504,0.272950411,0.206506097,1.321754731,0.186249837,0.765172779,199.2,381.5
Rpsa-ps11,4.78145424,-1.360224163,1.028983827,-1.321910148,0.186198073,0.765172779,2.7,14.1
Dazap1,612.5534433,-0.299099376,0.226330391,-1.32151663,0.186329161,0.765274641,509.5,1201.9
Bahcc1,2.653528223,-2.82478717,2.138042032,-1.321202823,0.186433745,0.765480158,0.5,8.3
Dennd4c,169.868526,0.430890667,0.326225654,1.32083624,0.186555973,0.765645454,132.1,255.6
Rpl23a-ps5,8.062440565,-1.359035192,1.028983679,-1.320754857,0.186583116,0.765645454,5.4,19.4
Gm30025,3.56527123,-1.887899505,1.429768833,-1.320422898,0.186693863,0.765875963,1.3,10.5
Gm49475,9.396134095,-1.648003478,1.248289729,-1.320209115,0.18676521,0.765944755,5.8,24.4
Aldh6a1,28.75484201,1.542916704,1.169795785,1.318962442,0.187181669,0.766107044,20,29.7
Bmp7,18.35198652,-1.615002026,1.223996317,-1.31945007,0.187018692,0.766107044,10.9,48.5
Ccdc14,32.06154278,-1.042030981,0.790243398,-1.318620293,0.187296086,0.766107044,12.6,80.9
Galt,42.97753977,-0.897545771,0.680525359,-1.318901286,0.187202116,0.766107044,24.4,97.6
Gm26825,8.026800471,1.034415928,0.784338004,1.318839483,0.187222781,0.766107044,6.1,9.7
Gosr2,95.88444871,-0.717953403,0.54430625,-1.319024727,0.187160846,0.766107044,62.3,205.5
Rbbp6,904.2513298,0.169895177,0.12882624,1.318793263,0.187238237,0.766107044,730.6,1502.8
Slc30a7,131.4433525,0.589251889,0.4468412,1.318705367,0.187267632,0.766107044,117.8,189.8
Snx13,83.2049886,0.679453122,0.514917703,1.319537312,0.186989545,0.766107044,72,114
Skp2,44.50994501,0.772836718,0.586409524,1.31791297,0.187532783,0.766851713,41.5,61.2
Gm21738,99.30325249,0.649587305,0.493211936,1.317055118,0.18782015,0.767132707,92.9,138.1
Gm9947,2.111169902,-3.901616027,2.961473301,-1.317457775,0.187685226,0.767132707,0,6.6
Hmces,114.9257675,0.569503516,0.432333416,1.317278505,0.187745288,0.767132707,98.4,165.4
Pex10,14.50839211,1.702969527,1.292989042,1.317079629,0.187811935,0.767132707,14.5,15.7
Gm42979,43.67078165,0.770369451,0.58515698,1.316517579,0.188000382,0.767645436,41.9,59.9
Gm10039,5.081794693,-1.28390043,0.975521403,-1.316117131,0.188134732,0.76774726,2.8,13.1
Klhl22,29.18434234,-1.104529136,0.839162461,-1.31622801,0.188097525,0.76774726,20.6,71.2
Cenpw,120.2614117,-0.510134638,0.387772315,-1.315551983,0.188324459,0.767851672,86.9,251
Proscos,2.072686664,-3.875276321,2.945694848,-1.315572902,0.188317434,0.767851672,0,6.6
Tubb4a,10.11021012,-1.380379889,1.049079499,-1.315801034,0.188240832,0.767851672,4.2,25.8
Appbp2,240.0292492,0.32883176,0.250197874,1.314286788,0.188749712,0.76786642,191.3,383.1
Atp5f1,575.6770967,-0.227415832,0.173230469,-1.312793495,0.189252543,0.76786642,439.6,1114.6
Atp5g1,19.71947527,-1.06898079,0.814488508,-1.312456565,0.189366132,0.76786642,14.1,46.2
Gm44053,9.035546456,2.218187006,1.690317944,1.312289806,0.18942237,0.76786642,13.4,7.1
Klkb1,3.043570705,1.256834551,0.956782018,1.313605949,0.188978846,0.76786642,2.7,3.3
Man1b1,99.74522877,0.390291128,0.29737188,1.31246817,0.189362219,0.76786642,94.5,158.1
Mon1b,63.45066253,0.80480169,0.612483849,1.313996592,0.188847351,0.76786642,69.3,80.1
Nradd,24.60217981,1.473520186,1.12132963,1.314082984,0.18881828,0.76786642,26.6,23
Orai1,239.2635735,0.380226003,0.289301482,1.314289856,0.18874868,0.76786642,191.3,366.5
Orc2,103.0805492,0.685905337,0.522318932,1.313192564,0.189118069,0.76786642,81.6,143
Otud4,389.9473506,0.259129219,0.197379132,1.312850131,0.189233454,0.76786642,314.4,637.2
Prss16,24.9137464,1.72699685,1.315723134,1.312583784,0.189323237,0.76786642,19.6,20.2
Rem2,2.101653969,-3.894931145,2.961496008,-1.315190409,0.188445918,0.76786642,3.7,6.5
Retreg1,166.8708953,0.436781003,0.332813387,1.312390126,0.189388537,0.76786642,149.9,255.8
Tecpr1,604.6134997,0.236191197,0.179659001,1.314663866,0.188622896,0.76786642,518,988.3
Tm9sf1,58.31408776,0.729939436,0.555590007,1.313809512,0.188910316,0.76786642,53.2,74.6
Unk,83.70977082,-0.645647939,0.491702411,-1.313086787,0.189153706,0.76786642,54.5,169.4
Vcp-rs,2.195909566,-1.78405224,1.356864636,-1.314834356,0.188565578,0.76786642,4.3,13.8
Ybx1,1714.8515,0.165666682,0.126198248,1.312749456,0.189267387,0.76786642,1486.9,2878
Zfp830,80.0929529,0.874928695,0.666236278,1.313240848,0.189101804,0.76786642,74.4,101.9
1700084E18Rik,2.085221089,-3.885217162,2.961529193,-1.311895615,0.189555357,0.76796186,0,7.5
Gm49874,12.34588249,1.956170166,1.490955016,1.31202494,0.18951172,0.76796186,13.3,7.4
Map1a,4.263194998,-3.163587485,2.413273582,-1.310911249,0.18988775,0.768642827,0.8,12.5
Proser1,103.7208002,-0.731317882,0.557815922,-1.31103802,0.189844919,0.768642827,69.9,232.5
Samd4,12.08070729,2.642223006,2.015389312,1.311023628,0.189849781,0.768642827,28,5.8
Cst3,949.7837737,0.371032071,0.28309122,1.310644926,0.189977753,0.768785407,1090.6,1409
Cotl1,2354.787417,-0.177457932,0.135557042,-1.309101532,0.19049996,0.768824401,1843.8,4477.5
Csnk1g3,200.5502585,-0.425369524,0.32500683,-1.308801802,0.190601496,0.768824401,129.7,403.1
Ctsc,558.3118098,-0.397807967,0.303832212,-1.309301488,0.190432246,0.768824401,452.4,1076.9
D730005E14Rik,38.44543956,1.193500287,0.910957156,1.310160724,0.190141469,0.768824401,28.7,40
Gm6612,11.86760501,1.722373774,1.315755954,1.309037416,0.190521677,0.768824401,21.9,9.5
Ifit3,412.9966322,0.313599662,0.239599776,1.308847893,0.19058588,0.768824401,356,671.2
Map4k3,42.20859043,1.141979495,0.872553906,1.308778159,0.190609507,0.768824401,41.7,51.9
Numa1,429.6470771,-0.401811479,0.306686213,-1.310171316,0.190137887,0.768824401,318.7,868.6
Pym1,9.37579799,0.85563744,0.653820131,1.308674051,0.190644785,0.768824401,9.4,12.5
Serp2,43.23158903,-0.811481507,0.620010524,-1.308818925,0.190595695,0.768824401,21.1,99.7
U2af1,23.19792328,1.15675221,0.883109669,1.309862467,0.190242366,0.768824401,18.6,26.3
Zbtb4,255.7752965,-0.518828258,0.396383515,-1.308904731,0.190566624,0.768824401,143.1,528.9
Plac8,1198.228839,0.28601981,0.218591169,1.308469193,0.190714217,0.768883459,1105.9,1847.9
Arhgap18,155.8646452,-0.475184656,0.363400826,-1.307604779,0.191007395,0.769402348,108.3,323.2
Gm14323,15.02829171,1.244706469,0.951817907,1.307714911,0.190970024,0.769402348,10,14.4
Rcc2,433.6257662,0.322949082,0.246932986,1.307840998,0.190927245,0.769402348,429.1,683.6
Rbbp4,171.2177935,0.426475668,0.326243843,1.307229782,0.191134684,0.769694162,154.7,262.6
Tubb6,98.41300746,0.678717448,0.519450336,1.306607006,0.191346216,0.770324956,114.1,127.6
Cep290,59.60844882,-1.066191809,0.816107602,-1.306435336,0.191404556,0.770338841,41,135
Slc9a1,148.3419204,-0.539500542,0.413009796,-1.306265728,0.191462207,0.770349948,95.6,311.5
Prkcz,42.28233856,-0.966644178,0.740139054,-1.3060305,0.191542186,0.770450856,23.4,94.8
Mid1,31.40647991,1.534657759,1.175600618,1.305424424,0.191748366,0.77105919,29.5,28.8
3110080O07Rik,4.585096789,2.233440035,1.713108041,1.303735655,0.192323728,0.771199536,7.4,2.6
A330069E16Rik,10.45355676,-1.858137283,1.426371876,-1.302701851,0.19267657,0.771199536,2.3,28.4
A830035O19Rik,2.034611963,-3.85034215,2.950896422,-1.304804236,0.191959516,0.771199536,3.2,7.9
Bcas2,244.2021782,-0.500687806,0.38428872,-1.302894879,0.192610652,0.771199536,172.5,515.3
Clec4d,24.77246674,-1.913308404,1.466747332,-1.304456713,0.192077909,0.771199536,13.9,60.7
Copa,468.3213505,-0.327459886,0.250947155,-1.30489579,0.191928335,0.771199536,355.1,932.3
Dlg5,11.51787079,-1.94340559,1.49194993,-1.302594377,0.192713278,0.771199536,5.7,31
Gcn1l1,116.6088652,-0.60573135,0.465310718,-1.301778204,0.192992217,0.771199536,68.5,231.6
Gm38014,52.07381176,-1.038699933,0.796482584,-1.304108782,0.192196495,0.771199536,28.2,129.4
Gm42685,41.31275225,-0.904815922,0.693918932,-1.303921655,0.192260296,0.771199536,29.5,100.8
Gm47208,6.063698467,-3.010982424,2.311730768,-1.302479712,0.192752449,0.771199536,1.4,19.7
Gm48720,79.35012804,0.666110975,0.511612602,1.301983128,0.192922153,0.771199536,58.2,109.7
Gmppb,8.78620637,-2.089260516,1.604297847,-1.302289671,0.192817381,0.771199536,4.1,24
Map7,31.10250263,1.373900034,1.052807844,1.30498651,0.191897441,0.771199536,29.3,34.2
Mbtps2,62.6926665,0.700418393,0.537154358,1.303942493,0.192253191,0.771199536,63.1,82
Ppp3r1,299.3034725,-0.297168569,0.228091818,-1.302846249,0.192627258,0.771199536,214,575
Ripk1,284.5453648,0.414959057,0.318264529,1.303818111,0.192295606,0.771199536,239.5,431.3
Rnf185,55.14517756,0.874532329,0.671116292,1.303101026,0.192540273,0.771199536,37,72.9
Trav12-2,2.048266795,-3.856985665,2.961626913,-1.3023199,0.192807052,0.771199536,0,6
Wapl,582.0882828,0.278402002,0.213680398,1.302889755,0.192612402,0.771199536,458.3,937
Zfp112,2.040530787,-3.855514607,2.961632058,-1.301820933,0.192977606,0.771199536,0,9
Zfp207,512.1409823,-0.278016071,0.213546945,-1.301896739,0.192951687,0.771199536,337,1013.6
Ppic,87.60645724,0.792824808,0.6093469,1.301105838,0.19322223,0.771679219,134.4,110.2
Usp33,19.02505324,2.061320261,1.584245181,1.301137151,0.193211513,0.771679219,20.7,10.7
Inca1,2.041530407,-3.852448738,2.961642796,-1.30078102,0.19333342,0.771684079,0,6.4
Mast3,276.1622483,-0.294677432,0.226524138,-1.300865486,0.193304502,0.771684079,174.2,538.6
Acad10,13.25979596,1.787609118,1.375680292,1.299436453,0.193794189,0.771954417,15.6,9.3
Ap4e1,88.77190541,0.647700928,0.498282017,1.299868161,0.193646159,0.771954417,90,121.4
Arl6,17.56025746,-1.812455457,1.394054625,-1.300132307,0.193555626,0.771954417,13.5,49.7
Gm15503,26.87939891,1.459210266,1.123553551,1.298745631,0.194031239,0.771954417,30.2,22.7
Gm23638,4.259205554,-3.163656414,2.435145699,-1.299165145,0.19388726,0.771954417,0.8,14.6
Gm43499,21.99781303,-1.578769782,1.216142937,-1.298177815,0.19422624,0.771954417,17.7,52.8
Idua,57.64211423,-0.884271701,0.680535382,-1.299376528,0.193814743,0.771954417,39.7,136.8
Micall1,44.66497217,0.984179526,0.757485599,1.299271599,0.193850737,0.771954417,40.1,57.3
Pigt,22.84186584,-0.952681033,0.73380297,-1.298279064,0.194191458,0.771954417,15.5,51
Pou2f2,236.6152215,0.401105574,0.308961159,1.298239477,0.194205057,0.771954417,198.8,345.7
Repin1,40.20071798,0.917643744,0.705658759,1.300407219,0.193461437,0.771954417,42.6,47.9
Rhoj,6.483391648,2.779505419,2.140922126,1.298274881,0.194192895,0.771954417,14.9,3
Rpl19-ps1,4.93745366,-1.804664382,1.389730483,-1.298571488,0.194091028,0.771954417,1.3,13.2
Rps12-ps4,3.602293494,1.366897365,1.052228999,1.299049319,0.193927004,0.771954417,3.8,3.8
Zc3hav1,1680.221566,0.157115983,0.120894166,1.299615919,0.193732641,0.771954417,1323,2857
H2-Ob,18.09996946,1.617899387,1.246674178,1.297772438,0.194365543,0.772289365,23.4,17.4
Hectd1,1144.331343,0.173815111,0.133965849,1.297458364,0.194473522,0.772499691,905.7,1886.8
Gm19265,2.025123632,-3.842071399,2.961679313,-1.297261112,0.19454136,0.772550494,0,6.6
Abcb7,97.77747594,-0.507323482,0.391463453,-1.295966399,0.194987061,0.773008028,67.2,210.9
Arhgap17,287.0151211,0.434259361,0.33502294,1.296207838,0.19490389,0.773008028,250.7,418.1
Gm49759,31.96687269,1.519864488,1.172397906,1.296372571,0.194847157,0.773008028,24.8,28.4
Magoh,214.6234192,-0.323939122,0.249847117,-1.29654937,0.194786282,0.773008028,151,431.7
Pmpcb,133.2057307,-0.496869217,0.383173498,-1.296721248,0.194727116,0.773008028,105.3,285.8
Tuba1c,118.8884687,-0.441618868,0.340740211,-1.296057388,0.194955714,0.773008028,90.1,246.1
Fam161a,5.716758567,-2.263652344,1.747196025,-1.295591515,0.195116254,0.773153925,2.7,16.1
Zfat,33.50516784,1.302782078,1.005590084,1.295539901,0.195134046,0.773153925,30.2,32.6
Ube2j2,303.0977539,-0.315634676,0.243686037,-1.295251382,0.195233525,0.773329746,221.3,605.4
Cpsf2,318.180249,-0.230885568,0.178336119,-1.294665203,0.195435749,0.77391233,238.9,615.3
Dyrk1a,234.2127803,-0.420781567,0.325088501,-1.294360047,0.195541084,0.774111023,175.7,478.5
Map2k5,95.3804378,-0.52394922,0.405075049,-1.293462093,0.195851287,0.774718283,76.9,198.5
Ralgps2,76.71505137,0.554139796,0.428319677,1.293752834,0.195750809,0.774718283,59.3,108.1
Tmem221,15.98429081,-1.524042872,1.178289554,-1.293436632,0.195860087,0.774718283,8.9,41.4
Cdkn1a,283.8194241,-0.380398872,0.294322415,-1.292456346,0.196199154,0.774857578,204.7,570
Esyt1,1494.796645,-0.15093498,0.116856511,-1.291626618,0.196486482,0.774857578,1080.4,2799.9
Fxr2,47.32087512,-0.744105708,0.576093747,-1.291639965,0.196481857,0.774857578,38.5,112.1
Kdm6a,266.057751,0.393606279,0.304747897,1.291579968,0.196502645,0.774857578,208.5,393.9
Klhl36,26.41099229,1.149449757,0.889478203,1.292274226,0.196262194,0.774857578,23.8,31.1
Naga,101.6432051,0.703357656,0.544518943,1.291704659,0.196459443,0.774857578,103,132.7
Nars,510.643265,0.25587797,0.198095413,1.291690533,0.196464337,0.774857578,463.1,822.2
Pias1,235.5674885,-0.26923525,0.208338457,-1.292297419,0.196254166,0.774857578,163.6,457
Tap2,295.6042393,-0.346397114,0.26792495,-1.292888602,0.19604959,0.774857578,198.2,613.4
Tmem181a,13.57196458,-1.568262848,1.213187682,-1.292679501,0.19612193,0.774857578,7.3,33.8
Ttc28,75.29106254,0.985400586,0.762602825,1.292154387,0.196303684,0.774857578,58.1,86
Fuk,35.09119319,1.172280251,0.907805032,1.291334823,0.1965876,0.774937809,38.4,36.7
Rack1,5464.649875,0.138173975,0.107014417,1.291171598,0.196644181,0.774937809,4599,9080.1
Tes,1059.837839,0.210521051,0.163062729,1.291043346,0.196688647,0.774937809,857.6,1769.6
Gm49883,5.847487147,-2.551767582,1.977117928,-1.290650166,0.196825012,0.775257429,1.9,17.3
Gm46519,22.13170713,-1.187039257,0.919954806,-1.290323447,0.196938379,0.775268783,11.1,54.4
Sun1,139.4357879,0.540673635,0.419014529,1.290345795,0.196930623,0.775268783,144.4,201.1
2900076A07Rik,28.04862868,1.61161729,1.249636407,1.289668964,0.19716562,0.775945684,22,24.1
Ctsb,797.605188,-0.344873165,0.267454491,-1.28946485,0.197236529,0.776007133,645.2,1497.9
9530077C05Rik,6.039895671,-2.465024667,1.911930088,-1.289285985,0.197298681,0.776034107,3.1,16.5
Fcer1g,433.2087725,0.561036903,0.435690955,1.287694629,0.197852284,0.777122572,542.1,551.6
Gm37529,107.2939405,-0.723209478,0.56154593,-1.287890159,0.197784202,0.777122572,54.9,227.4
Gm47577,1.984459428,-3.814320007,2.961778264,-1.28784793,0.197798904,0.777122572,4.8,7.7
Gpr153,2.805674658,-3.009782471,2.336682873,-1.288057745,0.197725863,0.777122572,17.5,8.5
Mapk11,16.80986997,1.783490764,1.384935638,1.287778807,0.197822972,0.777122572,31.5,12.5
Rassf2,350.5981865,0.284834122,0.221226352,1.287523476,0.197911892,0.777139199,263.3,560.7
Gm49197,4.797001782,3.094096646,2.403883381,1.287124272,0.198050977,0.777467807,7.2,2.4
Aars,195.6274688,-0.63398821,0.492732486,-1.286678324,0.198206431,0.777795224,141.6,418.4
Jpx,22.00108417,-1.589008304,1.235373645,-1.286257247,0.198353298,0.777795224,10.2,58.6
Qser1,19.2371301,1.96644869,1.528823919,1.286249297,0.198356072,0.777795224,18.3,11.9
Wdr1,885.3396459,-0.263345912,0.204696481,-1.286519001,0.198261992,0.777795224,629.1,1732.3
Hykk,1.978316312,-3.809098158,2.961797096,-1.286076674,0.198416304,0.777814081,0,7.4
Nsun7,13.52487466,-1.816898087,1.412935067,-1.285903457,0.198476757,0.777833792,4.2,37.2
Serpine2,148.5279359,-0.57143928,0.444475005,-1.285649978,0.198565246,0.777963335,67.6,306.2
Ssr4,461.5843748,0.231610529,0.18024621,1.284967538,0.198803628,0.778679909,418.8,757.3
Rpl36-ps12,10.73093624,-1.327277732,1.033206676,-1.284619779,0.198925184,0.778938623,5.8,24.9
Dolk,26.65467473,1.289785035,1.00463679,1.283832175,0.199200683,0.779527291,31.8,25.3
Gm6564,2.900108212,1.405877478,1.095475576,1.283348994,0.199369835,0.779527291,3,2.7
Gzmb,3200.825762,-0.286452789,0.223156434,-1.283641187,0.199267531,0.779527291,2303.4,6390.3
Ly6m,2.40388674,-3.744920232,2.918337,-1.283237759,0.199408791,0.779527291,0.1,8.3
Tagap1,29.64856768,-0.974846416,0.759534443,-1.283478881,0.199324354,0.779527291,11.8,70.5
Ucp2,1442.038276,-0.190469259,0.148419877,-1.283313681,0.199382202,0.779527291,1008.1,2721.6
Psmd2,447.0038908,0.236781337,0.184554859,1.282986198,0.199496912,0.779654597,396.7,726.7
Hmgxb3,89.9261795,-0.678092215,0.528964016,-1.281925036,0.199868945,0.780713206,59.5,201.8
Mphosph10,155.1001054,0.716061908,0.558614691,1.281852983,0.199894224,0.780713206,134.2,215.9
Rpl36a-ps2,35.79257727,0.707844591,0.552253862,1.281737694,0.199934677,0.780713206,43.7,48.9
Gm43461,31.65819631,1.175217065,0.917952861,1.280258622,0.200454195,0.782524109,26,34.5
Fau,117.775211,-0.543978137,0.425049921,-1.279798231,0.200616106,0.782938386,82,247.1
Dph6,84.07482652,-0.608241626,0.475387458,-1.279465026,0.200733348,0.783126859,63.5,179.2
Galnt12,38.14608535,-1.011208617,0.790411922,-1.279343832,0.200776004,0.783126859,21.6,90.6
Gtpbp1,376.5136669,-0.28046489,0.219272586,-1.27906956,0.200872562,0.783285782,266.9,721.2
Gm6905,2.019886203,1.547523108,1.210139181,1.278797623,0.200968331,0.783441544,3.6,5.1
A430033K04Rik,24.49333903,-1.212174408,0.948545181,-1.277930068,0.201274085,0.783565263,8.1,60.9
Ahsa2,59.29233593,1.135019821,0.888544901,1.277391632,0.201464017,0.783565263,44.5,65.7
Cisd3,78.57711903,-0.818060774,0.640631719,-1.276959522,0.201616538,0.783565263,69.4,173.4
Cpne9,2.517086563,-3.7791083,2.95944804,-1.276963896,0.201614994,0.783565263,0.1,7.1
F10,4.055329812,-3.48573302,2.726766423,-1.278339424,0.201129773,0.783565263,0.5,12.9
Gm10126,13.05083862,1.527148494,1.196363761,1.27649177,0.201781734,0.783565263,14.3,10.7
Gm28370,14.74257659,-1.671169321,1.307515425,-1.278125894,0.20120504,0.783565263,6.5,39.5
Gm29112,2.133184361,-3.408403079,2.666701363,-1.278134525,0.201201998,0.783565263,0.2,7.3
Haus6,118.818121,0.445392397,0.348852578,1.276735289,0.201695718,0.783565263,101.5,181.1
Irgm2,280.6429734,0.39004606,0.305257339,1.277761448,0.201333551,0.783565263,225,446.1
Plvap,3.194729094,-3.563392745,2.78997192,-1.277214555,0.20152651,0.783565263,0.3,9.8
Pomgnt1,56.85564798,-0.788186789,0.617089811,-1.277264305,0.201508951,0.783565263,37.8,125.8
Rspry1,177.9690903,0.427863858,0.335147836,1.276642162,0.20172861,0.783565263,170.4,287.6
Scarb1,36.4321568,1.221411283,0.956774521,1.27659261,0.201746112,0.783565263,51.2,42.5
Gm13815,2.26615231,1.518492119,1.190048907,1.275991356,0.201958575,0.783949629,9.4,2.2
Gm15349,18.07049327,-0.582121782,0.456302133,-1.275737585,0.202048298,0.783949629,11.9,38.1
Med13l,508.0907881,-0.187944414,0.147306965,-1.275869163,0.202001773,0.783949629,369.9,977.1
Gbp10,4.219136954,-2.674931619,2.098547136,-1.274658821,0.202430028,0.785213658,7.9,13.5
Actl6a,87.14186599,-0.512405459,0.402416703,-1.273320555,0.202904316,0.786401317,60.3,181.2
Srsf4,16.64366137,1.47277664,1.156545993,1.27342678,0.20286664,0.786401317,14.6,14.3
Zdhhc17,125.5254073,0.567998095,0.446052949,1.273387154,0.202880693,0.786401317,104.2,175.3
Bri3,59.93846294,0.89520367,0.70347984,1.272536353,0.203182616,0.786828045,54,75.5
Cdc40,242.6617884,0.435203013,0.341947009,1.272720632,0.203117194,0.786828045,214.6,372.4
Mlycd,34.99566421,-1.212384587,0.952713875,-1.27255897,0.203174586,0.786828045,27.4,81.2
Tmem121,2.122972195,-3.10081245,2.437050957,-1.272362583,0.203244322,0.78684988,0.2,5.2
Tap1,1453.690797,-0.172744098,0.135783505,-1.27220238,0.203301222,0.786853104,991.1,2775.4
Ankrd16,158.6298842,-0.504684776,0.397038671,-1.27112247,0.203685083,0.787242929,118.1,325.1
Apol9a,2.581272636,2.713854373,2.135860594,1.270614,0.203866004,0.787242929,3.6,4.3
Ar,307.9110393,0.29987056,0.235978125,1.270755754,0.203815554,0.787242929,262.1,475.1
Dcun1d5,284.4343047,0.325877565,0.256443382,1.270758333,0.203814636,0.787242929,220.4,433.6
Mnat1,121.6391827,0.557490316,0.439013926,1.269869322,0.204131183,0.787242929,118.1,174.2
Pja2,89.39566257,0.552255339,0.434737891,1.270317935,0.203971402,0.787242929,74.4,128.9
Plscr3,51.49961947,0.833212821,0.655441395,1.271223983,0.203648977,0.787242929,61.3,64.2
Scai,216.3969574,0.508000556,0.400013252,1.269959317,0.204099122,0.787242929,170.9,319.5
Scin,3.782636637,3.449187449,2.714467915,1.270667975,0.203846793,0.787242929,8,1.1
Slfn5,245.1722702,0.532004931,0.418663043,1.270723412,0.203827064,0.787242929,245.1,365.7
Srpr,208.5069507,-0.439886352,0.346322265,-1.270164805,0.204025932,0.787242929,134.6,431.2
Zfc3h1,460.634463,0.297257544,0.23407762,1.269910146,0.204116639,0.787242929,375.9,715.9
Zfpl1,96.24840954,0.511170248,0.402416001,1.270253288,0.203994421,0.787242929,109.1,138.3
Mre11a,92.37998608,0.419714766,0.330624604,1.269460168,0.204276988,0.787588806,72.3,138.2
Gm50023,9.312326745,2.637608268,2.078705831,1.268870385,0.204487296,0.787966699,8,4.7
Haao,48.5894686,0.719332995,0.566851145,1.268998046,0.204441761,0.787966699,44.5,63.5
Crebzf,67.56846311,-0.724406586,0.571141391,-1.268348953,0.204673362,0.788268481,46.7,160.7
Gm37163,15.6995361,3.673742737,2.896865043,1.268178766,0.204734118,0.788268481,16,3.8
Ppcdc,154.2102548,-0.448524298,0.353632908,-1.268333032,0.204679046,0.788268481,88.9,295.5
1700019J19Rik,2.036535358,-3.407011258,2.687424873,-1.267760558,0.204883471,0.788497246,0.1,7.5
Gm37906,45.49351128,0.878812562,0.693523936,1.267169763,0.205094595,0.788497246,34.7,52.2
Gm43747,6.545166648,2.219730679,1.751063875,1.267646892,0.204924078,0.788497246,7.6,3.9
Hivep3,173.3559681,0.383295266,0.302479571,1.267177365,0.205091877,0.788497246,157.8,260.8
Mettl4,85.47924719,-0.697902598,0.550800813,-1.267068932,0.205130643,0.788497246,54.2,187.9
Snhg1,500.7730277,0.312526593,0.246642829,1.267122159,0.205111614,0.788497246,463,804.7
Birc2,536.039307,-0.370447542,0.292589564,-1.266099644,0.20547741,0.788596933,371.9,1060.9
Gm29361,24.96241446,1.76415008,1.393154235,1.26629919,0.205405987,0.788596933,14,22.5
Kat14,66.79518305,-0.693088677,0.547440034,-1.26605406,0.205493728,0.788596933,48,146.2
Spata5,127.0911151,0.582850482,0.460092936,1.266810325,0.205223119,0.788596933,125.6,184.8
Vps13d,226.8228225,-0.341407433,0.269531825,-1.266668353,0.2052739,0.788596933,148.9,437.3
Wfikkn1,7.634661042,-1.582595427,1.249871165,-1.266206848,0.205439037,0.788596933,4.5,20.5
Gm11427,28.75496383,-1.12893536,0.892058805,-1.26553917,0.205678116,0.78908876,19.1,72
Trrap,320.2312331,0.30493607,0.241006364,1.265261484,0.205777609,0.789254704,283.5,507.5
Hmgb1-rs16,10.11852695,-2.380646675,1.881867851,-1.265044554,0.205855357,0.78933718,3.7,27.7
Gm47508,20.4062009,1.1648327,0.920954022,1.264810916,0.205939117,0.789442659,25.2,23.1
Anxa9,5.089547572,2.553192551,2.019375478,1.264347606,0.20610529,0.789863909,8.7,2.6
3830403N18Rik,22.45583398,1.656358942,1.311036521,1.263396492,0.206446724,0.79012772,28.1,17.9
4933431E20Rik,3.599680125,-2.20553516,1.745810696,-1.263330077,0.206470582,0.79012772,1.4,12.8
Cox7a1,3.727474404,-2.78061814,2.200417915,-1.263677286,0.206345881,0.79012772,1.4,13.3
Kdelr1,148.6957045,0.291515379,0.230666727,1.263794666,0.206303736,0.79012772,136.6,232.5
Parp8,151.9118895,0.351275445,0.277936116,1.263871174,0.20627627,0.79012772,130.3,233.2
Vcl,13.96155933,2.382504388,1.886298058,1.263058284,0.206568235,0.79012772,14,11
Vps33a,89.92442201,0.742772133,0.588054082,1.263101739,0.206552619,0.79012772,60.6,119.6
Ier5,496.5303539,0.319015307,0.25263847,1.262734478,0.206684619,0.790324251,366.7,781.4
Rps10,8.778609162,1.007814224,0.798204197,1.26260201,0.206732245,0.790324251,11.4,10.2
Tysnd1,88.32955341,0.544236115,0.431118721,1.262381076,0.206811696,0.790412673,84.8,123.7
Nck1,155.4404425,0.424028066,0.335941389,1.262208469,0.206873782,0.790434701,138.5,232.1
4930453C13Rik,99.95638801,0.706342241,0.560269746,1.260718156,0.20741041,0.790941585,78.6,137.1
9630010A21Rik,78.87325025,-0.592705275,0.470133256,-1.260717611,0.207410607,0.790941585,50.9,172
Bard1,68.13038226,-0.893382854,0.708244673,-1.261404269,0.207163231,0.790941585,42,154.3
Gm45778,6.771278464,-1.960073274,1.553953128,-1.261346458,0.20718405,0.790941585,1.7,20
Plgrkt,286.8483961,0.257777749,0.204483422,1.260629084,0.207442515,0.790941585,246.1,467.7
Ptpra,285.5058979,0.234330434,0.185889783,1.260588023,0.207457316,0.790941585,259,469
Srd5a1,9.371972603,2.380154081,1.887427167,1.261057445,0.207288151,0.790941585,10.8,6.2
Uxt,19.55882018,1.322887512,1.04906209,1.261019272,0.207301904,0.790941585,29.2,20.2
Mex3d,20.71116845,-1.554885703,1.233697557,-1.260345936,0.207544596,0.791059439,13.9,50.6
Gm43259,6.132388011,2.352154564,1.866855811,1.259955135,0.207685548,0.791178449,8.2,16.8
Sypl,90.7608649,0.594295356,0.471682914,1.259946754,0.207688571,0.791178449,105.1,128.9
4732440D04Rik,45.39417435,1.227489737,0.974640337,1.259428417,0.207875631,0.791246705,32.4,47.8
Gm19656,11.34354373,-1.844112286,1.464173263,-1.25949048,0.207853227,0.791246705,3.6,28.4
Tnf,137.6899999,0.54951169,0.436252209,1.259619272,0.20780674,0.791246705,113.9,203
B230354K17Rik,26.94028661,-1.397408024,1.109800421,-1.259152544,0.207975239,0.791275115,16.1,68.1
Gm46448,2.084450546,-2.421273129,1.923025885,-1.259095443,0.20799586,0.791275115,0.5,7.4
Ypel1,20.0737267,-1.339095551,1.06385679,-1.258717869,0.208132255,0.791579421,8.3,49.3
2010015M23Rik,2.752800753,-3.243062732,2.577462567,-1.258238538,0.208305501,0.791594749,0.3,10.3
Bod1,30.73208383,-1.002131336,0.796259882,-1.258548069,0.208193614,0.791594749,22.7,71.2
Rpl35a,836.9813455,0.197598667,0.157028301,1.258363403,0.208260361,0.791594749,705.2,1344.8
4930432K21Rik,3.578647986,-2.619839915,2.089764038,-1.253653459,0.209967991,0.791908301,1.5,9.7
Ankrd40,201.8876951,0.345084296,0.275190856,1.253981696,0.209848659,0.791908301,157.6,322.6
Apln,2.657957803,-2.611415532,2.076418498,-1.25765376,0.208517002,0.791908301,0.8,8.9
Birc3,196.9523915,0.307522798,0.245033828,1.255021808,0.209470843,0.791908301,169,308.2
Ddx19a,122.9699092,0.423365721,0.33768818,1.253717913,0.209944555,0.791908301,98,182.8
Gm20682,12.42724999,-1.706598833,1.357665891,-1.257009434,0.20875022,0.791908301,5.3,30.4
Gm26670,8.502890322,-2.324365217,1.852765025,-1.254538588,0.209646309,0.791908301,3.2,28.5
Gstk1,13.29908752,1.943705895,1.547462037,1.256060471,0.209094047,0.791908301,13.5,10.4
Haus7,56.00429043,1.143162092,0.911220861,1.254538983,0.209646166,0.791908301,57.8,60.6
Itpkc,3.232982216,2.927206802,2.331003144,1.25577128,0.209198907,0.791908301,3,8.6
Krcc1,262.1835051,0.360034377,0.286421053,1.257010868,0.2087497,0.791908301,233.4,414.2
Lzts1,71.81698247,-0.935697552,0.745621364,-1.254923205,0.209506639,0.791908301,34.1,177.3
Mapk9,139.7547712,-0.422443256,0.336864786,-1.254043975,0.209826022,0.791908301,92,276.1
Plekhj1,235.4853271,-0.337284857,0.268975708,-1.253960292,0.209856439,0.791908301,149.5,468
Polr2g,284.6452551,-0.394673171,0.314416367,-1.255256446,0.209385681,0.791908301,203.5,548.4
Ppp2r5b,4.132653555,-1.889314591,1.503591444,-1.256534544,0.20892223,0.791908301,2.4,10.6
Rarg,59.60417095,-0.563377677,0.448585221,-1.25589888,0.209152635,0.791908301,46.4,124.5
Rbl1,191.4766579,0.358732506,0.285911608,1.254697243,0.209588687,0.791908301,156.1,307.7
Relt,53.40238238,0.843731374,0.672261845,1.255063605,0.209455671,0.791908301,41.5,65.5
Spopl,227.9145327,0.399123902,0.317464335,1.257224379,0.208672398,0.791908301,165.6,350.3
Tesc,32.85916895,0.88469115,0.705141674,1.254628938,0.209613493,0.791908301,31.1,37.9
Thoc1,232.057833,0.500045906,0.398519496,1.254758954,0.209566277,0.791908301,170.4,334.6
Tssk4,4.709121509,-2.286144567,1.823237685,-1.253892779,0.20988098,0.791908301,1.7,13.2
Ubap2l,682.0215073,0.24942894,0.198543303,1.256294904,0.209009069,0.791908301,518,1118.2
Ube2h,279.4513045,-0.316465781,0.251809186,-1.256768215,0.208837579,0.791908301,179.2,542
Utp14b,21.75073592,1.361051765,1.083473949,1.256192423,0.209046213,0.791908301,20.6,23.4
Zfp120,103.2765426,-0.636580177,0.507272214,-1.254908428,0.209512004,0.791908301,72.8,213.6
Zranb1,319.7608369,-0.42096237,0.334865501,-1.257108805,0.208714239,0.791908301,225.9,655.6
Mtx2,67.14790675,0.923055683,0.736648446,1.253047757,0.210188327,0.792526325,75.1,83.6
Gng12,30.22511729,1.175467026,0.938220175,1.252869057,0.210253365,0.792558614,32.5,31.4
Jakmip1,242.6532837,0.37682047,0.300879715,1.252395727,0.210425702,0.792995249,203,383.1
Ppcs,41.57416051,-0.782008028,0.624692505,-1.251828735,0.210632277,0.793560639,22.6,94.8
Ncln,115.4021526,0.523220316,0.418067964,1.251519755,0.210744911,0.793771895,114.7,166.3
Atm,215.20495,0.399084285,0.319330594,1.249752739,0.211389885,0.793791089,170.7,324.8
C1qtnf6,112.0503439,-0.534864819,0.427684619,-1.250605691,0.211078373,0.793791089,84.5,224.2
Cdc25b,127.691136,-0.642417527,0.514186759,-1.249385591,0.211524076,0.793791089,91.3,285.1
Cln8,38.08788277,1.160847043,0.929170536,1.249336906,0.211541875,0.793791089,51.5,41.1
Efcab2,5.228061228,-2.201278801,1.760824908,-1.250140654,0.211248171,0.793791089,1.3,18.3
Gbp6,153.3833574,0.26254741,0.210004179,1.250200881,0.211226175,0.793791089,119.9,249.2
Gm37607,4.436733886,2.647956861,2.116579452,1.25105479,0.210914489,0.793791089,4.9,6.8
Gm8692,2.151959394,2.167086597,1.732362559,1.250942873,0.21095532,0.793791089,2.2,1.4
Mettl21c,11.89804495,2.510853726,2.008625496,1.250035773,0.21128648,0.793791089,22.2,5.5
Oxct1,318.341773,0.377311574,0.30180446,1.250185549,0.211231774,0.793791089,295.6,487.4
Pld3,1065.621798,-0.158898838,0.127158134,-1.249616002,0.211439855,0.793791089,766.5,1984.7
Sumf2,21.42190815,-1.051398325,0.841219653,-1.249849932,0.211354372,0.793791089,16.9,52.9
Uvrag,178.5865539,0.388595717,0.311004443,1.24948606,0.211487349,0.793791089,158.6,276.4
Wdhd1,119.0992869,-0.414480855,0.331385561,-1.2507511,0.211025301,0.793791089,69.1,238.1
Gm19967,28.16784415,1.723430684,1.379841214,1.249006529,0.211662686,0.794032113,32.7,23.3
Sh3d19,31.60441747,1.513943605,1.213166492,1.247927316,0.212057676,0.79530129,38,25.1
Slc41a2,18.49843949,1.244636925,0.997707526,1.247496778,0.212215401,0.795680186,16.5,18.1
Cacna1a,46.56676137,1.190201492,0.954711674,1.246660666,0.212521947,0.795955004,35,55.3
Czib,65.65815789,-0.53636785,0.430266622,-1.246594139,0.212546352,0.795955004,49.8,134.1
Gm44916,10.59455322,-2.055468488,1.648960921,-1.24652347,0.212572278,0.795955004,6,25.1
Il18rap,742.3150327,0.29198799,0.234194883,1.246773572,0.212480534,0.795955004,564,1151.6
Ogfod3,11.2546317,-1.570650482,1.259905741,-1.246641262,0.212529065,0.795955004,7.9,28.7
Psmc6,247.0861459,-0.389019762,0.312185136,-1.246118783,0.21272079,0.796298631,201.5,496.3
Gm16235,15.11000154,-1.766200324,1.417654291,-1.245861092,0.212815396,0.796440339,6.7,37.3
Cul5,251.6100467,0.352736961,0.283254047,1.245302458,0.213020592,0.796995733,201.2,391.1
Wipf2,282.4600611,0.280469227,0.225291354,1.244917845,0.213161951,0.797312052,232,450.5
2210408I21Rik,9.732599093,-2.512967626,2.018964122,-1.244681666,0.213248788,0.797339365,3.3,27.6
Mien1,164.3297797,-0.448415903,0.360337091,-1.244434485,0.213339697,0.797339365,115,329.9
Taf3,271.914363,0.341672594,0.274539102,1.244531622,0.213303969,0.797339365,219.7,428.6
Rpl22,1970.51471,0.16678378,0.134042219,1.244263042,0.213402768,0.79736274,1636,3273.6
Dand5,13.37154281,1.80645982,1.452455243,1.243728389,0.213599544,0.797731275,11.9,11.7
Gm12454,3.996931126,-3.070878586,2.469354748,-1.243595554,0.213648453,0.797731275,0.7,15.4
Gm44141,17.72254258,1.893665214,1.52300108,1.243377459,0.213728773,0.797731275,23.8,11.9
Ndufaf6,16.82105544,-1.163571974,0.935793719,-1.24340648,0.213718083,0.797731275,12,41.4
Rab5if,80.21616736,0.713465305,0.573907836,1.243170522,0.213805003,0.797803618,54.6,109.2
Cry1,51.22245835,0.820477385,0.660284481,1.242611947,0.214010865,0.797935303,59.5,70.1
Gm16575,29.64796888,1.11792813,0.899621206,1.242665382,0.213991166,0.797935303,31.9,34.2
Gm37589,87.65994448,0.583938777,0.469874422,1.242754978,0.213958138,0.797935303,69.6,126
Atp6ap1,245.0692416,-0.332130003,0.26736074,-1.2422542,0.214142788,0.798003156,177.3,471.7
Esm1,30.12770539,-1.166353794,0.938892103,-1.24226606,0.214138413,0.798003156,10.8,71.9
A430110C17Rik,24.94424199,1.368364842,1.102103719,1.241593525,0.214386572,0.798031835,19.1,23.9
D830050J10Rik,11.35812593,2.187251979,1.761704985,1.241554061,0.21440114,0.798031835,23.1,8.5
Gm6225,81.85027088,-0.691789211,0.557210188,-1.241522904,0.214412642,0.798031835,43.6,180.6
Rps15a-ps1,2.333458628,1.28410208,1.034345937,1.241462875,0.214434805,0.798031835,2.5,2.4
Zfp64,41.40234937,-0.940296464,0.757350323,-1.241560789,0.214398657,0.798031835,40.7,96.6
Pfdn1,255.2648871,0.397245294,0.320411018,1.239799107,0.215049708,0.800108062,219.7,397.6
Gm26870,20.28750381,1.136951716,0.917306063,1.23944642,0.215180219,0.800381447,18.6,20.5
Mtcl1,2.287505036,1.784430124,1.440097014,1.239104106,0.215306947,0.800452364,1.8,1.8
Zfp516,37.92346395,1.119891413,0.903803851,1.23908679,0.215313359,0.800452364,42.9,40.5
Gm38375,7.808166296,2.852827926,2.303918487,1.238250373,0.215623239,0.800755897,10.7,3.3
Mvp,133.1428543,-0.613638993,0.495543993,-1.238313856,0.215599708,0.800755897,104,298.9
Rmc1,92.71129428,-0.513977917,0.414941416,-1.238675865,0.21546556,0.800755897,63.7,190.7
Zmym5,202.2970711,0.388084705,0.313377552,1.238393443,0.215570211,0.800755897,152.9,302.3
Trappc11,92.84812229,0.640058696,0.517030307,1.237951987,0.215733864,0.800954776,83.2,129.9
Bag4,95.86616179,-0.702280348,0.567803877,-1.236836126,0.216147927,0.802177853,73.5,205.2
Rhob,91.04309326,0.545394738,0.440997818,1.23672888,0.216187753,0.802177853,76.9,123.8
Ttc14,725.589769,0.206121633,0.166683853,1.236602278,0.216234774,0.802177853,549.6,1192.2
1700021A07Rik,4.568349693,-2.466825439,1.996137392,-1.235799424,0.216533129,0.80227052,1.5,13.3
Gm42571,110.4274403,0.504112283,0.407761261,1.236292731,0.216349772,0.80227052,93.6,167.2
Gm43481,51.46207287,0.913488292,0.739181215,1.235811022,0.216528817,0.80227052,41.6,63.2
Irf2bp1,89.96189255,-0.597415371,0.483570487,-1.235425624,0.216672141,0.80227052,68.9,190.5
Krt10,17.28610641,1.782655178,1.443089316,1.235304814,0.216717083,0.80227052,18.8,12.5
Ppargc1b,65.35263781,0.97952044,0.792734735,1.235621951,0.216599121,0.80227052,55.1,78.4
Stx7,102.9403824,0.558623095,0.452103528,1.235608794,0.216604014,0.80227052,110.5,142.6
Tuba1a,113.222678,0.614418072,0.49731828,1.235462473,0.216658435,0.80227052,109.9,161.9
Mustn1,5.181208924,-2.148176592,1.739388473,-1.235018298,0.216823694,0.802453514,0.7,14.7
Gm13091,5.213115628,2.670918566,2.163146194,1.23473789,0.21692807,0.802628138,10.6,3.5
a,3.456717884,2.10952112,1.708828152,1.234484063,0.217022582,0.802676586,5.4,1.8
Pbxip1,794.995384,-0.180454212,0.14620651,-1.234241979,0.217112749,0.802676586,549.4,1488.2
Psmc3,466.6333761,-0.249501731,0.202140088,-1.234301092,0.217090729,0.802676586,346.4,882.5
Gm18078,11.02531785,1.442899242,1.170091433,1.233150847,0.21751949,0.802911236,8.4,10.4
Gm44816,12.04574271,-1.283398376,1.040732023,-1.233168911,0.217512752,0.802911236,9.2,29.4
Pcnt,282.6391623,-0.337915391,0.273879507,-1.233810428,0.217273553,0.802911236,185.4,548.3
Serpinb6a,298.9541782,-0.287386328,0.232975805,-1.23354581,0.217372197,0.802911236,224.1,575.2
Tmem229b,132.9084869,-0.483578554,0.392092291,-1.233328391,0.21745327,0.802911236,87.1,266.5
Zfp787,50.72137827,0.701256191,0.568396285,1.233745205,0.217297863,0.802911236,50.5,65.3
Dr1,63.42995269,-0.612557104,0.496887196,-1.232789069,0.217654471,0.802987077,50.7,137.3
Nrros,136.3905466,0.607858051,0.493023074,1.232920086,0.217605581,0.802987077,124,179.5
Gm48880,26.44630498,1.354288445,1.098715887,1.232610232,0.217721218,0.803007738,36.1,29.2
Plk4,130.0724043,0.53832685,0.436787875,1.232467477,0.217774508,0.803007738,97,186
Apip,33.1769071,-1.143149542,0.929250649,-1.230184283,0.218628104,0.803228664,28.4,80.8
Bcl7b,135.1404656,-0.454681364,0.3696125,-1.230156891,0.218638359,0.803228664,103.5,278.5
Dcaf13,164.9082453,0.375467799,0.304928588,1.231330267,0.218199366,0.803228664,146.7,251.4
Derl2,186.8237255,-0.455922873,0.370284576,-1.231276977,0.21821929,0.803228664,127.9,373.8
Dnm3,10.99316542,2.116703867,1.718220935,1.231916003,0.217980463,0.803228664,12.2,6.2
Gm13420,13.66686426,2.331283548,1.894404023,1.230615813,0.218466588,0.803228664,8.6,8.3
Gm43863,10.62529969,2.044343989,1.661319532,1.230554357,0.218489585,0.803228664,9.4,7.7
Gm47258,34.66523983,1.52562626,1.238242952,1.232089597,0.217915617,0.803228664,26.6,33.4
Ibtk,151.9796638,0.347506935,0.282107669,1.23182378,0.218014918,0.803228664,127.3,229.7
Khnyn,186.4166638,-0.426187212,0.34632851,-1.230586565,0.218477532,0.803228664,115.8,388.4
Nae1,209.9325373,-0.411655932,0.334408232,-1.230998201,0.218323537,0.803228664,133.6,407.5
Srrm1,1548.32526,0.166666143,0.13546171,1.230356113,0.21856378,0.803228664,1266.5,2585
Ssna1,112.2239246,-0.478950413,0.389387059,-1.230011121,0.21869294,0.803228664,71.2,233.3
Tjp3,26.47493367,-1.073029906,0.87176725,-1.230867421,0.218372454,0.803228664,20.1,68.4
Wbp1,109.8597995,-0.599771655,0.487109229,-1.231287809,0.21821524,0.803228664,71.5,229.1
Atad1,190.0130922,-0.386656613,0.314500021,-1.229432709,0.218909613,0.80333914,142.7,386.7
Gm22748,16.59089104,1.335737184,1.08725837,1.228537044,0.219245432,0.80333914,14.9,16.8
Gm47834,58.36252071,0.947272602,0.770862286,1.228848031,0.219128789,0.80333914,39.9,73.8
Gm7860,3.367123194,-1.294328354,1.053389771,-1.228726906,0.219174215,0.80333914,1.6,8.3
Ift46,83.91810736,-0.708354119,0.576389213,-1.228951034,0.219090165,0.80333914,50.7,183.3
Lsm14b,138.036066,0.462641014,0.376471319,1.228887807,0.219113873,0.80333914,116.3,197.5
P3h1,18.08002412,1.668959975,1.358775194,1.228282635,0.219340887,0.80333914,21.1,14.1
Phgdh,88.0053808,0.696340882,0.566936865,1.228251196,0.219352685,0.80333914,87.5,126.5
Puf60,512.4128107,-0.241160517,0.196323651,-1.228382397,0.219303453,0.80333914,357,976.5
Rps21,4644.906759,0.150773693,0.122724892,1.228550225,0.219240488,0.80333914,3938.7,7687.7
Smndc1,267.7357868,0.446600271,0.363395948,1.228963265,0.21908558,0.80333914,218.8,397.3
Zfp689,15.63691936,-1.300363167,1.059029145,-1.227882323,0.219491146,0.803636511,6.6,38.2
Ccdc146,4.321720417,-3.318088446,2.703331535,-1.227407147,0.219669602,0.803870454,0.7,12.9
Gm16333,3.186692765,-3.47503779,2.830902198,-1.227537211,0.219620745,0.803870454,0.5,11.1
Hopx,276.8833071,0.273663425,0.223027411,1.227039421,0.219807775,0.804108689,224.1,446.2
Ubr3,173.501372,0.333626336,0.271919851,1.226928948,0.219849297,0.804108689,150.3,271.2
Zfp595,31.52824587,-1.01365881,0.826479773,-1.226477456,0.220019054,0.804519907,12.7,75.4
Gm7691,7.3844764,-1.482388914,1.208961126,-1.22616756,0.220135626,0.804736488,4.2,18.6
4930402H24Rik,67.61206293,-0.720372852,0.587882711,-1.225368324,0.220436476,0.804867527,41.9,151.6
Bhlhb9,33.4213414,-0.995094746,0.812078933,-1.225367025,0.220436965,0.804867527,19.8,75.2
Dhx34,43.45022827,-0.692433877,0.565179106,-1.225158308,0.22051558,0.804867527,27.4,86.8
Pak2,873.1275395,0.190745849,0.155682597,1.225222685,0.220491329,0.804867527,706.6,1450.6
Rnf11,160.4172211,-0.461611155,0.376682428,-1.225465061,0.220400046,0.804867527,109.1,321.3
Ttyh3,170.3987941,0.538682591,0.439656183,1.225236019,0.220486307,0.804867527,167.5,245
Arfgap2,2.31905054,-3.246586808,2.651797841,-1.224296497,0.220840398,0.804943292,0.2,7.9
Gm48586,6.534633885,2.873852184,2.347300819,1.224322064,0.220830757,0.804943292,9.6,2.7
Irgq,33.87357442,-0.838850861,0.685095523,-1.224429051,0.220790416,0.804943292,21.4,76.9
Mef2d,299.8130245,-0.348392407,0.284590092,-1.224190221,0.220880477,0.804943292,187.6,588.6
Nptn,279.5524947,0.304512923,0.248636723,1.224730278,0.220676862,0.804943292,246.7,475.3
Slc25a19,117.3577837,-0.564925785,0.461355704,-1.224490736,0.220767159,0.804943292,73.8,247.7
Entpd5,108.2579414,0.565319182,0.46202536,1.223567428,0.221115453,0.805590413,78.9,168.7
Hhex,36.69606724,1.177890119,0.963094477,1.223026553,0.221319667,0.805613151,51.5,37.2
Mphosph6,96.6953922,-0.482896428,0.394962433,-1.222638882,0.221466121,0.805613151,68.5,193.2
Mrps27,17.30156092,-1.228305049,1.004613815,-1.222663904,0.221456666,0.805613151,12.9,43.8
Ska1,42.45545155,0.737474363,0.602993635,1.223021803,0.221321461,0.805613151,36.9,57
Tma7-ps,2.545566583,1.473673897,1.204990174,1.222975862,0.221338813,0.805613151,3.2,2.4
Zfp110,94.18383538,0.585768111,0.479060379,1.222743807,0.221426475,0.805613151,76,135.7
Ppp1ca,671.8459101,-0.224663382,0.183792009,-1.222378403,0.221564562,0.805762392,507.2,1291.9
Tardbp,768.5630315,0.253015274,0.20702727,1.222135011,0.221656575,0.80588818,617.1,1225.6
Ranbp2,633.8144361,0.231354216,0.189371563,1.221694599,0.22182314,0.806284885,489.2,1050.6
Cuta,314.3155333,-0.296060281,0.242385484,-1.221443939,0.221917979,0.806420747,210.2,602.6
Txndc17,321.1966686,0.316064099,0.25893567,1.220627884,0.222226944,0.807334436,293.8,497.8
1700006J14Rik,4.85201436,3.18585241,2.611837067,1.21977456,0.222550348,0.807385878,10.8,2.3
Gm12254,3.894262027,-1.087745759,0.892229138,-1.219132746,0.222793813,0.807385878,14,9.3
Kdm4c,96.38982004,0.687815511,0.564003989,1.219522422,0.222645971,0.807385878,80.9,144.6
Lhx2,3.169165263,-2.777610053,2.277508361,-1.219582812,0.222623065,0.807385878,0.8,11
Mxra8,29.52192311,1.584401701,1.299105118,1.219610083,0.222612722,0.807385878,56,23.9
Scarna2,27.23160393,1.071418373,0.878604833,1.219454221,0.222671841,0.807385878,25,31.6
Slc35g1,58.22144849,-0.771091206,0.631982596,-1.22011462,0.222421427,0.807385878,35.1,134.7
Slc5a3,92.29716712,0.748722991,0.614285773,1.218851264,0.22290065,0.807385878,94.5,122.8
Sp100,2139.634682,0.143724334,0.117905963,1.218974258,0.222853963,0.807385878,1661.5,3656.4
Tasor2,228.9774204,0.384403318,0.315402655,1.218770076,0.222931472,0.807385878,179.4,336.7
Tmem171,22.85199481,-1.165534195,0.95532066,-1.220045001,0.222447816,0.807385878,14.1,57.2
Tpm2,15.25231786,1.673083825,1.372288217,1.219192736,0.222771049,0.807385878,32.6,13.7
Rpl17-ps4,8.328266837,-1.236001362,1.014284722,-1.218594084,0.222998296,0.807419525,3.8,22.2
Pgp,142.7246284,0.418009137,0.343177012,1.218056928,0.22320234,0.807949868,138.3,217.3
Cd2,1309.844235,-0.213698916,0.175486778,-1.217749381,0.223319225,0.80816452,808.5,2499.5
Gpm6b,140.2604455,0.537734988,0.441742501,1.21730417,0.223488508,0.808264705,117.2,199
Rps14,4173.132445,0.113691899,0.093384941,1.217454309,0.223431411,0.808264705,3470.1,6987.5
Zfp777,54.34524792,-0.607323851,0.498942473,-1.217222191,0.223519689,0.808264705,36.8,115.2
Hyi,52.85853181,-0.86758433,0.712880458,-1.217012362,0.223599512,0.808345068,40.3,116.6
A630001G21Rik,133.842891,0.484577904,0.398393436,1.21633004,0.223859223,0.808450935,96.1,206.8
A730017L22Rik,9.814243864,2.198118277,1.806717254,1.216636567,0.223742524,0.808450935,14.9,6.2
Gins2,33.3200518,1.102431092,0.906319289,1.216382687,0.223839176,0.808450935,38.9,34.6
Mex3b,32.7627618,1.275410387,1.048533302,1.21637566,0.223841852,0.808450935,20.5,36
AC149090.1,1162.206926,-0.186122892,0.153067241,-1.215955097,0.224002028,0.808738187,822.8,2122.4
Ggps1,151.7879588,-0.473781731,0.389681253,-1.215818639,0.224054017,0.808738187,102.4,310
Tsen54,20.12681104,0.933607475,0.767994644,1.215643211,0.224120866,0.808771466,20.5,24
Cbx3,65.94656691,0.610634237,0.502711975,1.214680111,0.224488121,0.809264396,54.7,94.4
Ets2,96.04759546,0.570634545,0.469717207,1.214847013,0.224424446,0.809264396,85.7,133
Ltn1,190.7555667,0.369734102,0.304323757,1.214936702,0.224390234,0.809264396,169.5,296.4
Pcyox1,26.5146994,-1.221369372,1.005416468,-1.214789504,0.224446385,0.809264396,23.2,64.8
Gm5270,3.437243793,1.045855418,0.861165749,1.214464718,0.224570315,0.8093528,5.5,4.1
Gm9013,8.637147258,-1.440522974,1.186302571,-1.214296427,0.224634549,0.809376448,4.8,21.3
Gm16337,14.79104588,3.516746601,2.896641249,1.214077374,0.224718179,0.80946995,16.2,4.1
Dlx1as,3.684335367,-3.017191616,2.487437559,-1.212971801,0.225140602,0.810467489,1.1,13.1
Naip5,52.79735814,-0.989255296,0.815423774,-1.213179365,0.225061252,0.810467489,40.7,113.1
Psen1,212.6956192,-0.481711415,0.397157003,-1.212899209,0.225168358,0.810467489,146.5,420.6
Hectd3,110.3220919,0.465741688,0.384047363,1.212719399,0.22523712,0.810507115,105.3,168.2
Tmem185b,50.8184921,-0.831048593,0.685401557,-1.212498839,0.225321487,0.810602857,35.9,113
1810062G17Rik,2.211015973,-3.588400158,2.960051965,-1.212276068,0.225406722,0.810701673,0.1,8.4
Furin,263.9908645,0.290181379,0.239414337,1.21204679,0.22549447,0.810809479,243.4,418
Gm17235,5.001886188,-2.920955453,2.410449237,-1.211788827,0.225593226,0.810956798,1.3,13.6
Adam8,366.5169279,-0.584150011,0.483076284,-1.20922933,0.226574753,0.811017551,233,780.7
Anxa7,282.3257916,-0.319310675,0.263666905,-1.211038129,0.225880792,0.811017551,173.4,551.1
Arsk,36.14847211,0.999488605,0.825564465,1.210672996,0.226020756,0.811017551,37.5,44.3
C130036L24Rik,32.62068695,1.438549886,1.190413564,1.208445477,0.226875956,0.811017551,31,27.6
Cap1,694.6702659,0.225090741,0.186269645,1.208413433,0.226888275,0.811017551,593.1,1139.2
Denr,368.1786599,-0.38851659,0.32176055,-1.207471176,0.227250739,0.811017551,262.9,745
Fech,59.41560814,0.879188236,0.727995218,1.207684081,0.227168803,0.811017551,61.8,70.7
Gbp7,1291.953927,-0.134631019,0.111537884,-1.207042968,0.227415597,0.811017551,922.4,2437.6
Gm27010,9.944010745,-2.085886293,1.728390758,-1.206837217,0.22749484,0.811017551,6.1,30.7
Gm29675,2.353619708,3.574926571,2.956601942,1.209133539,0.226611546,0.811017551,5.9,0.9
Gm42748,135.5747323,-0.366175678,0.302706797,-1.209671143,0.226405107,0.811017551,98.4,258.2
Gm48086,37.29028815,1.020926023,0.844125391,1.209448304,0.226490661,0.811017551,28.6,42.3
Kdm2b,224.5171374,-0.348974916,0.28876975,-1.208488481,0.226859424,0.811017551,129.9,447
Mapk6,217.7073492,0.439740649,0.363160642,1.210870887,0.225944892,0.811017551,182.4,341
Mib2,77.90289795,0.593375916,0.490136044,1.210635135,0.226035272,0.811017551,87.6,108.5
Mpg,12.9119768,-1.595549205,1.319327427,-1.209365599,0.226522419,0.811017551,7.1,34.8
Mrps25,108.8210313,0.51495383,0.426530049,1.207309618,0.227312928,0.811017551,91.3,153.9
P3h4,13.98159238,2.252407551,1.865597533,1.207338405,0.227301846,0.811017551,32.9,11.4
Pkn2,323.1809427,-0.375036987,0.310573863,-1.207561332,0.22721604,0.811017551,221.5,638.7
Ppip5k2,227.7706871,0.288895368,0.239163108,1.207942853,0.227069245,0.811017551,176.2,357.5
Rpp25l,74.39388654,-0.62583009,0.516867808,-1.210812669,0.225967209,0.811017551,62.6,165.2
Sap30l,102.0714072,-0.420999829,0.348731021,-1.207233668,0.227342168,0.811017551,67.3,213.5
Sbds,284.2817845,-0.262816469,0.217307951,-1.209419483,0.226501727,0.811017551,190.2,541.9
Serpinc1,2.055409757,-3.575400217,2.960479848,-1.207709696,0.227158947,0.811017551,0.1,6.1
Slc35a1,72.13336247,-0.691226029,0.572785822,-1.206779223,0.22751718,0.811017551,38.4,146.7
Smim4,147.6065915,0.477799277,0.395865817,1.206972809,0.227442616,0.811017551,130.4,225.1
Snora31,9.795388888,-1.664558295,1.377463412,-1.208422874,0.226884646,0.811017551,5.3,24.2
Sos2,217.1100508,0.446564129,0.369350246,1.209053286,0.226642374,0.811017551,189.8,322.5
Speg,4.41494219,1.031203484,0.851715319,1.210737275,0.225996112,0.811017551,4,5.4
Spout1,24.81921316,1.045627429,0.865672769,1.207878388,0.227094044,0.811017551,22.9,30.4
Traf6,151.5936002,0.521829026,0.431713883,1.208738116,0.226763473,0.811017551,114.8,221.6
Txnrd1,234.8120182,0.313449087,0.259422902,1.208255263,0.226949091,0.811017551,190.8,370.8
Wrnip1,113.86098,-0.586734823,0.484552287,-1.21088031,0.22594128,0.811017551,79.9,240.7
Gm45153,46.65684615,1.004744146,0.832976458,1.206209535,0.227736708,0.811261313,44.8,55.4
Spg21,235.5449018,-0.328167034,0.272077733,-1.206151752,0.227758983,0.811261313,168.6,469.3
Znrd1,224.902833,0.340589926,0.282313519,1.206424432,0.22765388,0.811261313,188,354.3
Ncoa4,38.62033232,1.137114259,0.942997396,1.2058509,0.227874985,0.811468547,25.2,36.8
Phykpl,84.22416425,0.847793058,0.703446927,1.205198324,0.228126749,0.812159005,74.4,115
Dock2,1918.027163,-0.185896918,0.154325592,-1.20457609,0.228366992,0.812190158,1253.9,3659.9
Ppp2r3c,26.69414015,-1.032906209,0.857261216,-1.204890867,0.228245435,0.812190158,17,63.4
Tsen15,8.379537375,-1.460290153,1.212281254,-1.20458033,0.228365354,0.812190158,5.6,20
Zbtb37,49.91861994,0.693247258,0.575442419,1.204720464,0.228311233,0.812190158,42,65.8
Actr1a,213.9236786,-0.266912332,0.221899496,-1.202852358,0.229033459,0.812599914,157.8,419.1
Akap17b,36.75074245,1.002125475,0.833503365,1.202305253,0.229245282,0.812599914,35.8,45.8
Dctd,10.09357333,1.71392914,1.42589676,1.202000866,0.229363193,0.812599914,18.3,11.3
Enpp5,12.46504063,-1.491552347,1.23912148,-1.203717611,0.228698743,0.812599914,8.8,31.1
Fcrl6,52.73302295,-1.033974412,0.860294988,-1.201883571,0.22940864,0.812599914,28.1,114.5
Gm34093,5.182304497,2.632259424,2.188529109,1.202752759,0.229072011,0.812599914,7.7,2.5
Golph3,244.8935459,-0.441377969,0.367015847,-1.202612838,0.229126177,0.812599914,187.3,497.1
Guf1,88.16863134,-0.606143714,0.504272182,-1.202016957,0.229356958,0.812599914,47.3,185.8
Hspg2,18.84649568,1.778345869,1.479108031,1.202309656,0.229243577,0.812599914,40.3,12.6
Itgb1bp1,172.6283328,0.31387971,0.260771698,1.203657116,0.228722134,0.812599914,154.5,274.9
Kmt2d,620.5488987,0.219497228,0.18247563,1.202885159,0.229020764,0.812599914,471.8,1007.1
Lrrfip1,1035.216148,0.193335046,0.160818195,1.202196342,0.229287466,0.812599914,809.7,1732.8
Mpzl3,56.4701918,0.821814334,0.682595812,1.203954552,0.228607145,0.812599914,52.9,67.5
Rad51,78.53679229,-0.686283439,0.570426272,-1.203106297,0.228935189,0.812599914,54.3,179.2
Spag9,573.1734333,0.236535116,0.196556552,1.203394716,0.228823612,0.812599914,436.6,934.6
Ttc23,9.35263982,2.509997048,2.087430174,1.202434016,0.229195417,0.812599914,20,4.6
Cox5a,245.4958333,-0.334919741,0.278742488,-1.201538176,0.229542507,0.81266386,188.2,497.4
Gm26563,33.08656887,1.053560161,0.876779514,1.201624975,0.229508861,0.81266386,32.8,39.7
Gm5547,117.5816775,-0.714797555,0.595282076,-1.200771172,0.229839977,0.812691923,74.4,256.8
Lman1,190.817056,0.428633609,0.356941669,1.200850578,0.229809168,0.812691923,186.6,279.7
Rpl32,1941.996651,0.158097696,0.131625354,1.201118872,0.229705094,0.812691923,1667.5,3213.8
Slc29a3,101.3536135,0.595656653,0.495868226,1.201239809,0.229658191,0.812691923,106.7,135.5
Tdrd3,48.61986131,-0.86371647,0.719231725,-1.200887614,0.2297948,0.812691923,34.3,110.9
Apba1,2.412233271,-2.870987063,2.397018748,-1.197732419,0.231021204,0.812976826,0.5,7.3
Dnase1l1,62.20356892,1.064394729,0.887149367,1.199792018,0.230220125,0.812976826,48.1,67.5
E130309D02Rik,47.61067227,-0.80658579,0.673100291,-1.198314427,0.230794632,0.812976826,31.6,112.5
Fam111a,438.0357154,0.204596372,0.170696326,1.198598568,0.230684075,0.812976826,333.2,732.8
Fam219a,4.822786668,-1.423861108,1.187064788,-1.199480536,0.230341149,0.812976826,6.6,12.9
Gm26510,35.15947812,0.892577636,0.74469593,1.198579985,0.230691305,0.812976826,34.2,39.2
Gm43065,424.4426461,0.341210498,0.284491858,1.199368235,0.230384794,0.812976826,338,676.6
Gm43071,16.08814797,1.860335963,1.552787808,1.198061933,0.230892907,0.812976826,11.4,13.3
Gm45223,230.642358,0.368906383,0.307953808,1.197927654,0.230945183,0.812976826,198.4,356.7
Gm47512,6.301742589,2.442590845,2.035498895,1.199996154,0.230140834,0.812976826,8.4,4.3
Gm48627,12.1775156,-1.644907426,1.372270764,-1.19867556,0.230654125,0.812976826,6.6,30.9
Pcdh19,26.55152672,2.318698908,1.934658711,1.198505398,0.230720323,0.812976826,53.1,14
Pomk,18.07616613,1.557954353,1.298529251,1.199783795,0.230223319,0.812976826,20.6,16.9
Sema4d,659.6939324,-0.218333664,0.182250775,-1.197984832,0.230922922,0.812976826,449.8,1277.4
Slc6a6,539.2625293,0.230345024,0.19223302,1.198259401,0.230816047,0.812976826,454.1,895.4
Slc9a6,41.76710761,-0.752195985,0.627325269,-1.199052586,0.230507499,0.812976826,25.6,90.4
Tnfrsf10b,9.070779949,-1.531500936,1.276068207,-1.20017169,0.230072668,0.812976826,2.6,26.7
Ube2f,109.3670393,0.45737559,0.381775862,1.198021235,0.23090875,0.812976826,118.6,159.8
Zfp788,37.77012464,1.205093891,1.006092948,1.197795784,0.230996529,0.812976826,33.1,40.5
Dusp18,31.70547607,0.957176572,0.799734878,1.19686736,0.231358258,0.813790943,33,39.1
Erc1,43.44837605,1.192989454,0.996977526,1.196606165,0.231460096,0.813790943,56.7,44.1
Ncoa1,198.4815038,-0.360982492,0.301647396,-1.196703492,0.231422145,0.813790943,128,389.4
Ppp1r12c,232.1794206,-0.347217728,0.290183935,-1.196543592,0.231484498,0.813790943,173.7,459.9
Cables1,194.0687612,-0.305132923,0.255167315,-1.195815079,0.23176873,0.81401334,125.2,386.4
Coq10b,298.2374962,0.323735979,0.270738897,1.195749789,0.231794216,0.81401334,212,468.7
Elmod3,40.35985246,-0.796255631,0.665680093,-1.196153587,0.231636629,0.81401334,22.4,84
Hist1h2bg,2.756596787,-3.536555245,2.957594613,-1.195753884,0.231792617,0.81401334,7.4,18.9
Rc3h2,443.1886442,-0.220753529,0.184642756,-1.195571024,0.231864004,0.81401334,306.6,849.9
Tmed9,809.5705116,-0.209982226,0.175645373,-1.195489652,0.231895777,0.81401334,651,1568.5
Armh3,59.31129771,-0.791335056,0.662074535,-1.195235603,0.231994992,0.814157969,46.4,131.6
Cavin1,36.64530116,1.25264462,1.048563256,1.194629521,0.23223181,0.814785305,69.7,38.1
1810013L24Rik,162.7797495,0.421207517,0.352788629,1.19393734,0.23250248,0.815238486,154.4,248.9
Kdm6b,579.5780113,0.333546547,0.279386478,1.193853583,0.232535247,0.815238486,463.8,918.9
Mcu,77.79124375,-0.579489493,0.485369292,-1.19391462,0.232511368,0.815238486,44.1,163.9
Aven,85.1471502,0.578951627,0.485151165,1.193342754,0.232735165,0.815286041,77.4,119.9
Gm16214,16.25728879,1.691963423,1.417862788,1.193319577,0.232744238,0.815286041,15.3,12.8
Gm8463,8.966120565,1.980091264,1.658947076,1.193583143,0.232641071,0.815286041,11.5,8.9
Tbcc,40.22289336,0.968080558,0.811314205,1.193225204,0.232781186,0.815286041,37.1,55.9
Bad,66.51692533,0.501369028,0.42032402,1.192815553,0.232941618,0.815440923,67.2,97.1
Gm4799,3.608242518,-1.407277345,1.179783224,-1.192827051,0.232937114,0.815440923,1.3,8.1
Max,435.4922994,0.282500105,0.236922821,1.19237186,0.233115469,0.815846009,369.7,705.6
Cenps,30.18782384,-0.92983153,0.780434965,-1.191427309,0.233485878,0.816043566,26.1,65.1
Cmtm6,324.9095097,0.259213642,0.217503043,1.191770187,0.233351369,0.816043566,318,525.7
Gda,27.57510911,1.542668804,1.294359173,1.191839819,0.233324059,0.816043566,33.1,21.8
Ifi209,361.790825,0.284437783,0.238814235,1.191041995,0.233637099,0.816043566,291,589.6
Kcnn4,358.7082165,0.28823157,0.241880195,1.191629474,0.233406563,0.816043566,363.5,574.3
Lox,32.61977483,2.271882823,1.907356508,1.191115984,0.233608056,0.816043566,31.3,17.8
Spry1,56.80452683,0.987574227,0.828520777,1.191972797,0.233271912,0.816043566,60.8,70.2
St6galnac6,31.63560342,-0.973085011,0.816938304,-1.191136474,0.233600013,0.816043566,18,73.2
9330151L19Rik,11.93053726,-1.248452828,1.04871823,-1.190455922,0.233867245,0.816110587,8.1,31.7
Bhlhe40,1539.108364,-0.19372494,0.162683565,-1.190808304,0.233728848,0.816110587,1037.9,2941
Msl1,403.5925068,-0.322026905,0.270584503,-1.190115849,0.234000862,0.816110587,328.5,807.6
Pcbp2,265.9786962,0.256756126,0.215661812,1.190549791,0.233830372,0.816110587,245.4,420.4
Tlr7,16.58136522,1.469586744,1.234674104,1.190262872,0.233943089,0.816110587,15.8,14.4
Utp6,118.8993107,0.590993232,0.496589232,1.190104805,0.234005202,0.816110587,93.1,171.9
2810403D21Rik,32.23986698,1.088245093,0.915045634,1.189279586,0.234329666,0.816113454,32.6,37.4
Elovl1,236.9472117,-0.337040948,0.283449794,-1.189067536,0.234413092,0.816113454,151.2,453.4
Gm23346,39.91036003,-0.90744192,0.763084484,-1.189176217,0.234370331,0.816113454,25.3,88.9
Gm48233,7.853924946,2.990344306,2.51354282,1.189693003,0.234167077,0.816113454,9,2.2
Gpr157,2.999852386,2.797195025,2.351735064,1.189417578,0.234275387,0.816113454,5.9,1.3
Prepl,15.96382604,-1.55780245,1.309600063,-1.189525332,0.234233009,0.816113454,7.2,43.2
Wdr25,7.691354515,-1.885376331,1.585129236,-1.189414899,0.234276441,0.816113454,4.7,18.5
Fuca1,213.8142702,0.345915341,0.291044039,1.188532644,0.234623627,0.816643844,191.1,314.4
1700102P08Rik,4.792107196,2.137430474,1.798959095,1.188148458,0.234774926,0.816797453,6.3,7.6
Srebf2,182.2432552,0.305801378,0.257413491,1.187977274,0.234842363,0.816797453,144.8,279.2
Ttll5,54.30641514,0.994562167,0.837133325,1.188057073,0.234810925,0.816797453,58.7,65.8
Ms4a4d,8.279121477,-1.345259429,1.13277613,-1.187577486,0.234999912,0.817052822,3.9,21
Tor1aip1,539.9151994,-0.186290706,0.156876977,-1.187495515,0.235032225,0.817052822,384.7,1013.8
Npc2,1322.294268,-0.23725976,0.199837804,-1.187261645,0.235124432,0.817170945,1061.3,2487.2
Coa6,56.67442328,0.665446821,0.560877246,1.186439325,0.235448849,0.817224748,46,77.6
Gm3550,8.080300682,1.024869953,0.863934452,1.186282074,0.235510924,0.817224748,10,9.3
H2afz,29.622585,-0.852456307,0.718309654,-1.186753237,0.235324969,0.817224748,17.9,70.3
Irf4,297.5158312,0.472907683,0.39866155,1.18623851,0.235528122,0.817224748,221.5,449
Osbpl7,74.06036913,-0.606546972,0.5111602,-1.18660837,0.235382133,0.817224748,48.9,155
Prr5l,78.88426447,-0.723348151,0.609808339,-1.18618934,0.235547535,0.817224748,47.3,179.1
Tmem181b-ps,30.92729633,0.891532392,0.751579925,1.186211024,0.235538974,0.817224748,26,41.2
4930563E22Rik,2.847820192,-3.389052535,2.858575317,-1.185573987,0.23579058,0.817254256,0.3,7.9
Arsb,46.40581896,-0.663756305,0.559998011,-1.185283327,0.235905443,0.817254256,37.6,106.9
Bphl,7.748062422,-1.547411374,1.305068568,-1.185693543,0.235743346,0.817254256,5.9,19.2
Gm36931,30.93430841,1.272065804,1.073143784,1.18536381,0.235873634,0.817254256,39.3,31.1
Gpcpd1,292.3063767,0.29659576,0.250096705,1.185924301,0.235652195,0.817254256,212.9,467.1
Trim30a,1462.598443,-0.148499926,0.125269479,-1.185443788,0.235842027,0.817254256,1036.8,2732
Timm23,2.276835931,-3.506321643,2.959241985,-1.184871552,0.236068237,0.817616396,0.2,7.4
Zfp61,26.57061424,1.044951873,0.882110035,1.184604904,0.236173697,0.817779833,26.6,36.3
Atp6v0e,688.8595998,-0.227746811,0.192330672,-1.18414192,0.236356889,0.817794102,493.2,1359.7
Ptpn9,147.0208213,-0.466788228,0.394245001,-1.184005446,0.236410907,0.817794102,114.4,306
Pygo2,85.80385234,-0.484587224,0.409277617,-1.184006168,0.236410621,0.817794102,60.3,176.4
Tbata,5.655512015,0.792244421,0.668987455,1.184244063,0.236316464,0.817794102,4.8,7.6
Gm38299,2.730427423,1.01572027,0.858118476,1.183659715,0.236547792,0.818065972,2.3,3
Gm12000,28.05764507,1.232724315,1.041764319,1.183304413,0.236688525,0.818351011,24.8,29.7
Ubap1,132.7914147,-0.549418672,0.464437732,-1.182975959,0.236818675,0.818599333,90.4,282.4
2810001G20Rik,88.23357086,-0.663446689,0.561175064,-1.18224549,0.237108308,0.818668597,41.9,193.9
Gm7266,3.294010458,1.063580861,0.899694053,1.182158377,0.237142865,0.818668597,3.8,3.7
Mtch1,208.3295067,-0.347030452,0.293535259,-1.182244521,0.237108692,0.818668597,171.8,420.7
Ppard,62.64057922,0.57134897,0.483145413,1.182561096,0.236983138,0.818668597,53.8,90.2
Sntb1,84.55269383,-0.585191261,0.494869832,-1.18251553,0.237001207,0.818668597,56,181.2
Vezf1,281.9897633,0.294214699,0.248903594,1.182042794,0.237188721,0.818668597,225,456.7
Blnk,12.76523915,2.069818736,1.751977031,1.181418877,0.237436363,0.819120431,17.7,8.8
Card19,175.3064339,0.428599804,0.362769135,1.181467118,0.237417208,0.819120431,153.5,265.6
Gm17056,7.589266956,2.448017726,2.072650191,1.181105107,0.237560971,0.819348899,6.6,8.1
Ercc6l,21.64186858,1.509791911,1.279073411,1.180379404,0.23784935,0.820141959,23.1,21.8
Ilkap,214.3377473,-0.372538706,0.315716165,-1.179979825,0.238008239,0.820488241,151,436.2
Cmss1,61.65985391,0.571595272,0.484745875,1.179164799,0.23833256,0.821204936,54.1,85.4
Snord13,16.34165286,1.187056874,1.006694244,1.179163267,0.23833317,0.821204936,13.4,17.7
C530050E15Rik,135.2108079,0.627419383,0.532422118,1.178424716,0.238627329,0.821373606,107,193.2
Ccdc130,27.04211047,0.836345485,0.709545437,1.17870603,0.238515254,0.821373606,28.5,36.5
Ccnb2-ps,2.74786798,-2.802675396,2.379959468,-1.177614759,0.238950223,0.821373606,0.6,9.8
Celsr2,8.251759528,-2.220749542,1.884458946,-1.178454721,0.238615373,0.821373606,3.3,22.2
Cog3,149.3842716,0.482074997,0.409237174,1.177984376,0.238802835,0.821373606,122.9,220.9
Gm13422,2.590056271,-1.392363479,1.182215785,-1.177757476,0.238893306,0.821373606,6.7,20.3
Gm16023,20.66704123,-1.079789132,0.916524112,-1.178134997,0.238742792,0.821373606,13.1,50.6
Smdt1,372.4556176,0.269360047,0.228493388,1.178852702,0.238456834,0.821373606,308.2,599.4
Tmem240,13.05784423,-1.646429545,1.398156511,-1.177571704,0.238967396,0.821373606,6.2,34.8
Zfp169,26.11891272,1.205154622,1.023003589,1.178055126,0.23877463,0.821373606,21.2,27.7
5430403G16Rik,12.70324983,-1.423721791,1.210368173,-1.176271669,0.239486333,0.821547592,7.3,27.9
Clstn1,101.3224222,-0.682826661,0.58035823,-1.17656066,0.239370908,0.821547592,69.7,220.3
Fpgt,31.82653313,0.875085074,0.743899935,1.17634783,0.23945591,0.821547592,39.1,41.3
Gm15696,12.71867992,-1.204984261,1.024314845,-1.176380746,0.239442762,0.821547592,4.4,30.3
Gm17786,2.98333146,1.831242254,1.556337199,1.176635921,0.239340854,0.821547592,4.9,2.9
Hook3,374.2269134,0.306433108,0.260462197,1.176497438,0.239396156,0.821547592,297.3,576.7
Ift57,19.73092628,-1.174367859,0.99786847,-1.176876407,0.23924484,0.821547592,18.8,48.3
Slc25a24,163.7739233,0.500386659,0.425310551,1.176520682,0.239386873,0.821547592,133.5,251.9
Sdha,433.2753448,0.208366575,0.17717157,1.176072301,0.239565985,0.821619999,369.8,696.3
Emc4,37.80627916,-0.860850136,0.732171128,-1.175749907,0.239694829,0.821861038,24.6,91.6
Tuba4a,286.702089,-0.335299588,0.285274892,-1.175356112,0.239852274,0.822200003,207.4,591
Gm5106,14.28638851,1.904998468,1.621120987,1.175111842,0.239949974,0.822327555,14.3,11.5
Napb,10.02403041,2.256009817,1.920057197,1.17497011,0.240006674,0.822327555,10.2,5.9
Dmtf1,365.9649426,0.298140588,0.253842064,1.17451215,0.240189948,0.822685508,312.5,578
Gm49553,71.5532995,0.79330052,0.675485036,1.174416126,0.240228389,0.822685508,63.7,89.3
Ccr3,4.234536744,-2.8653823,2.442027977,-1.173361783,0.240650756,0.822798626,8.5,12.3
Gm38377,25.89375612,1.549343474,1.320433213,1.173359969,0.240651483,0.822798626,21.3,23.7
Gm6085,5.14382021,0.794153303,0.676609049,1.173725513,0.240504988,0.822798626,5.9,7.1
Grk4,13.2387224,1.641390779,1.399562438,1.172788534,0.240880617,0.822798626,19.6,11.2
Larp4b,610.2151476,-0.184559125,0.157273477,-1.173491733,0.24059867,0.822798626,464.2,1140.6
Mrps11,103.4118286,0.490402586,0.418114177,1.172891551,0.240839298,0.822798626,85.3,146.1
Myc,94.35986877,0.586413971,0.50000041,1.17282698,0.240865196,0.822798626,93.5,133.4
Nup153,236.6265515,0.41972125,0.357846757,1.172907794,0.240832784,0.822798626,194,376.1
Spag7,30.86751494,-0.640893819,0.546445124,-1.17284205,0.240859152,0.822798626,23.6,67.4
Tada2a,43.96917643,-0.915906494,0.780969921,-1.172780755,0.240883737,0.822798626,28.5,99.5
Tmem59,477.3893985,0.184723702,0.157536351,1.172578271,0.240964967,0.822798626,438.5,800.9
Zcchc9,321.2963006,0.299564098,0.255469626,1.172601624,0.240955598,0.822798626,283.6,515.1
Dera,150.4026169,0.369527543,0.315369963,1.171727136,0.241306625,0.822834747,128.6,231.3
Fastkd3,42.12165151,0.580394299,0.495115585,1.17224001,0.241100709,0.822834747,29.8,57
Gm3325,4.353309435,-2.881454791,2.458923117,-1.171836065,0.24126288,0.822834747,1.6,13.5
Mrpl41,102.2360123,-0.650261389,0.554767177,-1.172133854,0.24114332,0.822834747,63.6,232.5
Nfatc3,402.0332283,0.254058047,0.216816713,1.171764131,0.241291767,0.822834747,321.4,659.1
Vcam1,8.831406477,-1.16319571,0.992762621,-1.17167557,0.241327335,0.822834747,33.6,19.8
Brca2,114.2648833,0.626744778,0.535106763,1.171251834,0.241497566,0.823215165,93.7,154.9
Gm37553,12.27898879,2.062046102,1.760830692,1.17106438,0.2415729,0.823271997,15.7,8.2
Arf6,1061.694047,-0.231048673,0.197327098,-1.170891761,0.241642287,0.823308536,864.8,2048.9
A330035P11Rik,2.037748436,-3.464852897,2.960487941,-1.170365482,0.24185392,0.823829592,2.8,7.4
Morn2,7.813235518,-2.009900563,1.718718391,-1.169418198,0.242235182,0.824928061,5.3,23.7
Rps15-ps2,17.12651328,0.693650464,0.593268798,1.169200986,0.242322664,0.82502578,13.8,22.7
Unc13a,21.15224322,-1.271170338,1.087463886,-1.168931082,0.242431399,0.825195794,18.8,56.2
Antxr2,73.48796093,-0.744527742,0.637166144,-1.168498591,0.242605707,0.825588869,58.5,168
Baz1b,750.8047878,0.171479618,0.146861021,1.167631932,0.242955264,0.826194977,570.9,1248.1
Clasp1,280.0235872,0.317755085,0.272087887,1.167839879,0.242871359,0.826194977,212,429
Gsk3b,618.6067071,0.199007798,0.170438967,1.167619131,0.24296043,0.826194977,483.6,1022.5
Dvl2,53.53374156,0.613285712,0.525339641,1.167408024,0.243045632,0.826284497,54.7,85.1
Eloa,194.8481005,-0.277567863,0.237970704,-1.1663951,0.243454739,0.827474886,152.7,386.6
Chrac1,130.252844,-0.552273054,0.47367966,-1.165920981,0.243646395,0.82792579,99.9,266.4
Gm13341,35.71641784,0.721950015,0.619588606,1.165208669,0.243934537,0.82870426,32.7,49.1
Npb,2.442723676,-2.25073449,1.932548382,-1.164645869,0.244162369,0.829277513,3.6,7.8
Golm1,41.11824029,0.694179723,0.59618925,1.164361354,0.244277602,0.829330231,40,59.2
Gpn3,102.3688827,0.702736629,0.603610745,1.164221537,0.244334245,0.829330231,79,139.5
Kbtbd3,16.39610911,-1.210048411,1.039469199,-1.164102229,0.244382586,0.829330231,12.1,43.3
Tgfbr1,114.1039389,0.614439398,0.527857995,1.164024044,0.244414268,0.829330231,121,161
Glrx3,58.24923331,0.507413078,0.436063744,1.16362134,0.244577499,0.82956641,50.5,86.9
Nkapd1,134.6006289,0.413577221,0.355441044,1.163560677,0.244602095,0.82956641,111.1,212
Arhgef5,25.88887406,-1.182542705,1.016780743,-1.163026261,0.244818848,0.829900413,11.5,66.5
Dusp28,24.13999856,1.034342006,0.889256678,1.163153486,0.244767235,0.829900413,25.8,28.9
Coa3,118.0408058,-0.496157464,0.426867314,-1.162322454,0.245104509,0.830066767,97.6,248.6
Gm44152,36.21538407,-0.957033822,0.823083466,-1.16274213,0.244934143,0.830066767,27.3,82.4
Gzmd,125.0114926,-0.707263521,0.608475996,-1.162352378,0.245092359,0.830066767,62.9,252
Saraf,1473.595392,0.213828142,0.183958295,1.162372929,0.245084014,0.830066767,1187.7,2437.8
MGI:3648991,2.443119133,-3.414553734,2.93901982,-1.161800173,0.245316644,0.830184177,0.2,7.7
Srgn,2253.612919,-0.172838394,0.148749421,-1.1619433,0.245258497,0.830184177,1700.8,4231.9
Txndc12,92.87484512,0.516171886,0.444194496,1.162040257,0.245219113,0.830184177,81.4,135.4
Mprip,202.5503885,-0.318822874,0.274607111,-1.16101463,0.24563595,0.830864045,147.5,394.5
Tigit,75.7293036,-0.768827243,0.662122397,-1.161155771,0.245578558,0.830864045,40.8,175.1
Zfp780b,76.87873197,0.554621054,0.477769894,1.16085392,0.245701311,0.830884866,68.4,115.3
Fam171a1,2.114779983,3.432530874,2.958097692,1.160384555,0.245892272,0.831232299,15.1,0.9
Gm44834,5.049400431,-1.56895138,1.35240808,-1.160116834,0.246001241,0.831232299,1.4,12
Gm45855,7.47223932,-1.669908167,1.439233417,-1.160276122,0.245936403,0.831232299,5.2,21.8
Odr4,125.3340911,0.623818208,0.537832839,1.159873779,0.2461002,0.831232299,136.9,174.1
Rnpepl1,169.4668716,0.394014689,0.339664251,1.160012242,0.246043822,0.831232299,125.1,252.4
Zrsr2,301.2556643,-0.184859914,0.159413883,-1.159622426,0.246202566,0.831377963,213.7,563.9
Gm12333,12.39137977,-1.728517001,1.49092198,-1.159361136,0.246309011,0.831537326,3.1,33.5
4932442E05Rik,27.41416214,1.612219262,1.393289436,1.157131619,0.24721859,0.83159909,26.2,25.9
9130221H12Rik,21.36524537,1.345290939,1.16104447,1.158690277,0.246582455,0.83159909,19.1,20.7
Acyp1,36.09894117,0.901957173,0.779012822,1.157820702,0.246937213,0.83159909,32,40.4
Adat1,23.05321943,1.034551435,0.893042633,1.15845694,0.246677614,0.83159909,25.5,29.3
Arid4a,651.733128,0.230114155,0.198747962,1.157818944,0.246937931,0.83159909,490.7,1041
Arih1,437.9420059,0.245777521,0.212329141,1.1575308,0.247055563,0.83159909,367.3,717.9
Ddrgk1,239.1575805,-0.343459816,0.29720599,-1.15562885,0.247833002,0.83159909,170.5,464.8
Eef1akmt4,16.62019313,1.492274322,1.288018338,1.15858158,0.246626781,0.83159909,23.9,16.8
Gm13349,53.58773763,1.196446673,1.034974724,1.156015356,0.247674876,0.83159909,42.2,54.8
Gm43571,21.56744123,1.550269806,1.339016689,1.157767352,0.24695899,0.83159909,19.3,17.1
Gm45294,11.68292354,2.223689978,1.924384163,1.155533298,0.247872105,0.83159909,12.8,8
Gm9625,2.300776467,-1.157324567,1.001479349,-1.155615009,0.247838666,0.83159909,1.3,5.6
Iah1,124.0897212,0.596792929,0.515063612,1.158678103,0.24658742,0.83159909,88.6,169.8
Jam2,8.676114919,-1.804452622,1.560967322,-1.155983598,0.247687866,0.83159909,2,23
Map2k4,153.9879088,0.506377287,0.437669209,1.156986319,0.24727795,0.83159909,137.5,232.5
Mrpl50,79.8137,0.48389649,0.418746634,1.155582997,0.247851766,0.83159909,63.9,120.1
Osbpl2,99.86982618,0.394531269,0.341033115,1.156870849,0.24732513,0.83159909,76.9,153.7
Phf12,257.144719,-0.330216736,0.285372772,-1.157141706,0.24721447,0.83159909,176.6,511.8
Pigp,57.63610769,0.867919882,0.750343526,1.156696701,0.247396298,0.83159909,48.8,76.4
Prrg1,13.97803129,1.752504885,1.5133935,1.157996836,0.246865327,0.83159909,14.2,10.3
Ptprk,21.65960132,-1.441713026,1.245402761,-1.157627934,0.247015904,0.83159909,14.8,52.2
Ptprv,11.9273914,1.466498978,1.268508514,1.156081305,0.247647902,0.83159909,13.8,10.8
Rp9,402.0961077,-0.223744183,0.193651071,-1.155398639,0.247927219,0.83159909,314.4,752.9
Ruvbl1,19.02088893,-0.996452284,0.861305836,-1.156908781,0.247309631,0.83159909,11.8,46.4
Tmx3,323.9944369,0.233337498,0.201922701,1.15557833,0.247853676,0.83159909,267.4,520.3
Ube2a,180.1431686,-0.427502042,0.369227268,-1.157829012,0.246933822,0.83159909,115.9,377.9
Zfp831,113.6326165,-0.316076154,0.273455954,-1.155857641,0.247739391,0.83159909,69.2,220.7
Drap1,293.7429043,0.301586002,0.261218892,1.154533657,0.248281448,0.832588254,232.1,458.1
1110020A21Rik,3.778021929,-1.995316164,1.729788697,-1.153502834,0.248704055,0.832611046,1.6,11.2
1810026B05Rik,572.1956855,0.227882058,0.19763067,1.153070311,0.248881526,0.832611046,468.7,950.8
Bcl11a,32.40256511,1.383749903,1.198962513,1.154122742,0.248449851,0.832611046,43.1,33.1
Gas1,15.47563361,1.899948059,1.647584193,1.153172061,0.248839769,0.832611046,21.8,10.5
Gm37733,60.11151287,0.515455519,0.446655452,1.154033867,0.248486284,0.832611046,45.3,85
Gm38329,25.75308732,-0.980432337,0.850271302,-1.153081768,0.248876824,0.832611046,14.2,64
Gm4707,235.9787365,-0.431821146,0.374185455,-1.154029745,0.248487974,0.832611046,146.4,479.9
Gm6044,11.84074817,1.312263338,1.137751857,1.153382726,0.248753328,0.832611046,7.3,11.5
Mon1a,51.20641926,-0.647933968,0.561581133,-1.153767337,0.248595569,0.832611046,31.4,107.9
St3gal1,129.5656289,0.485127687,0.420477215,1.153754995,0.24860063,0.832611046,118.3,193.9
Ggact,31.52198426,1.032856431,0.896503552,1.152094076,0.249282417,0.833157762,29.9,40.7
Qrich2,23.76779318,1.705920556,1.480370072,1.152360878,0.24917281,0.833157762,21.5,19
Sox12,21.84442466,1.538232307,1.334981206,1.152250159,0.249218291,0.833157762,29.9,18.1
Usp53,65.6801054,0.875098163,0.759570645,1.152095817,0.249281702,0.833157762,48.2,83.4
Gm48226,23.98622126,1.155184923,1.003157421,1.151548998,0.24950645,0.833600152,16.1,26.2
Gm48231,18.75469285,1.797412892,1.560954757,1.151483017,0.249533578,0.833600152,29,15.6
Gm44389,3.717545793,1.671539649,1.452027548,1.151176265,0.249659728,0.833624701,3.4,2.9
Picalm,1027.995367,0.169944267,0.147625382,1.151185964,0.249655738,0.833624701,848.9,1689.7
Gm5121,14.51319987,0.868230999,0.754323048,1.151006854,0.249729416,0.833659045,13.7,19.3
Psmb9,762.4064593,-0.158200569,0.13748595,-1.150667167,0.249869189,0.833927277,546.7,1446.9
Cdc5l,345.675858,0.244253338,0.212299458,1.150513245,0.249932542,0.833940394,259.7,555.5
Tmem63a,151.8241147,0.400739162,0.348396893,1.150237476,0.250046075,0.834120897,107.4,231.7
Cep83os,52.71839929,-0.821491614,0.714377662,-1.149940231,0.250168489,0.834330936,33,116.6
Cct3,445.7791088,0.320499309,0.278822806,1.149473077,0.250360962,0.834377996,437.2,703.5
Crip2,24.38177529,0.959146643,0.834287021,1.149660271,0.250283824,0.834377996,20.7,29.2
Cstf3,114.5335886,-0.423003551,0.36797996,-1.149528772,0.25033801,0.834377996,74.4,235.3
Ccdc93,66.68329505,-0.652756029,0.568165336,-1.14888394,0.250603841,0.834488701,46.6,141.4
Gm38243,8.093660798,-1.831455911,1.594022703,-1.148952213,0.250575686,0.834488701,2,26.3
Mex3c,121.7948143,0.488214728,0.424899381,1.149012568,0.250550798,0.834488701,109.3,178.1
Trim12c,399.5579645,-0.335367553,0.291961255,-1.148671434,0.250691489,0.834488701,258.9,790.3
Trpm2,11.54386862,-1.775923902,1.546059887,-1.148677304,0.250689068,0.834488701,9,29.2
Map4k1,277.0799627,-0.266221814,0.231869441,-1.148153948,0.250905017,0.834605594,177.1,541.4
Rngtt,169.1676181,0.468625275,0.408067289,1.148401963,0.250802664,0.834605594,137.7,265.2
Wac,266.4389464,0.341261348,0.297200763,1.148251922,0.25086458,0.834605594,206.8,426.7
Fam91a1,144.7962371,-0.458225272,0.399209428,-1.147831787,0.251038012,0.834695444,95.8,293
Nrbf2,34.69578637,1.202982536,1.048147253,1.147722834,0.251083002,0.834695444,27.4,38.3
Samhd1,1576.355134,-0.171311703,0.149270906,-1.147656349,0.251110458,0.834695444,1186.6,2994.3
Add3,473.2165863,0.223825883,0.195200598,1.146645478,0.251528173,0.835177825,375.6,782.8
Adss,376.1466393,0.297782534,0.259964872,1.1454722,0.252013605,0.835177825,316.3,608.8
Cd83,66.1431732,0.941339963,0.820999571,1.146577898,0.251556115,0.835177825,96.5,70
Dgcr8,75.12049669,0.711713174,0.621252838,1.145609533,0.251956751,0.835177825,55.7,97.8
Etf1,365.1850552,0.247210506,0.215540735,1.146931716,0.251409843,0.835177825,330.2,603.7
Gm10130,6.053030191,2.13816182,1.864057797,1.147046955,0.251362215,0.835177825,11.6,5.6
Gm25911,6.510247773,2.169458449,1.893550935,1.145709053,0.251915557,0.835177825,5.2,4.6
Ifi203,1382.257191,-0.154861035,0.135146289,-1.145877079,0.251846016,0.835177825,995.2,2590.6
Lyrm1,41.59521341,-1.02432123,0.893917121,-1.145879417,0.251845049,0.835177825,14.4,93.7
Ndufab1,60.31936771,0.666649343,0.581584815,1.146263324,0.251686213,0.835177825,45.8,81.4
Nfatc2,220.2216234,0.328655871,0.286972209,1.145253306,0.252104242,0.835177825,182.9,362.8
Rpl26-ps4,2.3096466,1.334092583,1.164804212,1.145336331,0.252069861,0.835177825,3.3,2.5
Scaf11,671.8557306,0.192007641,0.167489704,1.146384742,0.251635993,0.835177825,548.5,1114.1
Tmem250-ps,25.43720631,-0.910660557,0.795152717,-1.145264976,0.25209941,0.835177825,16.3,55.5
Ttc3,540.7614507,0.294127581,0.256846995,1.145147062,0.252148243,0.835177825,456.6,832.6
Rps11-ps3,2.399249559,-1.41528298,1.236059549,-1.14499579,0.252210901,0.835188246,1.3,6.5
Nfkbib,199.1406633,0.454314359,0.396922489,1.144592136,0.252378151,0.835544935,173.6,289.6
Spon1,55.81153238,0.994948711,0.869388758,1.144423254,0.252448149,0.835579558,55.4,68.1
Arhgap23,7.681288963,2.387901456,2.08714795,1.144097837,0.252583064,0.835631949,14.9,3.6
Gtpbp4,349.6989576,0.238906905,0.208810151,1.144134536,0.252567847,0.835631949,327.9,566.1
Ptbp2,201.576552,0.332391179,0.290622718,1.143720562,0.252739543,0.835952569,147.9,322.7
Cyp2t4,12.99902537,1.842147196,1.611093023,1.143414545,0.252866516,0.836175469,7.8,9
1700028E10Rik,37.55013214,-0.82199434,0.71915195,-1.143005091,0.253036477,0.836540382,21.1,80.8
Gm14597,7.67968106,-2.197570798,1.923044531,-1.142756063,0.253139885,0.836643316,4.7,21.5
Nexn,8.332150735,-1.941467185,1.699102152,-1.142643003,0.253186843,0.836643316,3.8,24.4
Gabarap,930.2135571,0.150153398,0.131427546,1.142480424,0.253254379,0.83666948,793.4,1558.8
Armcx2,19.09265917,1.081453191,0.946859105,1.142147956,0.253392524,0.836833245,22.9,22.2
Cebpz,283.9119838,0.324644695,0.284258864,1.142074131,0.253423207,0.836833245,239.6,431.7
Ppp5c,146.2251191,-0.377787728,0.330918361,-1.141634231,0.253606089,0.837240145,101.6,292.8
Pja1,75.23345131,0.5527164,0.484398927,1.141035557,0.253855127,0.837865204,71.8,104.7
Selenof,341.2909918,0.310986807,0.272586547,1.140873646,0.253922508,0.837890542,291.9,527.9
Mbd5,78.46071945,0.748858926,0.656589482,1.140528361,0.254066244,0.838167764,77.2,105.3
Tlr3,18.92901929,1.54641871,1.356413945,1.140078746,0.254253496,0.83858838,25.6,15.3
2310009A05Rik,23.45777536,1.057799493,0.931900582,1.135099079,0.256333807,0.838741591,20.5,28.4
Agl,61.69479103,-0.652934543,0.574314662,-1.13689339,0.255582856,0.838741591,47.3,130.9
Arfip2,31.19290251,-0.778439504,0.683534557,-1.138844403,0.254768058,0.838741591,18.6,67.2
Cd6,1062.458056,-0.196461802,0.172849653,-1.136605126,0.255703396,0.838741591,771.3,2019.6
Dhcr7,51.80298326,-0.891849664,0.78308283,-1.138895695,0.254746661,0.838741591,37.6,119.2
Dync2h1,81.76973423,0.731332482,0.644301309,1.135078373,0.256342482,0.838741591,46.1,100.2
Ears2,26.11269767,1.254423761,1.104742378,1.135489854,0.256170131,0.838741591,17.1,25.4
Fcgr2b,153.7291225,0.719184333,0.633715417,1.134869554,0.256429978,0.838741591,182.6,179.4
Gigyf1,270.6031515,0.273430306,0.240946347,1.134818229,0.256451487,0.838741591,203,432
Gm2237,2.747533111,-2.426020099,2.135784418,-1.135891843,0.256001832,0.838741591,6.5,9.1
Gm26890,34.1936629,-1.01916111,0.895634277,-1.137921064,0.255153445,0.838741591,24.8,82
Gm48570,10.12109708,2.062303639,1.816701854,1.135191024,0.256295289,0.838741591,8,7.9
Gm49784,11.40900536,1.906597699,1.676099262,1.137520756,0.255320653,0.838741591,11.9,10.2
Gm8451,3.034634863,-1.659606634,1.45641422,-1.139515538,0.254488191,0.838741591,1,8.4
Gm8822,2.699471141,1.27340801,1.118705413,1.138287162,0.255000593,0.838741591,10.2,7.3
Greb1l,14.4763207,1.832457945,1.609945038,1.138211493,0.255032181,0.838741591,14.6,13.3
Hnrnpdl,930.7621427,0.183902239,0.161492795,1.138764356,0.254801452,0.838741591,746.9,1545.2
Ifitm10,107.0669603,-0.500560732,0.440055537,-1.137494452,0.255331643,0.838741591,77.7,229.4
Kcnb1,4.849390339,-2.707515984,2.378527397,-1.138316081,0.254988522,0.838741591,1.4,15.9
Mettl15,13.2268822,-1.22258505,1.07667013,-1.135524258,0.256155724,0.838741591,10.8,35.7
Nudt2,29.66116146,1.412155666,1.243903612,1.135261327,0.256265841,0.838741591,39.1,28.2
Ogg1,9.000966522,-1.032281798,0.908668119,-1.136038315,0.255940529,0.838741591,5.8,23.4
Ogn,18.18697411,1.72047104,1.512920643,1.13718525,0.255460852,0.838741591,41.6,15.3
Pcgf6,61.90973297,0.923084578,0.812975492,1.135439613,0.25619117,0.838741591,55.3,81.3
Pou1f1,8.774979734,-2.552366225,2.247189689,-1.135803638,0.256038754,0.838741591,4.4,25.5
Rapgef2,95.09585389,0.505790075,0.443912026,1.139392593,0.254539444,0.838741591,74.8,134.6
Snx21,19.38626097,-1.46302916,1.285521322,-1.138082375,0.255086087,0.838741591,17.3,49.4
Spx,16.08420225,1.740651929,1.531629647,1.136470512,0.2557597,0.838741591,11.3,12.2
Tent4b,141.3353142,0.539416546,0.474330368,1.137216973,0.255447593,0.838741591,108.8,207.1
Tmem51,5.486771911,2.127561707,1.874374866,1.135078018,0.256342631,0.838741591,10.1,13.4
Tsc22d1,51.23830505,0.862679252,0.7572887,1.139168262,0.25463298,0.838741591,62.9,64
Tsnax,159.1424845,-0.381950376,0.336254121,-1.135897979,0.255999264,0.838741591,129,321.5
Ubxn7,92.13998639,-0.518079177,0.454617303,-1.139594057,0.254455462,0.838741591,61.1,189
Uqcrc2,173.6790239,-0.423451393,0.372904621,-1.135548792,0.256145451,0.838741591,114.1,347.2
Wdtc1,135.0823956,-0.449343964,0.39444217,-1.13918845,0.254624562,0.838741591,118,277.9
Zbtb34,25.06007199,-1.098995756,0.967748223,-1.13562157,0.256114977,0.838741591,12.2,54.6
Zfp692,88.54093126,-0.644242399,0.567800316,-1.134628461,0.256531023,0.838806238,53.3,192
Foxred1,97.52354416,0.538676351,0.474824057,1.134475691,0.256595065,0.838820205,80.2,135.6
Vmn1r13,3.985095806,1.13203897,0.998390937,1.133863427,0.256851841,0.839464073,4.8,5
Abitram,77.8628305,0.637138827,0.562240267,1.133214508,0.257124183,0.839487834,68.5,111
Aldh16a1,58.79743425,-0.594106312,0.524265858,-1.13321572,0.257123674,0.839487834,45.7,118.2
Asxl1,164.1533508,-0.404553953,0.357022326,-1.133133485,0.257158201,0.839487834,108.4,328.2
Slc18a2,49.31061033,1.000877426,0.882907379,1.133615428,0.256955899,0.839487834,28.1,60.4
Tmem37,19.6453573,1.20889304,1.06646676,1.133549666,0.256983497,0.839487834,25.8,20.5
3110001I22Rik,29.91595046,1.086061332,0.965826717,1.124488806,0.260805717,0.839767633,29.3,35.3
A630081D01Rik,325.2917275,0.246046462,0.218427132,1.126446424,0.259976606,0.839767633,250.1,523.8
Aknaos,16.30461347,1.385158127,1.228709007,1.127328049,0.259603808,0.839767633,16.9,17.4
Alkbh3,95.08343646,0.442031729,0.393206832,1.124171029,0.260940477,0.839767633,84.1,144.8
Atad3aos,8.853414385,-1.774705957,1.569559553,-1.130703167,0.258180048,0.839767633,4.8,24.6
Atrx,1961.088677,0.184283204,0.163812512,1.124964155,0.260604224,0.839767633,1520,3259.5
Brd4,1007.410875,0.182978032,0.16165606,1.131897137,0.257677683,0.839767633,783,1648
Ccl9,48.87785725,-0.832863185,0.739524271,-1.126214809,0.260074607,0.839767633,41.5,103.9
Cdc42bpa,13.49562818,2.137178881,1.88741556,1.132330858,0.257495361,0.839767633,13.2,8.3
Chst11,174.1225329,-0.32559572,0.28796635,-1.130672805,0.258192832,0.839767633,109.5,349
Creg1,74.75424867,0.707117098,0.628359884,1.125337751,0.260445939,0.839767633,79.4,99
Ddx49,13.99277801,1.350275063,1.196617324,1.12841009,0.259146768,0.839767633,16.2,13.4
Esco2,51.73179046,-0.825767084,0.733741429,-1.125419735,0.260411212,0.839767633,26.1,133.6
Fgd6,4.897737917,2.965468339,2.632389265,1.126531086,0.25994079,0.839767633,8.9,1.9
Frmd6,38.76956924,0.950744399,0.845501112,1.124474451,0.260811803,0.839767633,34.2,46
Fyttd1,186.2495181,0.365401032,0.324512819,1.125998759,0.260166044,0.839767633,169.4,289.5
Glrp1,6.93944742,2.194461469,1.941715606,1.130166262,0.258406173,0.839767633,15.8,4.8
Gm16286,306.9884663,0.264529963,0.234028716,1.130331216,0.258336686,0.839767633,216.8,488.6
Gm23094,8.041221972,2.35923395,2.09061661,1.128487136,0.259114247,0.839767633,9.9,4.9
Gm24245,7.476814799,-1.377320051,1.219759936,-1.129173054,0.258824839,0.839767633,2.6,20.6
Gm37019,52.24222793,0.693089884,0.612087469,1.132337972,0.257492372,0.839767633,48.3,65.8
Gm43984,29.54634604,1.107524429,0.978371988,1.132007501,0.257631281,0.839767633,32.8,32.5
Gm47242,23.22565546,1.196799756,1.063154928,1.125705883,0.260290033,0.839767633,24,25.6
Gm5914,5.163236873,1.624892559,1.438869778,1.129283959,0.258778065,0.839767633,4,5
Gtpbp3,29.75985363,0.97851345,0.86472826,1.13158491,0.257808987,0.839767633,34.7,38.7
Hspa1b,343.0933054,0.735700603,0.653298732,1.126131993,0.260109654,0.839767633,259.9,443.4
Il15ra,128.2874868,-0.40782571,0.362120219,-1.126216344,0.260073957,0.839767633,85.7,262
Irf1,1015.038414,-0.253793482,0.225378388,-1.126077279,0.26013281,0.839767633,667.9,2025.5
Laptm4a,610.6484774,-0.287277212,0.254876255,-1.127124268,0.259689944,0.839767633,533.2,1177.8
Mapkapk2,431.3475572,-0.223397099,0.19812839,-1.127537042,0.259515488,0.839767633,342.6,808.4
Mat2b,334.987573,-0.273597022,0.243321774,-1.124424738,0.260832883,0.839767633,241.2,676.6
Mns1,59.2935774,0.587491915,0.522521576,1.124340012,0.26086881,0.839767633,61.6,82.1
Mov10,182.7869546,-0.358315228,0.318033222,-1.126659742,0.25988637,0.839767633,145.7,358.1
Msrb1,101.5120566,-0.553155155,0.490800288,-1.127047331,0.25972247,0.839767633,72.2,204.4
Mss51,47.79609732,-0.79740931,0.706260837,-1.129057805,0.25887345,0.839767633,24.2,101
Ndufa5,284.6540836,-0.261064575,0.23093563,-1.13046469,0.258280469,0.839767633,237.2,542
Nek8,129.5195608,0.331911297,0.294213234,1.128131772,0.259264273,0.839767633,107.1,201.7
Opa1,153.6566851,0.297079553,0.263535846,1.12728328,0.259622729,0.839767633,123.9,233.8
Paip1,83.2731022,-0.529591169,0.469917798,-1.126986828,0.25974805,0.839767633,49.1,175.2
Pak6,20.51313235,-0.954461478,0.848783907,-1.124504682,0.260798985,0.839767633,14,52.6
Pdcd1lg2,96.01012001,0.506246857,0.447836396,1.130428125,0.258295868,0.839767633,64.6,139.1
Pde7a,602.6291487,-0.211770443,0.188185716,-1.125326868,0.260450548,0.839767633,407.3,1145.8
Polr3e,45.16795138,-0.872551315,0.776222066,-1.124100117,0.260970556,0.839767633,27.3,102.9
Rab4a,6.164747717,-2.040288499,1.813337331,-1.125156618,0.260522673,0.839767633,2.7,14.4
Rsu1,147.9653573,0.455221582,0.402586857,1.130741288,0.258163998,0.839767633,159.7,219.5
Rtel1,72.80579312,0.748970805,0.666160533,1.124309784,0.260881629,0.839767633,69,90.1
Sdcbp,732.8060171,0.21316405,0.188327472,1.131879737,0.257684999,0.839767633,691.9,1199.3
Sdhaf4,56.37762156,0.52689968,0.468172388,1.12543946,0.260402858,0.839767633,48.1,79.8
Slc44a2,688.4729469,0.218088678,0.194029351,1.123998386,0.261013711,0.839767633,577.8,1148
Slc9a5,25.38211066,-1.298070778,1.148032,-1.130692157,0.258184684,0.839767633,8.1,64.2
Sms,224.4197605,0.458177102,0.404659148,1.132254403,0.257527494,0.839767633,199.5,337
Tbc1d30,29.06869427,1.378076559,1.223124254,1.126685661,0.259875407,0.839767633,23.9,26.5
Tfdp2,51.67186764,-0.639723797,0.568934106,-1.124425114,0.260832723,0.839767633,29.5,111.2
Tjp1,19.83334281,1.255456428,1.112159264,1.128845902,0.258962845,0.839767633,24.2,19.2
Tmem131,151.3548244,0.350116251,0.310467614,1.127706192,0.259444022,0.839767633,134.3,241.7
Trim37,42.11307286,-0.781556567,0.690536427,-1.131810772,0.257713998,0.839767633,28.9,97.6
Trp53rkb,10.22692253,-1.416173586,1.253161624,-1.130080556,0.258442282,0.839767633,8.5,26.5
Trpc1,19.04949614,-1.406852637,1.246067728,-1.129033844,0.258883557,0.839767633,6,51.1
Uspl1,162.8157836,0.36452059,0.323668479,1.126215909,0.260074141,0.839767633,138.6,251
Vamp8,313.8952026,-0.176471839,0.156510146,-1.127542484,0.259513189,0.839767633,219.2,584.8
Wdr74,98.26265674,0.644758617,0.569819249,1.131514279,0.257838697,0.839767633,97.2,130.7
Wdr90,83.49860426,-0.640282553,0.567984826,-1.12728813,0.259620679,0.839767633,54.3,185.2
Zeb1,402.9796004,0.278095461,0.246450108,1.128404704,0.259149042,0.839767633,316.5,642.1
Washc4,146.8660508,0.304639255,0.271086093,1.123773085,0.261109302,0.839882638,121.6,228
Hgsnat,104.2381192,-0.623903847,0.555373324,-1.123395417,0.261269596,0.840205661,84.3,234.9
Dhps,178.6687874,0.373501172,0.332655979,1.122785086,0.261528781,0.840268982,132.8,276.2
Lhpp,5.230082663,2.050465735,1.826193499,1.122808583,0.261518799,0.840268982,9.4,3.5
Tk1,138.718773,-0.449988476,0.400700588,-1.123004282,0.261435676,0.840268982,103.6,287.3
Wfdc17,17.66260773,-1.558690366,1.387722862,-1.123200035,0.261352548,0.840268982,13.4,40.9
Gm12468,2.032406061,-1.501511683,1.337834655,-1.122344736,0.261715892,0.84067769,0.8,10
Zfp85,14.70989387,1.354477981,1.207101957,1.122090783,0.261823842,0.840831992,11.5,15.1
Bend6,7.566717676,-1.623718747,1.447528072,-1.121718313,0.261982228,0.84095576,11.6,19.9
Creld1,21.93729043,-1.026705385,0.915253858,-1.121771164,0.26195975,0.84095576,15.3,54
Fbxl5,189.161538,-0.410813538,0.366288809,-1.121556346,0.262051121,0.84098455,121.4,395.9
Wipi2,194.5163612,0.436338009,0.389166213,1.121212465,0.262197435,0.841069441,167.3,291.7
Xlr4b,58.00491966,-0.727719281,0.649011296,-1.121273674,0.262171388,0.841069441,42.9,127.4
Prdx4,49.96148839,0.882359918,0.787085136,1.12104762,0.262267593,0.84110224,72.8,62.4
Fam76a,104.0370476,-0.556806127,0.496765405,-1.120863332,0.262346041,0.841161604,63.3,232.9
Tm2d2,101.3165806,0.552108123,0.49267229,1.120639693,0.262441262,0.841274708,92.7,143.7
Supv3l1,41.96851961,0.955112609,0.852428212,1.12046105,0.262517342,0.841326416,30.5,52.1
Dusp6,286.1881943,-0.454095466,0.405518888,-1.119788694,0.262803818,0.841327837,212,591.8
Ndufb4,9.054979012,-0.797318232,0.711857658,-1.120052898,0.262691221,0.841327837,5.2,21.6
Pp2d1,18.48390032,2.624241425,2.343324208,1.119879791,0.262764991,0.841327837,16.9,9.9
Rasgef1a,31.48867859,0.951967697,0.850217673,1.119675263,0.26285217,0.841327837,29.9,39.2
Spata13,810.6455706,-0.172452727,0.153991301,-1.119886157,0.262762278,0.841327837,582.3,1520.8
Tapbp,1537.225928,-0.134763261,0.12036562,-1.119615891,0.262877481,0.841327837,1206.5,2869
Tmem14a,8.539841677,-1.432568698,1.279779548,-1.119387085,0.262975038,0.841448173,4.5,23.2
Ercc6,81.48276759,0.652527241,0.583009057,1.119240315,0.263037631,0.841456601,76.8,116.3
Frat2,61.05620389,0.593705901,0.530591129,1.118951804,0.263160701,0.841466683,51.7,88.6
Nanos1,43.322687,-0.859005768,0.767643336,-1.119016772,0.263132984,0.841466683,30.7,104.7
Slco4a1,52.06119092,-0.775810691,0.693457786,-1.118756912,0.263243858,0.841540844,25.5,110.7
1110032F04Rik,32.58647636,-1.131980356,1.015623582,-1.11456683,0.265036091,0.841692804,13.6,75.8
1700086O06Rik,3.282336606,-2.573535468,2.30465275,-1.116669515,0.264135657,0.841692804,0.8,9.4
9530056E24Rik,40.01478356,-0.832235825,0.75147875,-1.107464216,0.268093275,0.841692804,25.8,93
AC122442.1,14.32632426,1.997558964,1.794359455,1.11324348,0.265603873,0.841692804,11.8,10.2
Agap1,12.0658194,3.240057143,2.897460189,1.118240435,0.263464319,0.841692804,28.8,2.9
Ago4,2.618777472,-2.089806459,1.870579724,-1.117197216,0.263910011,0.841692804,1,6.5
Ahcy,22.88007949,1.044248531,0.941347983,1.109311912,0.267295648,0.841692804,22.1,26.6
AI413582,130.5770336,-0.587352469,0.530101852,-1.107999278,0.267862128,0.841692804,97.2,273
Alcam,309.3341498,0.370369419,0.332992039,1.112247068,0.266031935,0.841692804,230,474.3
Ap1g2,128.151768,0.395601666,0.357407341,1.10686497,0.268352313,0.841692804,124.8,198.1
Btla,50.39870859,0.845522444,0.760630773,1.111606936,0.266307189,0.841692804,58,65.5
Cggbp1,316.4067104,0.331808718,0.297091693,1.116856262,0.264055788,0.841692804,247.2,481.2
Cnot6,631.8347186,0.204160444,0.184138513,1.108732994,0.267545384,0.841692804,536.4,1060.4
Cpox,81.58515748,0.65396447,0.590768627,1.106972238,0.268305931,0.841692804,82.3,116.2
Cwf19l1,73.04503418,0.743126965,0.671270925,1.107044767,0.268274574,0.841692804,53.7,99.6
Ddt,78.03081017,-0.544187404,0.489102723,-1.112623951,0.265869969,0.841692804,56.4,162
Desi2,158.0649843,0.377262406,0.338306154,1.115150883,0.26478577,0.841692804,115.2,242.5
Dvl3,125.7197961,-0.43724158,0.393027674,-1.112495657,0.265925096,0.841692804,95.3,252.6
Ern1,29.54482494,-0.940367434,0.845966586,-1.111589334,0.26631476,0.841692804,16.5,69.4
Fam53c,199.3902017,-0.294185038,0.265409229,-1.108420529,0.267680243,0.841692804,136.7,393.5
Fam98b,139.6378641,-0.463766609,0.418839125,-1.107266685,0.268178644,0.841692804,115.5,292.1
Fnbp1,1373.302064,-0.149876398,0.134871378,-1.111254293,0.266458907,0.841692804,925.9,2582.3
Fndc3a,343.607474,0.297707179,0.268110954,1.110387973,0.266831878,0.841692804,308.7,549.1
Glyctk,13.77713387,1.894615751,1.707120469,1.109831313,0.267071723,0.841692804,7.2,10.7
Gm11273,2.291203635,-1.341916337,1.205660042,-1.11301386,0.265702477,0.841692804,1.1,5.8
Gm15550,23.86663935,1.608937301,1.441762448,1.115951732,0.264442796,0.841692804,14.5,24.2
Gm15727,2.185388152,-2.069205676,1.860063284,-1.112438321,0.265949736,0.841692804,0.6,5.4
Gm16754,27.03602266,0.95781547,0.860334505,1.113305887,0.265577079,0.841692804,27.2,32.7
Gm18752,17.97031076,-1.437813752,1.294309076,-1.110873576,0.266622771,0.841692804,5.6,48.5
Gm21887,13.49224758,1.611516222,1.454038911,1.108303368,0.267730822,0.841692804,16.6,14.5
Gm29322,20.28703346,1.450287358,1.303862354,1.112300967,0.266008768,0.841692804,21,21.5
Gm36287,6.032899211,2.857046308,2.579259819,1.10770008,0.267991365,0.841692804,9.9,2.5
Gm38021,31.69257965,1.069391607,0.966043137,1.106981217,0.268302049,0.841692804,22.8,35.3
Gm44369,3.966610271,-2.345569642,2.10989553,-1.111699422,0.266267408,0.841692804,1.3,12
Gm44571,9.268018847,-1.905778871,1.718694621,-1.108852525,0.267493807,0.841692804,3.7,24.9
Gm45477,17.43987586,1.425918476,1.278755906,1.115082613,0.264815022,0.841692804,20.5,18.5
Gm8172,2.602553999,-1.987111218,1.789656056,-1.110331346,0.26685627,0.841692804,3,6.2
Gns,213.1191672,0.409400456,0.366922836,1.115767176,0.264521807,0.841692804,214,301.6
H2-Ke6,10.07061526,1.826174243,1.636654502,1.115797036,0.264509023,0.841692804,20.1,6.9
Hcst,1527.610643,-0.219805582,0.197182608,-1.114731084,0.264965676,0.841692804,1105,2902.8
Immt,270.3201744,0.244821155,0.219971973,1.112965217,0.265723368,0.841692804,236.3,452.7
Kctd1,13.12622776,-1.438331865,1.296848392,-1.109097929,0.267387938,0.841692804,10.1,30.6
Kitl,12.05413834,1.853358304,1.657645562,1.118066701,0.263538507,0.841692804,21.9,10.6
Lin7c,183.8600749,0.36691153,0.330597561,1.109843425,0.267066503,0.841692804,153.2,285.8
Lsm3,91.14875654,-0.569014033,0.510959341,-1.113619006,0.265442669,0.841692804,64.1,197.8
Magohb,126.6754771,-0.562817944,0.505416537,-1.113572474,0.26546264,0.841692804,107.3,263.1
Man2a2,157.8092489,0.356716434,0.321779763,1.108573241,0.267614327,0.841692804,120.4,247.2
Manea,36.98299936,-1.090688981,0.977880032,-1.115360725,0.264695873,0.841692804,18.9,86.9
Nemp2,128.9438047,-0.475304273,0.4292909,-1.107184599,0.268214125,0.841692804,81.4,267.7
Nlrc3,496.5884517,-0.268834849,0.24148547,-1.113254759,0.26559903,0.841692804,324.3,950.8
Nsun2,228.5604056,0.414147755,0.371889958,1.113629842,0.265438018,0.841692804,214.3,352.7
Nup50,285.3588429,0.25689359,0.231938188,1.107595052,0.268036741,0.841692804,240.4,442.5
Oasl2,138.2987287,0.586627763,0.528520895,1.109942423,0.267023838,0.841692804,176.6,199.1
Pitpnm2,167.1122281,0.350220959,0.314254737,1.11444926,0.2650865,0.841692804,120.6,254.4
Pkm,2394.276231,-0.188832697,0.170081668,-1.110247211,0.266892514,0.841692804,1859.7,4555.7
Plk1,60.59454583,0.865703405,0.781734804,1.107413153,0.268115342,0.841692804,51.2,74.8
Pou2f1,245.5441027,-0.254537702,0.229757229,-1.107855031,0.267924429,0.841692804,153.9,479
Ppia,76.74799802,0.474196721,0.425999621,1.113138832,0.265648808,0.841692804,72,112.6
Prkaca,163.451632,0.350766836,0.313688498,1.118201137,0.263481099,0.841692804,125.5,251.2
Psmd4,259.3726106,-0.200182589,0.179723121,-1.113838818,0.26534834,0.841692804,182.7,491
Ptdss1,214.6316345,0.326858847,0.293661872,1.113044896,0.265689148,0.841692804,187.8,349.3
Rab5c,266.3555613,-0.281220577,0.253957076,-1.10735476,0.268140577,0.841692804,192.5,518.4
Retnlg,4.507985747,-2.47648747,2.222663069,-1.114198325,0.265194114,0.841692804,0.9,12.5
Rfc3,134.3489614,-0.532346806,0.47702462,-1.115973439,0.264433504,0.841692804,96.1,284.2
Rpl13,84.64876662,0.318895438,0.287008802,1.111099855,0.26652537,0.841692804,72.9,132
Rpsa-ps4,4.655821132,-1.257974431,1.133193746,-1.110114166,0.266949834,0.841692804,2.6,10.2
Sbk1,39.74823778,0.784083564,0.70713117,1.108823366,0.267506388,0.841692804,51.3,55.3
Selplg,2738.68441,-0.10406706,0.093430584,-1.113843617,0.265346281,0.841692804,1938,5015.2
Serinc3,1341.49595,-0.157966351,0.14265453,-1.107334978,0.268149127,0.841692804,1036.6,2527.2
Sipa1,695.9249728,-0.177274899,0.160171837,-1.106779461,0.26838929,0.841692804,464.9,1330.6
Slco2a1,15.92251275,-1.630308151,1.465047995,-1.112801872,0.265793531,0.841692804,4,47.8
Snhg15,92.12122923,0.640999668,0.577702834,1.109566424,0.267185906,0.841692804,84.1,129.9
Tab2,789.7602868,0.163521458,0.146623214,1.115249441,0.264743545,0.841692804,644.3,1308.9
Tbck,98.49862268,-0.461265248,0.413526429,-1.115443209,0.264660542,0.841692804,70.4,196.5
Tinf2,156.332393,0.538193275,0.482875697,1.11455863,0.265039607,0.841692804,122.7,226
Tmx4,172.7291512,0.529816449,0.478181566,1.107981752,0.267869697,0.841692804,130.9,251.7
Trio,58.39542396,0.953526973,0.860798825,1.107723368,0.267981304,0.841692804,93,67.3
Umad1,23.02569633,1.062098935,0.956606702,1.110277539,0.266879449,0.841692804,23.6,28.7
Wrap73,37.66985495,-0.687297625,0.618407982,-1.111398373,0.266396912,0.841692804,28.5,86.1
Xpot,80.31793412,-0.776012313,0.696585152,-1.114023621,0.265269053,0.841692804,56.7,184.7
Ydjc,21.70601634,1.131288956,1.021054978,1.107960865,0.267878718,0.841692804,22.6,25.5
Yju2,48.54549425,-0.83490737,0.749769346,-1.113552288,0.265471305,0.841692804,18.6,108.3
Ythdc2,99.5623143,0.655350383,0.58997024,1.110819391,0.266646098,0.841692804,89.3,134.9
Zfp362,72.04523519,-0.540409718,0.485761116,-1.112500982,0.265922808,0.841692804,51.3,159.4
Zfp626,51.15456668,-0.626039476,0.560095233,-1.117737554,0.263679099,0.841692804,35.2,114.8
Sdc4,67.07600994,0.922623993,0.833770119,1.106568792,0.268480406,0.841789795,115.5,74.4
Traj18,113.0209787,-0.566895614,0.512364362,-1.106430612,0.268540182,0.841789795,72.8,238.7
Bptf,1405.869446,0.203278491,0.183798171,1.105987561,0.268731903,0.841884569,1063.1,2291.2
Brd3,219.9759726,0.42659018,0.385837688,1.105620816,0.268890676,0.841884569,205.9,332.7
Cdip1,177.4980104,0.291570267,0.263738187,1.105529199,0.268930349,0.841884569,156,286.5
Eif5b,1057.360173,0.15189212,0.137336672,1.105983693,0.268733577,0.841884569,942.5,1774.5
Fam3a,45.22299645,0.608170732,0.549931551,1.105902599,0.26876868,0.841884569,37.1,63.9
Pecam1,75.91625796,0.441355879,0.399148987,1.105742199,0.268838119,0.841884569,64.8,109
Epn1,189.7126399,-0.327430765,0.296259857,-1.105214754,0.269066545,0.842123082,140,375.9
Gm48139,35.66305979,1.043026158,0.94403697,1.104857322,0.269221418,0.842232139,30.5,40.4
Slc37a4,39.81958433,-0.999754546,0.904769273,-1.104982867,0.269167013,0.842232139,30.5,95.3
Gm15148,8.806680086,-0.742085305,0.672170194,-1.104014,0.269587065,0.842802118,6.1,19.3
Gm16196,14.40090343,1.691635471,1.532440706,1.103883148,0.26964383,0.842802118,22.9,11.3
Gm37137,17.65452661,1.81309401,1.641894571,1.104269447,0.269476272,0.842802118,12,14.3
Gm6483,2.357245032,3.252915268,2.946436835,1.104016631,0.269585923,0.842802118,6.1,0.7
Cdadc1,112.2279662,0.565674802,0.512772338,1.103169498,0.269953565,0.843183839,86.3,160.5
Gm38248,21.21309336,1.21418393,1.100891475,1.10290974,0.270066364,0.843183839,20.2,20.7
Gm43721,9.235069317,1.769753144,1.604567769,1.102946961,0.270050199,0.843183839,7,6.8
Ktn1,382.3747556,0.277349648,0.251394436,1.103244976,0.269920794,0.843183839,304.9,604.8
Mettl14,114.2705542,0.428519596,0.388383934,1.103340171,0.269879468,0.843183839,101.2,174.5
Magi3,33.69243309,0.967271971,0.877782525,1.101949451,0.270483648,0.844298826,43.5,39.1
Gm37320,5.605655055,-2.040823139,1.852929534,-1.101403535,0.270721068,0.844394011,3.7,14.8
Ppm1m,102.7806146,0.42299933,0.384086228,1.101313451,0.270760259,0.844394011,74.5,156.5
Smarcad1,131.9157286,0.387510841,0.351835404,1.101398088,0.270723437,0.844394011,107.9,209.5
Vamp5,51.90484077,-0.729629132,0.662583811,-1.101187684,0.270814981,0.844394011,36.9,111.8
Znhit6,56.59358669,0.813084264,0.73809479,1.101598704,0.270636172,0.844394011,52.6,73.4
4931428F04Rik,2.793446771,-2.882702125,2.61848698,-1.100903746,0.270938551,0.844591655,0.8,9.3
7-Sep,1398.952334,0.137012435,0.124478236,1.100693901,0.271029902,0.844688794,1053.8,2351.5
Sema4c,97.8925321,-0.552658822,0.502164851,-1.100552578,0.271091434,0.844692982,65.8,204
Pfn2,26.0376846,-1.205686359,1.095760811,-1.100318926,0.271193189,0.844822466,11.6,62.7
Arhgap30,1148.509927,0.143005946,0.130124992,1.098989092,0.271772824,0.844957458,911,1919.7
Gm4908,2.029352044,-3.252541842,2.959603034,-1.098979088,0.271777188,0.844957458,0.2,6.6
Hars,177.7967281,-0.552362814,0.502565685,-1.099085812,0.271730638,0.844957458,112.6,374.5
Nfu1,132.4743499,0.356739606,0.324348997,1.099863448,0.271391623,0.844957458,109.2,201.4
St6galnac3,150.3197988,-0.559448347,0.50901395,-1.099082545,0.271732063,0.844957458,107,305.1
Trim12a,403.9922042,0.250152094,0.227404193,1.100032899,0.271317788,0.844957458,343.3,665.8
Trp53bp1,98.07794594,0.533191851,0.484881537,1.09963323,0.271491957,0.844957458,74.2,149
Vhl,116.9577611,-0.524266571,0.476748086,-1.099672105,0.271475013,0.844957458,89.2,243.1
Zfp654,167.0674834,0.42030024,0.382447038,1.098976325,0.271778393,0.844957458,130.8,247.8
Calr,1408.000778,0.126542922,0.115193042,1.098529212,0.271973469,0.845376669,1154.1,2341.2
Atp6v0d1,198.9501922,0.322663584,0.293932432,1.09774747,0.272314775,0.845652276,176,305
Coq4,14.54113992,1.639201107,1.493506686,1.097551904,0.272400204,0.845652276,16.2,14
Gm10209,9.180502181,-2.078956899,1.893841245,-1.097746131,0.27231536,0.845652276,4,23.9
Gm10420,1.974105333,-1.421223178,1.294709338,-1.097716017,0.272328513,0.845652276,3.6,5.4
Rps16,201.9270557,0.284522115,0.259145104,1.097925874,0.272236859,0.845652276,180.5,323
Trf,18.44637222,1.502174563,1.36872626,1.097498168,0.272423681,0.845652276,25.8,15
Dcbld2,25.19915152,0.840811849,0.766228697,1.097337979,0.272493674,0.845682491,21.8,30.5
Atg12,214.7349305,-0.319572738,0.29136212,-1.096823217,0.272718679,0.8458045,146.8,432.6
Ccdc167,25.96438967,-0.935714857,0.85364589,-1.096139358,0.273017793,0.8458045,20.6,59.1
Cenpe,254.1379784,0.414321738,0.378028125,1.096007707,0.273075402,0.8458045,221.9,392.8
Col23a1,5.212275066,1.739821053,1.587172928,1.096176115,0.27300171,0.8458045,8.4,4.9
Gimap8,544.9945238,0.227373425,0.207403286,1.096286514,0.272953409,0.8458045,414.8,903
Gm43653,12.12237925,1.782259343,1.625738418,1.09627682,0.27295765,0.8458045,16.1,8.6
Lrrk2,9.36959843,-1.493803981,1.361743381,-1.096979064,0.272650544,0.8458045,5.1,25.5
Tpmt,17.58012837,1.46507658,1.336633973,1.096094076,0.273037607,0.8458045,17.4,15.7
Uri1,279.2095949,-0.424087915,0.386784964,-1.096443644,0.272884673,0.8458045,182.1,564.8
Id1,6.471327175,1.920430518,1.752717936,1.095687149,0.273215709,0.846052351,11.4,12.4
Ctso,116.0348841,0.496281141,0.453240931,1.094960994,0.273533725,0.846610001,115.6,181.2
Dtd1,89.4859118,-0.599965572,0.548120276,-1.094587444,0.273697419,0.846610001,49.8,189.1
Gm10086,17.82312572,0.948305622,0.866198108,1.094790687,0.273608347,0.846610001,12.9,22.6
Gm17055,35.20017745,-1.006842928,0.919458888,-1.09503855,0.273499748,0.846610001,18.7,83.9
Uggt1,317.8862498,0.245338088,0.224123005,1.09465821,0.273666403,0.846610001,297,514
Aktip,83.89233854,-0.489590216,0.447547319,-1.093940675,0.273980998,0.846927165,51.5,166
Commd1,104.4975615,0.349267199,0.31924675,1.094035254,0.273939517,0.846927165,90.7,156
Dnajb5,8.71027584,-1.098435072,1.003946991,-1.094116604,0.273903841,0.846927165,4.4,21.2
Atad2b,265.0986632,0.245429254,0.224403674,1.093695347,0.274088616,0.847073251,208.3,413.7
Psma3,133.2540929,-0.581097531,0.531538627,-1.093236693,0.27428989,0.847508658,68.3,276.5
Hyal2,11.20764384,-1.358596892,1.243583742,-1.092485247,0.274619872,0.847781627,7.2,26.6
Kxd1,169.8059181,-0.388601892,0.355637765,-1.092690176,0.274529854,0.847781627,117.2,338.5
Pfkfb1,25.69547369,1.238028273,1.132930295,1.0927665,0.274496334,0.847781627,18.8,29
Plekho1,39.60762682,0.806178248,0.737877737,1.092563453,0.274585516,0.847781627,44.7,47.9
Dusp11,638.0240746,0.178936043,0.163852538,1.092055363,0.274808768,0.847991698,494.9,1075.6
Uvssa,133.6874964,0.600445974,0.54976833,1.092179998,0.274753992,0.847991698,134.8,184.7
Cenpf,256.7020972,0.30047776,0.275193355,1.091878691,0.274886425,0.848044865,199.4,411.2
Vamp7,36.18104672,-0.893805135,0.818745468,-1.091676437,0.274975346,0.848132748,31.4,82.1
Cep170,114.1861171,0.490231418,0.450125992,1.089098222,0.276110574,0.848270681,108.3,170.9
Ddx43,17.9403099,1.676762312,1.540125932,1.088717667,0.276278409,0.848270681,13.1,17.6
Emc9,37.23224266,0.884075284,0.810751728,1.090438975,0.275519821,0.848270681,42.3,48.9
Gm11714,8.924964272,-1.406357883,1.290594443,-1.089697768,0.2758463,0.848270681,4.9,22.7
Gm16153,15.86837701,1.409927146,1.294322965,1.089316333,0.276014412,0.848270681,13.4,14.9
Gm38220,63.89433298,-0.592715776,0.544127908,-1.089294939,0.276023844,0.848270681,42.1,142.1
Gm47246,29.82813862,2.123465442,1.948581367,1.089749434,0.275823534,0.848270681,25.4,18.6
Haus8,61.91636742,-0.669882258,0.614919702,-1.08938168,0.275985607,0.848270681,43.8,129.9
Itpripl1,91.90182033,-0.570732568,0.524125699,-1.088923076,0.276187809,0.848270681,55.8,192.7
Lmbr1l,130.6327433,-0.461606676,0.423391705,-1.090259138,0.275599009,0.848270681,74.9,261.7
Pcdhgc5,4.357885566,-2.635430294,2.419692455,-1.089159198,0.276083688,0.848270681,0.6,14
Pcx,3.423736565,3.10566848,2.850765139,1.089415763,0.275970583,0.848270681,11,4.5
Pnpla7,140.1961839,0.478169664,0.438768434,1.0897996,0.27580143,0.848270681,123,208.9
Rnf111,244.7733822,0.320761669,0.294630107,1.088692776,0.276289389,0.848270681,191.9,385.6
Rnf125,701.4113286,-0.265616218,0.243861528,-1.089209194,0.276061645,0.848270681,426.8,1362.5
Rpa3,84.99143771,-0.455279982,0.417830449,-1.08962854,0.275876806,0.848270681,69.5,172.7
Scaf8,248.1876903,0.251855022,0.231070195,1.089950276,0.275735048,0.848270681,191.1,413.4
Sit1,125.5998423,0.378108749,0.346705042,1.090577589,0.275458795,0.848270681,113.2,196.2
Socs3,277.15458,0.291942851,0.268080052,1.089013707,0.276147841,0.848270681,237.2,460.4
Wdr4,51.29897318,0.52063829,0.477917728,1.089388947,0.275982404,0.848270681,50.3,71.9
Yrdc,164.930072,-0.545588782,0.50042582,-1.090249064,0.275603446,0.848270681,125.5,354.5
Sh3bgrl3,2184.158884,0.083546773,0.076799212,1.08785976,0.276657023,0.849213617,1725.2,3803
Plag1,2.124021347,-2.911543177,2.676758082,-1.087712482,0.276722056,0.849227494,0.3,6.1
Camkk1,14.41257464,-1.170807948,1.077716468,-1.086378453,0.277311591,0.849993788,10.9,33.7
Gm10364,6.205319129,1.430579442,1.3163865,1.086747275,0.277148515,0.849993788,11.9,6.8
Gm8349,11.67815099,1.31326238,1.208903571,1.086325172,0.277335154,0.849993788,13.8,12.5
Gorasp1,13.7323086,1.941679675,1.787203428,1.086434619,0.277286752,0.849993788,14.4,9.2
Tbx21,319.0662925,-0.332008724,0.305481001,-1.086839189,0.277107885,0.849993788,207.9,644.9
Triobp,134.9162324,-0.444332845,0.408989454,-1.086416387,0.277294815,0.849993788,105.2,278.8
Fam98a,123.5212643,0.450310205,0.414672868,1.085940845,0.277505164,0.850075656,107,176.8
Tm2d1,43.25420224,1.123100304,1.034431773,1.085717137,0.277604156,0.850075656,36.6,48.1
Zc3h8,17.16315746,-1.146203751,1.055500241,-1.085934145,0.277508129,0.850075656,10.9,43.9
Zranb3,22.02149218,1.200528431,1.105714126,1.085749384,0.277589886,0.850075656,19.1,24.3
Bms1,287.282799,0.363560397,0.33511041,1.084897352,0.277967121,0.850181137,243.1,437.6
Gm12289,5.572358733,-2.201673823,2.029139667,-1.08502823,0.277909152,0.850181137,0.9,16.1
Jak2,332.8994827,0.285107402,0.26272469,1.08519455,0.277835497,0.850181137,254.8,542.1
Tspoap1,28.54051563,1.076175463,0.991690273,1.085193122,0.27783613,0.850181137,23.1,36.9
Ttc17,119.2965932,-0.578967277,0.533629211,-1.084961741,0.277938601,0.850181137,97,262.8
Zcchc3,12.14099482,1.619021376,1.492435359,1.084818425,0.278002083,0.850181137,16.2,9.3
Pon3,32.92905912,1.025000314,0.945031446,1.084620326,0.278089849,0.850264257,29.8,36.6
Mtus2,12.93961084,1.764534221,1.627219913,1.084385833,0.278193763,0.850396703,19,10
Masp1,4.04473937,2.65022383,2.444921372,1.083970986,0.278377664,0.850442426,10.5,2
Rab11b,236.7675202,-0.286272462,0.264085883,-1.084012738,0.278359151,0.850442426,147.1,458
Secisbp2l,257.189223,0.28936265,0.266953998,1.083941999,0.278390516,0.850442426,236.1,418.5
Dync1i2,541.7946364,0.246946579,0.227876488,1.083686085,0.278504007,0.85060397,457.6,873.9
Accs,109.0199839,0.534144083,0.493109954,1.083214969,0.278713017,0.850877024,93.2,165.3
Kank3,11.07486604,-1.74544051,1.611714414,-1.082971335,0.278821147,0.850877024,2.9,27.4
Nrip1,467.8191109,-0.306060654,0.28259855,-1.083022734,0.278798333,0.850877024,311.9,922.1
Prim2,71.31366679,-0.741750142,0.68494237,-1.082938032,0.278835929,0.850877024,45.6,159.2
Gss,25.73732922,-0.65367516,0.603705902,-1.082770862,0.278910142,0.850918463,19.2,55
S100pbp,281.7030028,-0.238135936,0.220036811,-1.082254984,0.279139243,0.851432326,197.5,545.7
2010320M18Rik,9.954718324,1.52882368,1.413916759,1.081268518,0.279577687,0.85179942,10.4,9.2
2810039B14Rik,17.5563872,-1.29039459,1.193303663,-1.081363135,0.279535613,0.85179942,7.1,38
A130071D04Rik,957.1594272,-0.174157748,0.161269681,-1.079916242,0.28017948,0.85179942,722.6,1815.6
Cpeb4,185.393577,-0.457925772,0.424377924,-1.079051822,0.280564627,0.85179942,129.4,381.2
Crbn,440.0459675,-0.262687496,0.242980384,-1.081105775,0.279650065,0.85179942,282.2,847.8
Dcun1d2,38.39851349,-0.780816297,0.722060144,-1.081372935,0.279531256,0.85179942,28.2,84.5
Dimt1,17.30916278,1.292800256,1.198164516,1.078983928,0.280594892,0.85179942,15.8,20.4
Dnaja4,16.01874292,1.390335908,1.287727838,1.079681488,0.28028404,0.85179942,25.8,15.3
Eps8l1,69.78119076,0.8035625,0.744248078,1.079697111,0.280277081,0.85179942,59.2,86.5
Fancc,116.2748019,0.665960488,0.616735942,1.079814623,0.280224738,0.85179942,87.1,154.4
Hecw2,2.944235463,3.086046843,2.859347399,1.079283631,0.280461308,0.85179942,4,3.5
Inpp5b,186.574035,-0.403896521,0.374113082,-1.079610792,0.280315534,0.85179942,126.5,370
Lztfl1,34.27593123,-0.879424747,0.812893477,-1.081845004,0.279321405,0.85179942,17.7,78.3
Nup54,83.88701701,0.587904446,0.543861523,1.080981869,0.279705179,0.85179942,71.7,112.7
Rnf169,143.8975417,0.269322237,0.249503007,1.079434834,0.280393929,0.85179942,126.1,223.2
Rps12,95.74595975,0.596261917,0.552506275,1.079194832,0.280500883,0.85179942,105.4,127.3
Ska3,19.31710845,-0.970157457,0.897995819,-1.080358545,0.279982548,0.85179942,16.7,45.9
Smim24,31.14572952,0.688533257,0.637910937,1.079356407,0.280428876,0.85179942,35.5,43.8
Smurf1,83.70584588,-0.593348419,0.549091475,-1.080600312,0.279874944,0.85179942,39.6,181.6
Tifab,12.15202419,1.487139558,1.376999897,1.079985235,0.280148755,0.85179942,25,10.9
Txnl1,217.9446497,-0.340864285,0.315592539,-1.080077132,0.280107834,0.85179942,157.4,418.3
Zfand3,235.2134232,-0.36970502,0.34232726,-1.079975401,0.280153134,0.85179942,162,458.1
Rbm26,419.5404911,-0.215072133,0.199373401,-1.078740353,0.280703491,0.85194481,308.1,784.5
Abhd11,44.28043039,-0.762752726,0.709553231,-1.074976045,0.282385454,0.852190574,25.7,90.9
Car2,55.23199912,1.150525042,1.069645012,1.075613899,0.282099969,0.852190574,39.7,54.7
Ccl2,67.16158114,0.897881503,0.835784058,1.074298431,0.282688948,0.852190574,110.1,76.6
Cep41,78.60881589,0.561987822,0.522291708,1.076003723,0.281925591,0.852190574,67.5,121
Cox6a1,864.5352374,-0.190178233,0.17681616,-1.075570434,0.282119416,0.852190574,695.9,1609.9
Dnm3os,2.975811615,2.506939299,2.325582391,1.077983437,0.281041148,0.852190574,6.6,1.5
Elk1,38.78831319,-0.849646105,0.788547357,-1.077482662,0.281264692,0.852190574,24.7,87.3
Ext1,65.77011399,0.745952268,0.69330291,1.075939908,0.281954132,0.852190574,95.5,85
Gm10101,9.351348709,-1.878731081,1.744851114,-1.07672859,0.281601536,0.852190574,5.5,22.7
Gm10801,400.3824966,0.308917884,0.287576236,1.07421214,0.282727612,0.852190574,360.9,611.4
Gm15441,5.72677127,2.169831718,2.019379756,1.074504046,0.282596832,0.852190574,12.1,3.7
Gm45762,39.75966709,0.762380285,0.707028241,1.078288307,0.280905114,0.852190574,30.9,55.5
Harbi1,25.45891077,0.980413375,0.909991502,1.077387397,0.281307232,0.852190574,25.9,33.7
Ift88,14.50732739,1.783343216,1.65819982,1.07546943,0.282164611,0.852190574,15.4,12
Ist1,400.0996443,0.251734214,0.234051657,1.075549802,0.282128648,0.852190574,309.4,647.6
Mast4,55.89468916,0.812927571,0.754642864,1.077234821,0.281375373,0.852190574,43.6,62.7
Mkks,12.53216833,-1.54229854,1.431705953,-1.077245322,0.281370682,0.852190574,6.3,35
Mrto4,35.34794589,-0.696149607,0.647774704,-1.074678593,0.282518651,0.852190574,22.3,75.3
Nt5dc1,71.55383293,-0.53833063,0.500246902,-1.076129862,0.281869182,0.852190574,51.9,141.5
Pafah1b1,878.3255951,0.141411868,0.131424384,1.075994142,0.281929876,0.852190574,690.9,1477.9
Pcsk4,5.6195273,2.16867924,2.016859765,1.075275177,0.282251546,0.852190574,6.8,3.5
Rere,149.6607971,0.412480713,0.383876946,1.074512855,0.282592887,0.852190574,146.2,233.2
Rpl10,84.11472563,0.619573355,0.576255665,1.075170958,0.282298195,0.852190574,74.1,114.9
Rpl19-ps6,12.9787712,1.004158134,0.932668303,1.076650864,0.281636272,0.852190574,13.3,15.7
Ryr1,26.93262642,1.156628303,1.072852207,1.078087266,0.280994814,0.852190574,19,29.7
Samd4b,148.4992139,-0.325633559,0.303110707,-1.074305695,0.282685693,0.852190574,104,290.2
Sec11c,536.1305267,-0.187348559,0.17412884,-1.075919178,0.281963404,0.852190574,405.7,1010
Selenot,287.1866569,0.477789508,0.443837733,1.076495917,0.281705526,0.852190574,227.1,432.7
Syk,45.6494351,0.939930651,0.874539131,1.07477255,0.282476573,0.852190574,48.1,54.1
Tsfm,83.04812516,-0.474255459,0.440828546,-1.075827469,0.282004425,0.852190574,47.8,172.6
Vangl1,5.006131811,2.55009396,2.373789941,1.074271112,0.282701188,0.852190574,11.9,2.6
Vps8,68.62336474,0.610879892,0.568146042,1.075216313,0.282277894,0.852190574,51.3,94
Trim35,242.9196867,-0.343958562,0.320251861,-1.07402518,0.282811396,0.852260068,184.6,479.5
Snhg3,11.06680074,1.543093315,1.436976201,1.07384751,0.282891032,0.852317035,11.5,11.8
Gm7129,7.909558368,1.606584739,1.496676038,1.073435198,0.283075899,0.852513469,11.4,6.9
Nf1,106.9935198,0.483021568,0.449979094,1.073431131,0.283077723,0.852513469,91.7,157.4
Gm11522,2.8473075,-3.078504915,2.868463615,-1.073224321,0.283170481,0.852609854,0.3,7.9
Gm17029,26.8769118,-1.064700566,0.992199334,-1.073071236,0.283239156,0.8526337,11.1,59.9
Snx3,558.9078884,-0.171559852,0.160028862,-1.072055688,0.28369502,0.853639776,445,1044.1
Tcf7l2,29.75200696,1.19406684,1.113794685,1.072070873,0.2836882,0.853639776,54.1,28.9
Mri1,186.7952374,0.401116858,0.374242568,1.071809817,0.283805463,0.853789039,173,280.2
Ccdc80,2.37390807,3.154926615,2.943984782,1.071651808,0.283876454,0.853792833,13.8,1.2
Spr,61.75383017,-0.674716333,0.629671987,-1.071536208,0.283928399,0.853792833,39.9,132.4
Ankrd26,129.6478893,0.536085182,0.500448809,1.071208828,0.284075543,0.854052307,108.9,194
A430093F15Rik,179.9001512,-0.432442316,0.404531787,-1.068994652,0.285072079,0.854081363,104.8,376.7
Afp,11.8724519,1.858563626,1.740151649,1.06804693,0.285499343,0.854081363,15.5,10
Aph1c,16.94437117,1.649654538,1.541803836,1.069950988,0.284641371,0.854081363,14.7,13
Arhgef25,19.82591774,1.387048929,1.299053414,1.067738181,0.28563863,0.854081363,20.1,19.8
Ccl7,46.71625774,1.263701147,1.180604504,1.070384826,0.284446126,0.854081363,73.5,47
Cd80,43.44151629,-0.87916373,0.821753372,-1.069863245,0.284680869,0.854081363,30,107
Elf1,972.4206241,0.185130571,0.172999157,1.07012412,0.284563443,0.854081363,777.8,1629.2
Elk4,435.1638155,0.246994861,0.23080367,1.070151361,0.284551183,0.854081363,353.4,706.3
Fto,152.5341093,-0.531995484,0.498324614,-1.067568147,0.285715359,0.854081363,109.5,313.2
Galnt1,282.317604,0.240141508,0.224561829,1.06937813,0.284899318,0.854081363,236.1,456
Gm3699,34.5275174,0.562636685,0.526663151,1.068304634,0.285383119,0.854081363,39,47.2
Ldlrap1,70.56942281,0.548708851,0.514058979,1.067404468,0.285789232,0.854081363,67.7,104.4
Nmi,252.2475432,-0.264060788,0.247034345,-1.068923385,0.285104194,0.854081363,162.5,473.1
Ocel1,35.28043648,-0.81158096,0.759583152,-1.068455714,0.285314997,0.854081363,18.3,81.2
Oxsm,11.44980824,-1.670613174,1.564080764,-1.068111835,0.285470068,0.854081363,8.6,32.5
Parl,93.34519967,-0.553703009,0.518676449,-1.067530654,0.285732279,0.854081363,57.5,193.5
Ppp2ca,634.3206451,-0.222836061,0.208274046,-1.069917571,0.284656413,0.854081363,493.8,1234.5
Prkd3,222.215312,0.284093012,0.265731345,1.069098613,0.285025237,0.854081363,182.1,347.5
Ptpn21,40.46072396,0.961006571,0.8993046,1.068610759,0.285245099,0.854081363,40.4,49.3
Pwwp2a,167.3853267,0.543190289,0.508560364,1.068094031,0.285478098,0.854081363,144.3,239.3
Rab18,202.4084301,-0.378040288,0.353479876,-1.069481781,0.284852634,0.854081363,160.1,400
Rhoq,196.3599401,0.355481566,0.332905486,1.067815284,0.285603842,0.854081363,159.9,309.7
Rpl18a-ps1,9.896923715,1.090263127,1.018880205,1.070060172,0.284592225,0.854081363,12.4,10.1
Sesn2,14.80286527,1.074147094,1.004472473,1.069364391,0.284905506,0.854081363,18.9,16.6
Spata6,127.6849608,0.423038343,0.395458942,1.069740237,0.284736249,0.854081363,118.2,193.9
Tapt1,175.5083389,0.44366085,0.414932486,1.069236236,0.284963235,0.854081363,170.7,261
Vipr2,35.0420014,-1.117298993,1.045362513,-1.068814865,0.2851531,0.854081363,14,80.3
Zgrf1,62.6044922,-0.765454875,0.714961328,-1.070624165,0.284338453,0.854081363,43.7,149.8
Alg6,27.42942564,-0.971207349,0.912679471,-1.064127528,0.287270932,0.854087533,17.7,71.7
Ate1,148.8041794,0.448340322,0.421433494,1.063845963,0.287398486,0.854087533,111.2,220.6
BC029722,6.617386267,-1.940497902,1.823178101,-1.064349062,0.2871706,0.854087533,2.8,19.9
Cercam,20.10513626,1.289974347,1.210138445,1.065972536,0.286436057,0.854087533,24.8,19.1
Ecm1,93.69298337,0.627983807,0.589810523,1.064721267,0.287002083,0.854087533,120.5,125.5
F730043M19Rik,211.3306468,-0.40477733,0.380856714,-1.062807392,0.287869307,0.854087533,130.4,442.1
Fbxo3,178.2317013,-0.403491736,0.378424685,-1.066240529,0.286314925,0.854087533,133.3,354
Gcnt1,261.5748669,0.373817429,0.350671962,1.066003187,0.286422201,0.854087533,197.6,397.5
Gm12543,2.880545311,2.754934691,2.587603484,1.064666479,0.287026884,0.854087533,6.4,1.3
Gm17354,2.235816322,-2.633867042,2.470612117,-1.066078736,0.286388051,0.854087533,0.5,8.4
Gm36266,15.60129754,1.297602165,1.219705526,1.06386512,0.287389806,0.854087533,10.6,16
Gm37618,14.63827428,1.891717156,1.779637964,1.062978647,0.287791635,0.854087533,12,10.4
Gm43005,6.968463249,-2.025809814,1.905371963,-1.063209627,0.287686897,0.854087533,4.7,19.9
Hdac5,100.8811932,-0.645288519,0.605598125,-1.065539162,0.286632014,0.854087533,47.8,206.4
I830077J02Rik,13.17499754,1.836561937,1.721777312,1.066666359,0.286122523,0.854087533,17.9,8.3
Iqcc,14.2232323,1.54801212,1.45630296,1.062973957,0.287793762,0.854087533,18,13.2
Kcnrg,6.083982849,2.518528713,2.362677587,1.065963772,0.286440019,0.854087533,7.1,3.2
Mir703,84.66728819,0.404586466,0.379890214,1.065008916,0.286871895,0.854087533,71.8,135.4
Mlec,315.1879664,0.203635432,0.190923979,1.06657861,0.286162164,0.854087533,276.8,520.3
Pcif1,322.8495859,0.295407249,0.277570147,1.064261601,0.287210208,0.854087533,261.9,520.1
Pofut1,80.38050077,-0.582573532,0.547896282,-1.063291632,0.287649719,0.854087533,57.4,166.1
Pole4,170.2289746,0.319182773,0.299791032,1.064684195,0.287018865,0.854087533,180.8,269.7
Pon2,162.209096,-0.387701192,0.363421913,-1.066807418,0.286058808,0.854087533,115.3,320.8
Psma5,83.88477811,0.524228863,0.492831077,1.063709021,0.287460537,0.854087533,74,121.7
R3hcc1,51.38903164,-0.813491113,0.765499875,-1.062692678,0.287921342,0.854087533,33.6,127.7
Rab26os,104.7501993,0.474584241,0.446497642,1.062904249,0.287825376,0.854087533,92.3,155.3
Rin3,121.2517823,0.340349227,0.319843821,1.064110682,0.287278562,0.854087533,92.3,189.5
Rxylt1,79.39011993,0.536551716,0.502945093,1.066819667,0.286053276,0.854087533,64.1,112.6
Sec16a,196.9181512,0.276745345,0.260287534,1.06322935,0.287677956,0.854087533,145.6,315.5
Tcf12,364.8289556,0.206497974,0.194228258,1.063171633,0.287704124,0.854087533,303.5,601
Tgfb3,18.33955602,1.571861362,1.475007059,1.06566362,0.286575729,0.854087533,31.8,15.2
Tmem131l,227.4143681,0.380287229,0.356981965,1.065284149,0.286747364,0.854087533,171.6,347.3
Vipr1,16.35008625,1.490288241,1.397342166,1.066516331,0.2861903,0.854087533,26.6,16.1
Vps36,266.2507066,0.252146611,0.236893627,1.064387482,0.287153202,0.854087533,254.3,424.9
Xcr1,124.8858056,-0.556624943,0.522878993,-1.064538738,0.287084716,0.854087533,74.5,255.6
Ppp2cb,122.6262894,-0.319286203,0.300530079,-1.062410139,0.288049533,0.854287224,87.9,239.4
4833420G17Rik,260.1654312,0.272676747,0.256797199,1.061836921,0.288309726,0.854878235,191.3,419.9
Sdhaf1,41.48605118,0.823759029,0.776172092,1.061309775,0.288549145,0.855389315,45.4,56.5
St8sia4,417.0954568,0.27412092,0.258314876,1.061189059,0.288603991,0.855389315,310.8,661.7
Atpaf1,27.14482543,-0.958142235,0.903078383,-1.060973503,0.288701943,0.855498959,16.5,63.6
Exph5,37.83762864,0.878836703,0.829591851,1.059360337,0.289435706,0.856028788,24.6,45.6
Gm4129,3.416928167,-2.679650677,2.527636764,-1.060140727,0.289080582,0.856028788,0.9,12.2
Gm48062,8.594259982,-1.592754688,1.502802462,-1.059856321,0.28920997,0.856028788,2.4,27.6
Gm8738,16.72704584,-1.296749257,1.224117074,-1.059334343,0.28944754,0.856028788,7.1,39.6
Gpr149,3.066532768,2.679210033,2.527035569,1.060218568,0.289045176,0.856028788,7.1,1.8
Itpr1,415.6811546,0.21846341,0.206188469,1.059532628,0.289357278,0.856028788,331.9,656.7
Mppe1,15.17750903,-1.294831904,1.222725782,-1.058971622,0.289612704,0.856028788,9.7,36
Pgm2,57.75541254,0.615385131,0.580582419,1.059944482,0.289169857,0.856028788,47.1,82.1
Phf21a,270.0557082,0.302460213,0.285247291,1.060343855,0.288988194,0.856028788,261.9,438.2
Prdm2,226.1506034,0.244522815,0.230761393,1.059634854,0.289310751,0.856028788,178,372.4
Trap1,178.9609957,0.331211519,0.312757647,1.059003747,0.289598073,0.856028788,153.5,277.3
Zfp764,17.96588321,1.002147385,0.946135407,1.059200805,0.289508338,0.856028788,16.9,22.2
AC123818.1,4.182126464,-2.606763597,2.467691315,-1.056357244,0.290805032,0.856030192,1,12.4
Adk,37.73765375,0.891968654,0.844436956,1.056288036,0.29083664,0.856030192,39.9,44.7
Borcs5,62.32493494,0.591316552,0.559147198,1.057532889,0.290268453,0.856030192,55.2,91.5
Ceacam16,34.36822786,-0.948783072,0.897139699,-1.057564472,0.290254047,0.856030192,23.5,89
Cmc1,254.2091275,0.268735505,0.254133333,1.057458705,0.290302291,0.856030192,221.3,406.7
Gm47602,19.73635955,1.521471708,1.440369099,1.056306823,0.29082806,0.856030192,17.5,16.5
Gm6542,15.63315057,-1.246577221,1.177999566,-1.058215349,0.289957275,0.856030192,10.2,40.6
Gmeb2,107.9593621,0.4293688,0.406128686,1.057223523,0.290409587,0.856030192,87.4,168.8
Lsm2,117.5330238,-0.386109878,0.365037902,-1.057725449,0.290180629,0.856030192,98,224.2
Npepps,348.5298874,0.179044436,0.169292517,1.057603956,0.290236038,0.856030192,271.6,567.8
Plcd1,30.84740634,1.120701483,1.058976335,1.058287561,0.289924362,0.856030192,26.5,34.1
Ppm1n,19.14302829,-0.912769336,0.86356348,-1.05698001,0.290520711,0.856030192,14.6,44
Psmb2,534.129347,-0.237294357,0.224403988,-1.057442692,0.290309596,0.856030192,423,1003.6
Rgp1,69.15739147,-0.452399921,0.427566373,-1.058081153,0.290018446,0.856030192,48.1,144.8
Sbf2,12.72924478,1.994493297,1.88739941,1.056741507,0.290629576,0.856030192,14.3,8.1
Sfr1,457.497402,0.268484355,0.253767693,1.057992655,0.290058791,0.856030192,361,752.7
Slc12a4,58.30234461,-0.752703741,0.712413704,-1.056554271,0.29071506,0.856030192,37.6,129.3
Snap29,91.4141906,-0.53560131,0.50648773,-1.057481314,0.290291978,0.856030192,58,193.9
Tceanc2,108.8830544,0.42325183,0.400745101,1.056162208,0.290894113,0.856030192,100.3,157.5
Tnrc6b,1142.676013,-0.154747712,0.146469602,-1.056517598,0.290731805,0.856030192,828.3,2117
Top2a,1077.44515,0.197686521,0.187170888,1.056181991,0.290885077,0.856030192,840.8,1808.7
5830454E08Rik,6.027254357,-2.070851371,1.961339907,-1.055835025,0.291043593,0.856111043,1.2,17.4
Chd6,370.6472757,0.229711412,0.217556259,1.055871312,0.291027012,0.856111043,293.2,593.4
2310010J17Rik,35.1906454,-0.503452619,0.477227426,-1.054953241,0.291446711,0.856891378,26.4,74.6
Frmd4a,191.7318169,-0.461521603,0.43746139,-1.054999625,0.291425496,0.856891378,143.1,388.4
Gm3235,6.415107508,-1.57956279,1.497801994,-1.054587186,0.291614167,0.856891378,4.3,16.3
Hars2,55.00446835,-0.509496301,0.48302079,-1.054812363,0.291511149,0.856891378,33.5,115.4
Spsb1,77.68381422,-0.698126055,0.661913738,-1.054708514,0.291558657,0.856891378,74.8,166
Mcrip2,9.171613609,1.719878934,1.631133622,1.054407138,0.291696556,0.856927616,17.9,7
Sptlc2,253.2860764,0.28253939,0.268023258,1.054159974,0.291809682,0.856927616,225.7,392.9
Xkr8,28.17114113,1.152811972,1.093511441,1.054229456,0.291777877,0.856927616,24.2,32.1
1810030O07Rik,139.3407028,-0.332591269,0.315551742,-1.053999154,0.291883305,0.856964497,99.4,265.4
Acap1,761.4182814,0.181732949,0.172558567,1.053166771,0.292264565,0.857261627,570.9,1262.6
Cdk4,269.8646142,0.225959272,0.214618707,1.052840527,0.292414087,0.857261627,231.8,437.9
Chst15,5.666130043,2.318827543,2.201178076,1.05344841,0.292135527,0.857261627,12,2.7
Gm5139,2.899650141,-1.606779542,1.52562492,-1.053194348,0.292251929,0.857261627,0.9,8.5
Gm5430,3.24773145,-0.903371965,0.858455274,-1.052322692,0.292651524,0.857261627,2,7.6
Ldhb,4.021716213,-1.988847284,1.889782297,-1.052421375,0.292606266,0.857261627,1.3,10.8
Myo16,8.481319444,-1.494517553,1.419735072,-1.052673546,0.292490637,0.857261627,5.7,21.3
Pak1,14.49840057,1.61818131,1.537739135,1.052311978,0.292656438,0.857261627,21.8,12.9
Pkp3,216.9258071,-0.388745037,0.3690181,-1.053457911,0.292131175,0.857261627,148.1,449.5
Tmem263,107.5817874,-0.559724997,0.531616601,-1.052873434,0.292399003,0.857261627,85.1,232.9
Tob1,76.00385803,0.529814494,0.50329211,1.052697794,0.29247952,0.857261627,62.4,107.6
Ctif,10.83178491,1.640723528,1.559771768,1.051899747,0.292845548,0.85744684,14.6,9.9
Nbea,8.207235997,2.396126499,2.278159581,1.051781675,0.292899729,0.85744684,11.9,6.4
Olfr99,10.3604186,1.8980378,1.80460504,1.051774631,0.292902961,0.85744684,12.4,9.3
Krr1,90.50070789,-0.471639642,0.448488551,-1.05162025,0.292973813,0.85747539,62.2,181.1
Ppil4,326.2223686,0.160914741,0.153041665,1.051444006,0.293054714,0.857533331,259.3,540.3
BC002059,42.18113452,0.561079852,0.533852919,1.051000813,0.293258216,0.857946716,40.5,64.3
H2afj,158.5846678,-0.321176376,0.305628997,-1.050870107,0.293318251,0.857946716,118.7,316.3
Adam23,3.316914111,2.644772491,2.517525409,1.050544508,0.293467839,0.858000301,6.6,1.6
Angptl2,21.83725622,1.342581513,1.280782902,1.048250653,0.294523139,0.858000301,44.5,23.7
Aunip,2.81679517,-2.461404246,2.347340059,-1.048592954,0.2943655,0.858000301,0.8,10.3
Bcl10,321.6064273,0.235272851,0.224191992,1.04942576,0.293982207,0.858000301,261.9,524.5
Bcl7c,19.87277755,1.051476938,1.002902785,1.048433561,0.294438898,0.858000301,26.7,23
C1qtnf4,6.928217253,-2.205449508,2.10039811,-1.050014994,0.293711219,0.858000301,2.8,19.2
Cd200r3,10.90014204,2.197967971,2.09197446,1.050666733,0.29341168,0.858000301,7.4,6.8
Eid2,27.1542651,1.016938133,0.970107676,1.048273463,0.294512632,0.858000301,26.9,34.3
Fam169b,556.7946672,0.208341728,0.198566136,1.049230912,0.294071855,0.858000301,468.7,906.5
Fam50a,171.2134667,0.403422096,0.384877953,1.04818188,0.294554817,0.858000301,159.4,257.7
Gm26782,49.40078568,0.937770245,0.893361115,1.049710166,0.293851388,0.858000301,41.6,57.2
Gm37745,2.030424548,-2.87816709,2.740334488,-1.050297729,0.293581249,0.858000301,0.3,17.6
Gm42514,7.978560112,-1.775092455,1.692168387,-1.04900462,0.294175992,0.858000301,3.6,24
Smap1,180.0473899,0.333410807,0.317668369,1.049556203,0.293922202,0.858000301,136.2,278.5
Tpp1,265.3939347,0.254432119,0.242713771,1.04828052,0.294509382,0.858000301,249,425.9
Tpt1-ps5,7.90691835,-0.729518058,0.694768962,-1.050015324,0.293711067,0.858000301,4.8,18.8
Wbp2,470.2323354,-0.281098886,0.267943007,-1.049099541,0.294132307,0.858000301,329,924.9
Wee1,27.27763061,1.128314297,1.074820666,1.049769819,0.293823954,0.858000301,33.1,30.6
Xpo1,439.2141246,0.255115044,0.243211998,1.048941031,0.294205259,0.858000301,393.5,722.9
Xylt2,65.1971977,-0.690128567,0.658411494,-1.048172112,0.294559317,0.858000301,55.2,132.9
Cenpm,26.7657157,-0.961002278,0.91704654,-1.047931851,0.294670006,0.858144609,15.6,56.7
Ccng1,278.2115403,-0.265906982,0.25383597,-1.047554379,0.294843966,0.858473073,212.5,539.1
2810428J06Rik,19.8935975,-1.730637048,1.65621298,-1.044936291,0.296052415,0.858486091,13.1,54.5
AI987944,70.22965339,0.715378066,0.684121936,1.045687952,0.295705127,0.858486091,57.3,95.2
Chst14,11.32754603,-1.347263095,1.287405371,-1.046494853,0.29533262,0.858486091,8.8,27.5
Cmtm4,26.90014347,-1.00143573,0.956954641,-1.04648192,0.295338588,0.858486091,16.1,61.4
Dctn5,187.9466453,0.263224301,0.251740315,1.045618382,0.295737259,0.858486091,161.6,312.1
Eno3,63.0709018,-0.775725242,0.742656685,-1.04452738,0.296241458,0.858486091,31.2,143.8
Exoc7,117.0485194,0.500224808,0.478583332,1.04521987,0.295921362,0.858486091,107.4,173.2
Fam129c,4.207973652,-1.966674628,1.878696969,-1.046829085,0.295178414,0.858486091,2.1,12.6
Fndc10,20.07149274,-0.946607731,0.904901507,-1.046089241,0.295519832,0.858486091,14.2,48.3
Gm10146,6.448160963,-1.472187634,1.40683609,-1.046452848,0.295352004,0.858486091,4,17.3
Gm4819,2.757503526,-1.239799457,1.185429872,-1.045864869,0.295623426,0.858486091,1.2,6.9
Gm48585,9.455526574,-1.581362162,1.51408635,-1.044433273,0.296284976,0.858486091,5.2,23.2
H2-Q4,265.6637324,-0.247958672,0.237375619,-1.04458357,0.296215476,0.858486091,188.1,515.7
Ivd,76.80470113,-0.454249934,0.434624383,-1.0451552,0.295951245,0.858486091,43.6,153.4
Kremen2,13.57910728,-1.025120512,0.981044435,-1.044927708,0.296056383,0.858486091,11.1,32.8
Pigb,35.04754302,-0.900055111,0.861820466,-1.044364976,0.296316561,0.858486091,21.9,81.3
Rasal3,834.0586724,0.136605055,0.130697116,1.045203288,0.295929024,0.858486091,615.6,1439.3
Rnf215,44.80277555,-0.627354421,0.600701432,-1.044369778,0.296314341,0.858486091,35.2,100.7
Rnh1,264.5301826,-0.255713697,0.244721501,-1.044917163,0.296061257,0.858486091,201.8,494.7
Rps26,1193.495328,0.151972447,0.145172099,1.046843351,0.295171833,0.858486091,1008.9,2001.2
Slc39a1,151.8288004,0.381310535,0.364515696,1.046074391,0.295526688,0.858486091,150,236.9
Stard7,261.9221482,0.289583805,0.276974113,1.04552661,0.295779649,0.858486091,221.7,412.4
Syne1,190.6499418,0.375630233,0.359145227,1.045900668,0.295606896,0.858486091,134.5,298.9
Tbc1d22b,111.2511389,0.340531508,0.325352784,1.046653125,0.29525959,0.858486091,94.9,175.8
Gatad2a,711.0301773,-0.232839151,0.223017543,-1.044039623,0.296467058,0.858744829,445.3,1329.4
Ccdc77,48.68988328,0.68993152,0.661456528,1.043048923,0.296925635,0.859114624,47.3,66
Cdk10,70.49476963,0.51518529,0.493959529,1.042970649,0.296961887,0.859114624,68.1,105
Dnph1,11.42609506,1.884544747,1.808133196,1.042259913,0.297291192,0.859114624,14.2,9.2
Dpysl3,46.70956318,1.056105713,1.012477734,1.043090309,0.296906469,0.859114624,85.7,54.8
Foxo4,174.7870122,-0.288925601,0.277263427,-1.042061709,0.29738307,0.859114624,128.4,344.7
Gm38120,93.47604603,-0.466782155,0.448004684,-1.041913559,0.297451757,0.859114624,55,196
Hspa8,227.4826183,0.391978407,0.376172321,1.042018205,0.297403239,0.859114624,176.8,343.7
Prkcb,462.4229603,-0.210506852,0.201903059,-1.042613485,0.297127341,0.859114624,321.4,874.1
Rbak,25.00724823,-1.094944091,1.050575606,-1.042232548,0.297303876,0.859114624,14.9,58.6
Rpl21,22.65609475,-0.808809468,0.775648238,-1.042752924,0.297062739,0.859114624,17.3,45.8
Stip1,227.481693,0.292478465,0.280411917,1.043031509,0.2969337,0.859114624,185.7,371
Topors,217.3141386,0.342091887,0.328134366,1.042535991,0.297163248,0.859114624,157.2,339.2
Tsc22d2,263.2725951,0.387446481,0.371530394,1.04283926,0.297022745,0.859114624,238.8,396.7
Zkscan6,33.95630606,-0.726077873,0.695766905,-1.043564831,0.296686771,0.859114624,20.3,76.1
Gm47773,6.495776844,-1.901746607,1.8258929,-1.04154335,0.297623445,0.859256825,1.4,19.2
Smad5,101.7248404,-0.680227711,0.653035762,-1.041639295,0.297578943,0.859256825,75.8,221.1
Kif21b,477.9802449,0.182758245,0.175506392,1.041319591,0.297727247,0.859379717,370.5,780.2
Clns1a,167.1432178,-0.472815701,0.454314171,-1.040724087,0.298003621,0.860000578,109.9,347.7
9130023H24Rik,9.038784578,-1.592582601,1.53465355,-1.037747315,0.299387711,0.860334216,2.6,24.6
Btbd8,29.12620951,-0.755576992,0.727278613,-1.038909956,0.298846616,0.860334216,22.8,67.2
Cd300ld,15.0395986,-1.598102329,1.538149847,-1.038977011,0.298815428,0.860334216,9.4,35.3
Ctdnep1,245.3160522,0.266374823,0.25650635,1.038472627,0.299050072,0.860334216,193.5,387.1
Cyp20a1,62.91665896,0.708729163,0.68172153,1.039616811,0.298517964,0.860334216,68.5,83.2
Dennd1a,89.12041381,0.586178705,0.564354202,1.038671641,0.298957475,0.860334216,75.5,130.7
Dok3,31.51033864,1.257731623,1.211606988,1.038068974,0.299237945,0.860334216,38,31.5
Fam160b2,85.84861972,-0.406664683,0.392411621,-1.036321711,0.300052081,0.860334216,62.5,176.8
Fem1c,134.4117109,-0.529294469,0.51056874,-1.036676216,0.29988678,0.860334216,81.9,277.3
Glrx2,117.3743599,-0.460363734,0.443729663,-1.037486949,0.299508975,0.860334216,85.7,245.8
Gm26925,2.445660133,2.498000002,2.410191827,1.036432028,0.300000635,0.860334216,4.6,1.1
Gm38342,2.64254086,-2.479926468,2.386851234,-1.038994987,0.298807068,0.860334216,1,7.7
Gm5979,2.154888875,3.052345625,2.947287361,1.035645748,0.300367441,0.860334216,2.8,0.8
Gpaa1,296.3135539,-0.216551077,0.208604693,-1.038093028,0.299226747,0.860334216,192.7,560
Gpkow,48.84110717,-0.831992291,0.803315683,-1.035697806,0.300343146,0.860334216,30.1,121.8
Hccs,159.4248614,-0.387222299,0.373163573,-1.037674432,0.299421652,0.860334216,108.5,323.8
Hif1a,1158.774774,0.232551895,0.22439605,1.036345759,0.300040865,0.860334216,836.9,1925.9
Hist1h2ab,10.0326352,1.608502362,1.547633461,1.039330308,0.298651144,0.860334216,15.2,8.7
Il1r2,76.03223746,-0.685443934,0.659006825,-1.040116594,0.298285735,0.860334216,47.9,157.7
Lamtor4,218.8239678,-0.311176615,0.299506907,-1.03896307,0.298821912,0.860334216,156.5,420.4
Med21,104.36466,0.571395874,0.550685523,1.037608308,0.299452448,0.860334216,84.1,155.2
Napa,259.9402581,-0.281425978,0.271053325,-1.038267944,0.299145328,0.860334216,200.5,510.1
P4ha1,252.2404119,-0.375936617,0.362462755,-1.037173094,0.299655195,0.860334216,213.3,503.7
Pex26,26.19985915,0.990036704,0.952543511,1.039361134,0.298636812,0.860334216,28.7,34.3
Pkn1,153.1161981,-0.380761705,0.367221562,-1.036871862,0.299795579,0.860334216,96,325.2
Pole3,105.0780378,0.522501061,0.503243206,1.038267491,0.299145539,0.860334216,92,157.6
Rab20,25.9074036,-1.105005576,1.064411989,-1.0381371,0.299206231,0.860334216,19.5,60.1
Rtn2,9.344065886,-1.803380141,1.740945352,-1.035862578,0.300266258,0.860334216,5.8,24.3
Siglece,11.63849671,1.37206081,1.321650687,1.03814179,0.299204048,0.860334216,9.9,10.9
Snhg5,245.8339881,0.237570775,0.229403362,1.035602847,0.300387463,0.860334216,204.7,406.3
Syne4,5.58649732,1.516650985,1.464127116,1.035873845,0.300261001,0.860334216,5.6,5.1
Thra,24.58664103,0.840187129,0.810228921,1.036974992,0.299747512,0.860334216,23.7,30.2
Wnt5a,11.67086307,2.11533248,2.034329431,1.039818059,0.298424437,0.860334216,20.2,8.8
Ywhaq,187.6876745,0.349591716,0.337002234,1.037357268,0.299569386,0.860334216,169.6,285.5
Zdhhc4,106.9097543,-0.400170292,0.385409122,-1.038300001,0.299130408,0.860334216,77.2,219.3
Zfp277,95.47591484,-0.469712054,0.453214022,-1.036402298,0.300014499,0.860334216,72.3,195.5
Zfp317,61.93249638,-0.697273638,0.672965385,-1.036121104,0.300145648,0.860334216,38.3,139.8
Actr8,88.86423733,0.44749492,0.433431429,1.032446865,0.301862827,0.860632544,66.1,128.1
Agfg1,728.2838292,-0.159232693,0.153916794,-1.034537487,0.300884961,0.860632544,548.2,1372.8
Ascc1,63.25043505,-0.501810503,0.486016207,-1.032497467,0.301839134,0.860632544,49.6,125.5
Ccdc162,12.62350147,1.756417976,1.697879411,1.034477457,0.30091301,0.860632544,11.8,9.6
Cflar,582.8385115,0.153756169,0.148829119,1.033105411,0.301554571,0.860632544,490.2,979.6
D430020J02Rik,12.29298802,-1.431621277,1.385290009,-1.033445176,0.301395614,0.860632544,2.5,32.7
Eldr,16.75640636,-1.242019402,1.201278362,-1.033914737,0.301176025,0.860632544,8.1,42.6
Gm26614,13.9469555,-1.438848844,1.393431603,-1.032593807,0.301794027,0.860632544,12.1,36.6
Gm27956,2.009490214,3.047351038,2.950672647,1.032764865,0.30171395,0.860632544,7.5,3.3
Gm5244,17.69587442,1.073878726,1.038931916,1.033637248,0.301305779,0.860632544,16.1,18.8
Gtf2e2,89.37104087,0.691679639,0.669362251,1.033341272,0.301444219,0.860632544,90.3,120.6
Hoxc10,11.79409784,1.844892293,1.783781718,1.034258999,0.301015099,0.860632544,22.8,8
Nagpa,64.53547574,0.776010099,0.751529917,1.032573796,0.301803396,0.860632544,53.1,77.5
Nmnat1,12.12389954,-1.460527721,1.411882204,-1.034454374,0.300923796,0.860632544,8.9,36.7
Nprl2,53.38300821,-0.68847203,0.666454425,-1.033036926,0.301586618,0.860632544,41.9,118.2
Ppm1h,340.360515,-0.215955827,0.208782318,-1.034358792,0.300968461,0.860632544,232.4,652.2
Rab29,99.64108305,-0.57204724,0.552931426,-1.034571763,0.300868946,0.860632544,55.9,201.3
Rela,274.7848085,0.254859661,0.246597214,1.033505842,0.301367238,0.860632544,248.7,443.7
Sf3b3,393.1675152,0.230303052,0.223115454,1.032214702,0.301971549,0.860632544,319.1,656.3
Slc17a9,42.86428568,0.623086643,0.602204496,1.034676174,0.300820167,0.860632544,49.7,62.7
Smyd5,86.37359344,0.692827929,0.671053537,1.032448069,0.301862263,0.860632544,63.3,115.8
Sod2,139.8885309,-0.40164431,0.388574269,-1.03363589,0.301306414,0.860632544,106,273.9
Vps54,891.8511636,-0.167032406,0.161645495,-1.033325462,0.301451615,0.860632544,567.1,1681.8
Zfp607a,29.24158757,0.989834317,0.958999908,1.032152671,0.302000603,0.860632544,28.5,31.5
Znfx1,220.8977161,-0.322658063,0.312622527,-1.032101128,0.302024746,0.860632544,151.8,422.1
Tmem161a,114.7936849,0.574611752,0.556817733,1.031956631,0.302092434,0.860650675,122.3,162.1
Adam10,379.4448397,-0.236519096,0.229281791,-1.031565111,0.302275891,0.860657837,311.9,728.4
Cd3eap,38.30835377,-0.672343246,0.651856827,-1.031427789,0.302340255,0.860657837,32.6,83.5
Gclm,88.60664843,0.614670404,0.595738285,1.031779255,0.302175539,0.860657837,63.5,126
Rpap1,78.79585375,0.351134878,0.340414663,1.031491639,0.302310327,0.860657837,68.6,119.8
Dctn1,93.86606637,0.452119217,0.438414803,1.031259012,0.302419374,0.860708476,75.4,135.8
Camk4,152.8049563,0.313613407,0.304270244,1.030706791,0.302678339,0.860764489,126.8,235.9
Dld,116.5182406,0.488742558,0.474234894,1.030591725,0.302732318,0.860764489,106.3,169.2
Nadk2,34.99528435,0.840055457,0.81489732,1.03087277,0.302600488,0.860764489,25.6,46.3
Sec23b,178.6929642,-0.329292353,0.319526614,-1.030563146,0.302745726,0.860764489,117.3,350.3
Tfb1m,17.28794263,-1.247970973,1.210463409,-1.030986119,0.302547329,0.860764489,7.5,43
Aph1a,15.92808558,2.769517168,2.69104935,1.029158818,0.303405051,0.861220554,9.8,7.1
Aurkb,71.80585148,-0.572106393,0.555958464,-1.029045206,0.303458432,0.861220554,44.7,149.5
Cerkl,35.44909714,0.94487765,0.918068182,1.029202044,0.303384742,0.861220554,34.8,44.7
Cuedc1,30.25926918,-0.665830123,0.646598728,-1.029742396,0.303130948,0.861220554,23.1,64
Gm28379,11.25297307,1.94626918,1.891288967,1.029070234,0.303446672,0.861220554,12.7,9
Rbm39,2653.074312,-0.149269428,0.14491101,-1.030076516,0.302974088,0.861220554,1977.2,4955.2
Slc16a5,2.176742352,2.290901363,2.225912944,1.029196299,0.303387441,0.861220554,10.1,1.3
Stn1,82.29405074,0.5177674,0.503130983,1.029090668,0.303437071,0.861220554,84.2,121.2
Surf6,136.8898624,0.351047653,0.340837993,1.029954582,0.303031327,0.861220554,108.2,216.1
Gm10688,16.88205869,1.424530527,1.3847438,1.028732193,0.303605537,0.861463832,14.9,17.5
Dtx3,161.4216976,-0.36931903,0.359258386,-1.028003922,0.303947983,0.861912708,122.1,329.7
Ilf2,327.4972791,-0.246206282,0.239457174,-1.028185035,0.303862797,0.861912708,229.1,632.2
Ppp4r1,57.95525751,-0.660180993,0.642186888,-1.028020044,0.303940399,0.861912708,37.7,129.5
Bdp1,453.6759457,0.209003562,0.203374538,1.027678112,0.304101267,0.862076084,335.1,759.2
Rab3a,6.263875837,-1.581400725,1.539091389,-1.027489814,0.304189879,0.862076084,5.2,16.5
Utp11,268.4408774,0.240551976,0.234090525,1.027602357,0.304136915,0.862076084,204.4,435.7
Gm13992,2.301755826,-1.077914725,1.049642819,-1.026934787,0.304451173,0.86264239,1.3,6.3
1110038F14Rik,119.1633348,-0.364203415,0.355754462,-1.023749397,0.305953657,0.862710438,95.3,235.1
4933421O10Rik,25.59321012,1.40902753,1.377935171,1.022564457,0.306513822,0.862710438,17,24.6
9930022D16Rik,15.04366054,1.647732259,1.610678014,1.023005371,0.306305306,0.862710438,17.4,16.1
Aamdc,62.66303865,0.665767645,0.65149906,1.02190116,0.306827683,0.862710438,59.4,84.2
Ankrd11,2203.693022,0.117072374,0.114770835,1.020053343,0.307703163,0.862710438,1740.1,3678.9
Arhgdib,1167.901355,0.114243853,0.111500357,1.024605274,0.305549475,0.862710438,923.4,2000.1
Arpc4,343.9153537,-0.180560378,0.17644338,-1.023333258,0.306150304,0.862710438,259.7,663.3
Atxn7l3b,415.0489379,-0.25146498,0.246041923,-1.022041189,0.306761406,0.862710438,289.5,792.9
Bace1,44.81973871,0.88658478,0.864163739,1.025945362,0.304917339,0.862710438,36.9,55.9
Btk,7.094712871,2.396624598,2.347672912,1.020851153,0.307324965,0.862710438,8.5,4
Ccdc6,258.130042,-0.35669876,0.349355075,-1.021020692,0.307244635,0.862710438,175,510.5
Cip2a,54.93930848,-0.694863244,0.678821995,-1.023631009,0.306009593,0.862710438,30.4,117.6
Cpm,24.24216609,1.27387743,1.246627707,1.02185875,0.306847758,0.862710438,37,32.1
Def8,37.49364313,0.707693718,0.691070833,1.024053807,0.305809861,0.862710438,40,52.8
Dglucy,70.04224645,0.647281953,0.632116325,1.023991831,0.305839133,0.862710438,53.2,98.9
Dhx35,74.27649557,0.708915899,0.693371752,1.022418201,0.30658301,0.862710438,83.9,101.5
Elovl4,3.865222304,2.802534204,2.735537156,1.024491369,0.305603246,0.862710438,7.3,1.5
Fmnl2,34.33181551,0.996654708,0.975977923,1.021185709,0.307166462,0.862710438,34,36.8
Gm20091,15.00260642,1.508618315,1.475129917,1.022701999,0.306448766,0.862710438,14.3,11.4
Gm26359,6.637658161,-2.388566914,2.329112958,-1.025526438,0.305114858,0.862710438,1.1,17.6
Gm48332,13.9961259,1.786128515,1.750229347,1.020511122,0.307486117,0.862710438,20,12.5
Gm7589,5.09019472,-0.903561518,0.882271173,-1.024131294,0.305773265,0.862710438,3.3,11.8
Gm8369,836.4975312,0.18684845,0.183167869,1.020094033,0.307683866,0.862710438,620.4,1434.9
Hdhd5,223.01305,0.234336197,0.228581422,1.02517604,0.305280131,0.862710438,156.9,366.1
Hmgb1-ps6,3.267195433,-1.956652986,1.913623679,-1.022485772,0.306551043,0.862710438,6.6,8.5
Il17ra,336.9929956,-0.218313118,0.213862847,-1.020808994,0.307344942,0.862710438,241.9,635
Ltv1,112.0513078,-0.468619683,0.459332253,-1.020219416,0.307624411,0.862710438,86.5,231.3
Ly6g5b,106.4547907,0.498392254,0.488212342,1.020851402,0.307324847,0.862710438,68.5,165.9
Ly75,164.6754457,-0.313332045,0.307051347,-1.020454877,0.307512779,0.862710438,108,335.1
Map2k6,52.49279022,0.655774201,0.640664983,1.023583649,0.306031971,0.862710438,35.5,73.4
Mex3a,16.6644231,1.15846977,1.132505245,1.022926627,0.306342539,0.862710438,17,20.2
Mks1,23.74311684,0.963111153,0.939283189,1.025368243,0.305189467,0.862710438,23.5,31.8
Mrm2,9.649016983,-1.648291829,1.613642374,-1.021472822,0.307030479,0.862710438,5.3,27.4
Nfic,196.55992,0.342206875,0.3335144,1.026063269,0.304861763,0.862710438,166.1,305.7
Nudcd3,201.0513329,0.284090927,0.277651128,1.023193849,0.306216201,0.862710438,179.4,324.3
Ogdh,494.4683248,-0.167433532,0.163362765,-1.024918569,0.305401612,0.862710438,381.7,943
Pax6,2.02152041,-2.169691936,2.122028555,-1.022461234,0.306562651,0.862710438,0.4,14
Phf11c,113.9567717,0.450263998,0.439024964,1.02559999,0.305080172,0.862710438,94.4,172.5
Prss30,15.61460336,1.633718048,1.593582226,1.025185912,0.305275474,0.862710438,19.8,13.4
Psmc2,305.1904669,0.217667611,0.212778503,1.022977455,0.306318506,0.862710438,255.4,493.8
Qprt,44.46445806,0.740289849,0.722176058,1.025082237,0.305324386,0.862710438,33.5,57.9
Ralgapa1,285.238784,0.260350034,0.255219892,1.020100872,0.307680623,0.862710438,231.6,450.8
Rpl5,25.84594179,-0.942081006,0.920525417,-1.023416614,0.306110907,0.862710438,18.8,63.5
Rps7,267.4141881,0.262379476,0.25583886,1.025565372,0.305096497,0.862710438,247.4,433.5
Sesn1,36.07858488,-0.715917554,0.698002567,-1.025666076,0.30504901,0.862710438,31,79.9
Slc25a51,143.7607106,0.276966928,0.270957506,1.022178464,0.306696442,0.862710438,122.6,221
Spidr,29.77243944,1.105245401,1.082242896,1.021254476,0.307133889,0.862710438,29.6,35
Sugct,8.529640221,2.334501891,2.282150929,1.022939308,0.306336543,0.862710438,11,5.2
Tmem129,38.46934983,-0.88109568,0.862881953,-1.021108017,0.307203265,0.862710438,27.7,96.9
Topbp1,230.8213153,0.364283781,0.355211518,1.025540453,0.305108248,0.862710438,182.4,364.9
Tsc1,110.6620117,-0.44655771,0.43578688,-1.024715822,0.305497295,0.862710438,83.6,230.6
Zfp202,6.209242588,-2.038222367,1.998277013,-1.019989898,0.307733252,0.862710438,4.1,15.6
Zfpm1,153.6291295,0.444539425,0.433377335,1.025756053,0.305006586,0.862710438,130.6,228.3
Adnp,8.55395069,1.729196483,1.695746618,1.019725744,0.307858549,0.862863881,10,6.7
Celf1,676.0625336,0.22565081,0.221427464,1.019073272,0.308168182,0.862863881,618.1,1098.2
Gm12971,16.66481111,1.381558424,1.355242789,1.019417654,0.308004729,0.862863881,14.5,18.4
Gm5055,13.75796745,-1.10093681,1.080443444,-1.01896755,0.308218372,0.862863881,3.1,30.6
Gm8186,44.6356345,0.737410852,0.723570243,1.019128217,0.3081421,0.862863881,49.6,60.1
Nisch,702.9559108,0.121942618,0.119602892,1.019562454,0.307936019,0.862863881,565.5,1197.8
Qsox1,245.2890869,-0.359745367,0.352972293,-1.019188685,0.308113397,0.862863881,212.1,518.4
Gm44153,45.5508842,0.779783501,0.76564981,1.018459734,0.308459527,0.863194617,37.5,56.6
Scaper,186.5066447,0.270971133,0.266032915,1.018562431,0.308410748,0.863194617,147.8,308
AU040320,103.6657795,0.536400944,0.52723479,1.017385336,0.308970155,0.863772652,80.9,153.4
Dyrk3,3.654341414,2.546890409,2.503302709,1.017412077,0.308957439,0.863772652,6.5,1.8
Gm10916,3.00947266,-1.025112231,1.007602507,-1.017377611,0.308973829,0.863772652,2,8.3
Slc25a36,259.8803461,0.25753213,0.253110523,1.017469076,0.308930336,0.863772652,198.5,436.8
Tcrg-V1,18.39369295,-1.605823295,1.578236766,-1.017479335,0.308925458,0.863772652,4.8,49.4
Kctd4,16.08945755,-1.363836053,1.341627115,-1.016553734,0.309365773,0.864105058,11.2,41
Mecr,46.94737224,0.5345996,0.525805845,1.016724339,0.309284584,0.864105058,41.6,66.5
Mkrn2,96.29741954,0.409309906,0.402673613,1.016480576,0.309400593,0.864105058,83.9,152.8
Tufm,18.53416893,1.041970352,1.024951069,1.016604972,0.309341388,0.864105058,26.2,20.3
Ufm1,97.57658988,0.381568547,0.375191556,1.016996625,0.309155035,0.864105058,80.7,147.4
Gm10327,16.90743208,1.462802884,1.439451434,1.016222464,0.309523461,0.864276215,14.7,17.7
2310011J03Rik,121.35012,-0.3707308,0.365165786,-1.015239689,0.309991586,0.864488657,90.4,236.6
Ccl22,5.438102554,2.223746299,2.18974432,1.015527831,0.309854287,0.864488657,9.4,3.4
Ccnl2,589.3510897,0.186585713,0.183799763,1.015157532,0.310030741,0.864488657,458.3,977.3
Cyp4f18,15.69158112,-1.50180722,1.479229229,-1.015263348,0.309980311,0.864488657,35.3,35.8
Strn4,228.902426,-0.241606077,0.237903194,-1.015564664,0.309836739,0.864488657,148.7,433.5
Tex9,105.6896944,0.52826534,0.520029242,1.01583776,0.309706651,0.864488657,63.9,143.8
Ulbp1,108.0031055,0.588881439,0.580053011,1.015220038,0.310000951,0.864488657,87.3,158.7
Cacul1,161.5053316,0.328107226,0.323642837,1.013794184,0.310680971,0.864503551,157,257.6
Csrp2,25.81081976,1.092211926,1.076875033,1.014242036,0.310467275,0.864503551,36.3,31
Gm23664,7.830557503,2.84483765,2.803357718,1.014796518,0.310202834,0.864503551,7.1,11.3
Gm37788,7.978989003,-1.806448442,1.782552871,-1.013405252,0.310866632,0.864503551,4.6,21.1
Gm38405,19.01220368,1.509413511,1.489545172,1.013338527,0.310898491,0.864503551,19.3,19.8
Gm6904,8.001723542,1.973220693,1.945236773,1.014385868,0.310398665,0.864503551,9.7,5.4
Mdm2,280.1070312,-0.326396493,0.32200666,-1.01363274,0.310758029,0.864503551,178.1,543.7
Mettl9,127.2744079,0.429379669,0.4234782,1.013935708,0.310613431,0.864503551,121.2,182.4
Rab1b,309.826858,-0.26373315,0.259862,-1.014896943,0.310154956,0.864503551,235.5,604.4
Spcs2,583.6479408,-0.198215774,0.195551356,-1.013625154,0.31076165,0.864503551,450.4,1098.2
Supt20,347.8202971,0.291131423,0.287244926,1.013530254,0.310806953,0.864503551,294.4,562.9
Tmem176b,56.24597054,0.711630781,0.701430165,1.014542597,0.310323914,0.864503551,58.2,67.2
Uqcc1,76.83525179,-0.682174494,0.672973357,-1.013672365,0.310739115,0.864503551,59.7,158.9
Wipf1,1426.241941,-0.104818957,0.103319157,-1.014516188,0.310336509,0.864503551,1056,2650.8
Jmjd4,20.85448492,1.047434475,1.034089943,1.012904614,0.311105724,0.864908426,15.2,24.1
Igtp,627.8165418,0.142329654,0.140560187,1.012588678,0.31125667,0.865156686,509.8,1075.5
Gps2,297.9146945,-0.365859128,0.361445718,-1.012210434,0.311437448,0.865316403,242.3,587.5
Tmem203,39.12178171,-0.739685056,0.730696891,-1.012300811,0.311394247,0.865316403,20.8,85.6
1700123O20Rik,112.7595023,-0.392682755,0.389127409,-1.009136714,0.312909073,0.865778635,75,229.3
Arhgap31,139.5386587,0.309973163,0.306838565,1.010215789,0.312391916,0.865778635,129.8,216.1
Comt,138.0787399,-0.539905085,0.536325657,-1.006673982,0.314091469,0.865778635,112.6,281.4
Ddx46,673.0422069,0.194931945,0.193013206,1.009940973,0.312523571,0.865778635,549.7,1089.9
Dtx2,71.2526616,0.607860165,0.601951372,1.009816064,0.312583423,0.865778635,64.6,99.9
Fam172a,250.9691343,0.306598312,0.303609982,1.009842661,0.312570677,0.865778635,203.7,403.9
Fastkd1,33.82846815,-0.906888408,0.898650119,-1.009167404,0.312894356,0.865778635,13.3,78.2
Fbln2,16.4955666,1.343932149,1.335080909,1.006629741,0.314112737,0.865778635,14.4,15.7
Foxk1,112.4027007,0.443286097,0.439079131,1.009581339,0.312695914,0.865778635,96.6,176.3
Gm11450,10.50513095,0.919110024,0.912586499,1.007148391,0.31386347,0.865778635,11.9,14
Gm11539,7.397028596,-0.850884492,0.84128283,-1.011413121,0.311818744,0.865778635,5.3,19.2
Gm11696,12.62332864,1.360467871,1.350857702,1.007114124,0.313879935,0.865778635,17.8,13.8
Gm20407,11.84738838,-1.254300865,1.245192401,-1.007314905,0.313783469,0.865778635,8.1,29
Gm37728,171.5909289,0.57185408,0.567483191,1.007702235,0.313597432,0.865778635,123.3,253.1
Gm37954,22.22160991,1.244463472,1.236792441,1.006202359,0.314318238,0.865778635,27.3,26.9
Gm42515,22.57922443,0.777880982,0.772324406,1.007194614,0.313841261,0.865778635,16.7,27.9
Gm43848,49.62592326,0.852802778,0.84529637,1.008880208,0.313032088,0.865778635,31,60.9
Gm50021,13.36875427,1.906680314,1.884877302,1.011567337,0.31174497,0.865778635,16.4,12.3
Gm5764,2.429267266,-1.076752675,1.069323552,-1.006947498,0.313960005,0.865778635,1.5,5.3
Gpatch1,54.27737341,0.68976272,0.68444644,1.00776727,0.313566202,0.865778635,42.1,76
H2afx,219.3092851,0.380366719,0.376044915,1.011492784,0.311780633,0.865778635,201.3,350.7
Heatr1,148.0103576,0.354020457,0.351182403,1.008081425,0.313415374,0.865778635,114.5,233.5
Lrr1,16.31450585,1.27002819,1.260486128,1.007570145,0.313660867,0.865778635,17.2,17.3
Map7d1,307.4137605,0.312776663,0.310847768,1.006205271,0.314316837,0.865778635,240.9,488.9
Med13,470.0614119,0.312035793,0.308924675,1.010070796,0.312461373,0.865778635,356.1,752.7
Nelfb,180.8159962,0.301463369,0.29941522,1.006840497,0.31401143,0.865778635,170.7,305
Pdcd7,121.6871962,0.392069598,0.388834556,1.008319843,0.31330094,0.865778635,101.8,185
Ppp1r8,161.5114505,0.356132121,0.35222304,1.011098311,0.311969378,0.865778635,131.5,249.8
Ppp4c,658.4903,-0.186703605,0.184927777,-1.00960282,0.312685618,0.865778635,521.8,1255.6
Ppt1,234.1455224,0.30230032,0.299123889,1.010619116,0.312198763,0.865778635,202.1,366.2
R3hcc1l,87.55126206,-0.506794876,0.502584078,-1.008378295,0.313272889,0.865778635,67.6,171.7
Relch,295.5913452,0.277524113,0.274738102,1.010140606,0.31242793,0.865778635,234.7,475.2
Rnf217,7.94120202,2.55775251,2.530719435,1.010681972,0.312168668,0.865778635,9.5,4.1
Rpl13-ps1,5.005343803,1.146675079,1.136326814,1.009106769,0.312923432,0.865778635,6.9,12
Rpl14,997.7566641,0.132471342,0.131554459,1.006969615,0.313949376,0.865778635,873.2,1693.4
Rptor,131.2746397,-0.447307944,0.4443046,-1.00675965,0.314050289,0.865778635,84.7,262.5
Src,34.59974908,0.907844184,0.900452015,1.008209398,0.313353947,0.865778635,49.3,41.9
Tada1,19.00852606,1.281602914,1.270944901,1.008385896,0.313269241,0.865778635,14.5,20.1
Tcf7l1,8.92929509,1.663988004,1.649226958,1.008950282,0.312998479,0.865778635,6.7,7.8
Trnau1ap,94.6364782,-0.517661605,0.514318522,-1.006500026,0.314175099,0.865778635,70.1,194.7
Ttc41,2.931085916,-2.615761279,2.596055243,-1.007590761,0.313650966,0.865778635,0.4,8.8
Vasn,62.13532554,0.638496943,0.631983436,1.010306453,0.31234849,0.865778635,55.7,84.6
Ythdf3,246.1252847,0.337389832,0.335306738,1.006212502,0.314313359,0.865778635,199.7,396.1
Zfp651,17.93104307,1.389739931,1.374457184,1.011119115,0.311959423,0.865778635,26.9,16.9
Blzf1,88.05683472,0.456408204,0.453730874,1.005900699,0.31446334,0.866008343,56.9,125.5
Cbx1,462.6405046,-0.221864806,0.22067199,-1.005405378,0.314701691,0.8663255,342.6,887.1
Jdp2,37.31638541,-0.554122474,0.55114365,-1.005404806,0.314701967,0.8663255,24.7,80.2
Psenen,39.04361242,-0.594171046,0.591062206,-1.00525975,0.314771791,0.866347777,22.9,88.6
Insl3,2.958504532,2.138055937,2.12861309,1.00443615,0.315168433,0.866419939,5.8,1.8
Jazf1,27.63098701,1.333365341,1.327049165,1.004759564,0.315012639,0.866419939,20.9,30
Nudc,63.20646424,0.606201208,0.603516449,1.004448526,0.31516247,0.866419939,57.6,86
Rpl15-ps1,2.356482315,1.704386482,1.696583107,1.004599465,0.315089755,0.866419939,3.9,5.6
Slc12a2,22.38025184,1.091305045,1.085917209,1.004961553,0.314915363,0.866419939,33.2,25
Slc2a8,51.91696306,-0.636351656,0.633367164,-1.004712103,0.315035499,0.866419939,34.3,109.9
Cacna2d1,8.629924967,2.503439323,2.493122551,1.004138093,0.315312057,0.86651414,19.3,4
Kcnq5,28.59852938,1.408033804,1.402272186,1.004108773,0.315326187,0.86651414,14.5,27.9
Hspb6,8.299990489,-1.310864666,1.305865918,-1.003827918,0.315461565,0.866600113,7.2,24.1
Traj23,9.548772896,1.832635373,1.825720163,1.003787661,0.315480973,0.866600113,7.7,6.3
Gm10036,3.917310866,-1.398143445,1.39380409,-1.003113318,0.31580619,0.867323692,1.9,9.1
Fbxo45,71.38979676,0.536536468,0.535006533,1.002859656,0.31592858,0.86749006,63.7,109.2
2700049A03Rik,54.77876443,0.811565225,0.810048984,1.00187179,0.316405519,0.867905889,47.8,74.6
5430414B19Rik,3.912412612,-2.745203003,2.751002524,-0.997891852,0.318331804,0.867905889,1,12.3
A430088P11Rik,40.45632975,-0.68573729,0.689084276,-0.99514285,0.319666793,0.867905889,23.3,82.2
Acad12,2.074822265,-1.063385223,1.063721861,-0.999683528,0.317463686,0.867905889,4.6,15.3
Ago2,653.1726652,0.155223524,0.155753075,0.996600066,0.318958674,0.867905889,555.8,1097.5
Apoa2,4.474662478,-2.007420579,2.01535997,-0.996060559,0.319220722,0.867905889,2,12.3
Babam2,145.3623154,-0.323951798,0.324140948,-0.999416456,0.317592991,0.867905889,97.3,284.8
Carmil2,18.13002821,1.324014927,1.325140568,0.99915055,0.317721767,0.867905889,21.5,17.1
Cd2bp2,214.9019719,-0.232591869,0.233757049,-0.995015426,0.319728762,0.867905889,151.7,408.3
Cd34,51.0561655,1.064587304,1.063432229,1.001086176,0.316785148,0.867905889,95.1,59.9
Cep128,58.44507613,0.550814794,0.550916178,0.999815973,0.317399574,0.867905889,53,88.7
Copb2,265.7309316,0.26557464,0.265678145,0.999610412,0.317499082,0.867905889,209.4,438.1
Ctbs,28.90574789,-1.015403237,1.019940367,-0.995551574,0.319468074,0.867905889,15.9,65.8
Ddc,11.88421055,1.635259295,1.632848072,1.001476698,0.3165964,0.867905889,20.3,8.1
Ddx11,48.22978579,-0.724037573,0.727647484,-0.995038929,0.319717331,0.867905889,22.4,100.4
Gabpa,175.5885414,-0.345985913,0.345384376,-1.001741645,0.316468388,0.867905889,132.6,363.9
Gm26583,13.00880345,1.781529047,1.790177151,0.995169135,0.319654011,0.867905889,9.3,10
Gm42731,79.34349264,0.736340923,0.739025713,0.996367123,0.319071801,0.867905889,61.4,110.9
Gm43421,8.324971196,-1.577096758,1.579427301,-0.998524438,0.31802512,0.867905889,4.8,19.9
Gm43684,5.127007373,2.414778004,2.419985922,0.997847955,0.318353092,0.867905889,6.9,2.8
Gpx1,469.8592519,0.261838289,0.26249078,0.997514234,0.318514968,0.867905889,513.8,729.3
H60b,73.38872451,0.635252543,0.63776242,0.996064559,0.319218778,0.867905889,49.6,102.8
Heatr5b,134.92932,0.365845188,0.367421461,0.995709905,0.319391116,0.867905889,112.6,200.5
Hjurp,414.0030948,-0.150977271,0.151288261,-0.997944392,0.318306324,0.867905889,293.2,771.7
Ifi206,556.6477972,-0.167162657,0.167736214,-0.996580599,0.318968127,0.867905889,376.1,1036.5
Iqgap3,29.62110983,0.913493197,0.914697234,0.998683677,0.317947951,0.867905889,38.8,36.7
Lin9,55.80766317,0.618043104,0.617436492,1.000982469,0.316835284,0.867905889,53.2,82.6
Marf1,255.8234241,0.260548303,0.261357563,0.996903628,0.318811291,0.867905889,187.2,413.9
Mavs,76.15809391,-0.599283315,0.599888475,-0.998991213,0.317798948,0.867905889,57.6,162.6
Mbd2,843.5366977,-0.151859064,0.151826872,-1.000212034,0.317207907,0.867905889,648.2,1584.6
Mcoln3,5.477606825,-2.130891753,2.130432517,-1.00021556,0.317206201,0.867905889,2.3,17
Mtf1,114.4606504,-0.413354019,0.412956672,-1.0009622,0.316845083,0.867905889,92.2,229.3
Ndufa3,665.1183761,-0.217948331,0.218642226,-0.996826347,0.318848807,0.867905889,520,1269.5
Ndufc2,271.713119,0.263819714,0.263919834,0.999620642,0.31749413,0.867905889,247.6,439.1
Nfyb,220.7653082,-0.243309233,0.243627288,-0.998694504,0.317942704,0.867905889,141.4,415.1
Nsmce3,66.94665344,-0.807767036,0.806159597,-1.001993946,0.316346517,0.867905889,38.5,143
Osr2,36.77784648,1.036874971,1.038463071,0.998470721,0.318051155,0.867905889,51.4,43.4
Particl,6.073120191,-1.839964223,1.842238441,-0.998765514,0.317908296,0.867905889,3,17.3
Paxip1,78.4560758,-0.625760405,0.626014414,-0.999594243,0.31750691,0.867905889,65.9,163.6
Phtf2,64.8407795,0.611738826,0.611919489,0.99970476,0.317453408,0.867905889,48,83.6
Pi4ka,255.6891625,0.268975718,0.268769919,1.000765704,0.316940094,0.867905889,219.4,416.5
Plbd2,90.46320754,-0.535599705,0.535445936,-1.00028718,0.31717155,0.867905889,76.6,189.5
Prickle3,69.74698144,0.708423017,0.709858792,0.997977379,0.318290328,0.867905889,62.3,89.4
Prr36,11.09979702,-1.233377205,1.237617154,-0.996574103,0.318971282,0.867905889,8.2,29.2
Reep4,64.90786655,-0.615381706,0.616970984,-0.997424063,0.318558716,0.867905889,48.8,144.2
Rnf141,65.25402388,-0.679903528,0.682895981,-0.995617995,0.319435788,0.867905889,38.5,131.4
Rnf19a,256.836923,0.310341565,0.311555882,0.996102412,0.319200388,0.867905889,188.6,416.1
Rnf4,362.509231,0.218470658,0.219347358,0.996003146,0.319248616,0.867905889,284.9,620.8
Rps6ka1,452.4865868,-0.224998437,0.225480944,-0.997860101,0.318347202,0.867905889,330,872.3
Sirt2,364.5438652,-0.224700833,0.225750444,-0.995350572,0.319565789,0.867905889,233,670.8
Snrpd1,360.1456884,-0.244354968,0.245279951,-0.99622887,0.319138955,0.867905889,302.2,689.3
Spryd7,42.27240847,-0.714857509,0.71351353,-1.001883607,0.316399811,0.867905889,21.7,98.6
Srp19,356.7849068,0.260410605,0.261027492,0.997636698,0.318455559,0.867905889,287.9,566.4
Ttyh2,6.466961688,-1.483636133,1.483875675,-0.99983857,0.317388637,0.867905889,4.7,17.8
Utp14a,118.1450428,0.426205578,0.425181142,1.00240941,0.316145899,0.867905889,114.8,193
Wdr20,78.02051655,-0.476693188,0.475932555,-1.001598195,0.316537693,0.867905889,49,168.6
Yap1,24.85282978,1.198647992,1.196777978,1.00156254,0.316554921,0.867905889,40.7,24.1
Zfp81,29.11324906,-0.948921628,0.950723264,-0.998104984,0.318228454,0.867905889,16.3,62.3
Zscan21,29.12216926,-1.173341004,1.17882185,-0.995350573,0.319565789,0.867905889,22.2,64.3
Ankrd50,60.79013887,-0.57586151,0.579314181,-0.994040072,0.320203359,0.867907293,36.3,127.8
Atl3,389.2612354,-0.285147871,0.286789952,-0.994274274,0.320089357,0.867907293,295.6,777.8
Jam3,2.23555454,-2.68305034,2.6976089,-0.994603161,0.319929309,0.867907293,0.3,5.9
Mpp6,76.75998375,-0.558665237,0.561765079,-0.994481962,0.319988283,0.867907293,54.4,158.9
Mrpl11,64.57956614,-0.65225653,0.656054929,-0.994210243,0.320120523,0.867907293,38.5,127.1
Pogz,150.4730382,0.41564582,0.417876581,0.994661675,0.31990084,0.867907293,119.7,228.1
Retsat,5.525133854,1.975398391,1.986492735,0.99441511,0.320020815,0.867907293,11.8,3.5
Vdac2,305.2281852,-0.361531065,0.363714215,-0.993997623,0.320224025,0.867907293,276,622.3
Ppp1r21,94.37937552,-0.398698304,0.401469695,-0.993096888,0.32066274,0.868760791,64.2,191.1
Synpo2,9.354067367,1.906867727,1.92005735,0.99313061,0.320646309,0.868760791,14.3,6.5
Secisbp2,179.8931941,0.407892295,0.410803765,0.992912748,0.320752477,0.868836182,146.6,282.9
Bdnf,4.080937029,2.704382916,2.72572877,0.992168754,0.321115212,0.869292797,8.7,2.6
Cnn3,32.37381649,1.220960845,1.230667212,0.992112923,0.321142443,0.869292797,66.1,35.5
Dleu2,251.0151666,-0.410521507,0.413834902,-0.991993439,0.321200726,0.869292797,142.8,501.4
Gm40309,167.0430357,0.442722865,0.44632386,0.991931879,0.321230757,0.869292797,147.7,251.2
Rraga,160.8345693,-0.3394568,0.342138632,-0.992161562,0.32111872,0.869292797,97.7,317.7
2810004N23Rik,137.0171743,0.385202709,0.389092144,0.990003821,0.322172252,0.86953982,119.1,213.6
Adck2,13.42795745,-1.050548216,1.061946663,-0.98926646,0.32253279,0.86953982,9.7,32.6
Amz2,113.8820506,0.437643308,0.442266279,0.989547087,0.322395544,0.86953982,90.9,173.9
Flii,348.8734989,-0.232545356,0.234543763,-0.991479598,0.32145145,0.86953982,243.6,662
Gm25117,2.640250064,-2.890981176,2.919805422,-0.990128025,0.322111547,0.86953982,0.3,7.5
Gm38126,115.6586116,0.330488225,0.334016305,0.989437402,0.322449182,0.86953982,88.7,174.4
Gm44668,2.77755009,2.20108505,2.222065932,0.990557939,0.321901484,0.86953982,5.8,9.6
Gm5321,3.213819697,0.772950098,0.779987547,0.990977485,0.321696574,0.86953982,3.1,4.2
Gm9034,2.979122849,1.03867264,1.049567307,0.989619849,0.322359964,0.86953982,3.7,3.7
Numb,83.73319531,0.500426175,0.504667124,0.991596543,0.321394377,0.86953982,79.5,123.6
Perp,68.31360235,-0.736258828,0.743321097,-0.990499033,0.321930262,0.86953982,29.5,156.6
Pip4k2a,345.9239807,0.219093316,0.221445637,0.989377435,0.32247851,0.86953982,274.3,580.1
Pwwp3a,210.4549583,-0.247211623,0.249430485,-0.991104285,0.321634661,0.86953982,136.5,408.1
Pyurf,16.40193899,1.01665983,1.026830602,0.990094985,0.322127694,0.86953982,17.5,19.4
Supt6,319.6461776,0.258750318,0.261477281,0.989570936,0.322383882,0.86953982,278,509.8
Susd1,44.76389368,0.800330409,0.808187045,0.990278691,0.322037919,0.86953982,25.2,56.3
Tmem164,208.5390243,0.262862714,0.265639096,0.989548294,0.322394954,0.86953982,188.2,337.9
Trmt13,34.88465875,0.728850461,0.736801793,0.989208317,0.32256123,0.86953982,38.2,45.5
Zbtb20,490.8322963,0.220752019,0.22303789,0.989751199,0.322295743,0.86953982,443.1,795.2
Zxdb,36.04637711,-0.741970277,0.749320485,-0.990190834,0.322080852,0.86953982,16.9,73.2
4930509H03Rik,13.8848977,1.635933962,1.654724066,0.98864457,0.322837072,0.869825124,13.9,10.7
Apobec3,1236.222351,-0.135593936,0.137155864,-0.988612016,0.322853005,0.869825124,899.1,2261.6
Gm3511,33.0767483,-0.692415064,0.700305899,-0.988732303,0.322794133,0.869825124,30.1,72.2
Rps15a-ps6,35.05876793,0.72429685,0.732867114,0.988305842,0.323002885,0.869894932,29.7,44.1
Slc2a4rg-ps,119.4189973,-0.431484578,0.436549916,-0.988396886,0.322958312,0.869894932,81.2,238.7
Stk24,917.0655001,-0.115620916,0.11701145,-0.988116259,0.323095714,0.869977983,665.4,1711.2
2810408I11Rik,17.22327186,1.104923531,1.119367995,0.987095876,0.323595639,0.870105395,25.4,18.3
B3galt2,25.69640251,-0.956919137,0.968884751,-0.987650116,0.323324033,0.870105395,14.7,61.5
Fam207a,58.79506126,0.634738748,0.643056412,0.987065421,0.323610568,0.870105395,42.8,75.4
Ltbp4,24.87545165,1.299802098,1.31669246,0.987172128,0.323558263,0.870105395,32.5,26
Rnaseh2b,129.1933484,-0.434898315,0.440359017,-0.987599431,0.323348865,0.870105395,95.9,271.1
Rpl31-ps6,1.985162544,-2.255125394,2.283768897,-0.987457793,0.323418265,0.870105395,3,5.9
Sowahc,11.33291209,-1.214231488,1.229687901,-0.987430621,0.323431579,0.870105395,8.6,28.1
Stx4a,306.7444956,0.219745781,0.222638443,0.987007359,0.323639031,0.870105395,251,507.5
Atp5d,936.3236647,-0.138748422,0.14062903,-0.986627167,0.323825447,0.870135922,719.2,1724.9
Dus2,62.56395299,0.614486049,0.622804053,0.986644267,0.323817061,0.870135922,55.4,94
Gm6204,76.48481447,0.344062389,0.348733729,0.98660485,0.323836391,0.870135922,59.6,120.9
4930570N18Rik,30.51792546,0.796828289,0.80973221,0.984063965,0.325084063,0.870242949,23.3,37.3
Aspscr1,36.63065316,0.562515338,0.571164754,0.98485653,0.324694548,0.870242949,25.2,54.7
Brdt,8.867582485,-1.956702914,1.985923076,-0.985286357,0.324483432,0.870242949,1.9,21.1
Cep76,30.36850173,-1.003849787,1.021744738,-0.982485889,0.325860531,0.870242949,16.9,74.2
Dhx30,186.3832018,-0.229819595,0.233785784,-0.983034942,0.325590242,0.870242949,143.5,345.7
Enc1,55.94852588,0.71829154,0.730867861,0.98279262,0.325709515,0.870242949,46.4,79.3
Engase,9.012698942,-1.395392334,1.416052328,-0.985410148,0.324422647,0.870242949,5.8,24.2
Fxyd1,2.697487268,-2.568327872,2.613761731,-0.982617445,0.325795755,0.870242949,4.5,7.5
Gm10658,4.918621298,-2.360084402,2.399658838,-0.983508307,0.325357329,0.870242949,1.8,13.3
Gm16059,12.57758926,-1.228624305,1.247789185,-0.984640931,0.324800477,0.870242949,7.8,31.6
Gm3081,29.62362892,-0.885976982,0.901700718,-0.982562135,0.325822988,0.870242949,16.5,63
Gm37598,31.1777282,0.795905389,0.809932116,0.982681601,0.325764169,0.870242949,33.3,39.4
Gm37881,16.80807739,1.261764662,1.281068063,0.984931791,0.324657577,0.870242949,20.7,17.3
Gm43237,44.60931769,-0.727419722,0.739508351,-0.983653154,0.325286081,0.870242949,26.4,100.6
Gm43681,26.86422871,-1.288278717,1.307260953,-0.985479383,0.324388654,0.870242949,10.4,69.2
Gm44777,4.818316528,-1.980804917,2.011442207,-0.984768496,0.324737799,0.870242949,3.3,13.8
Gm5312,4.639029171,1.180780661,1.19776052,0.985823661,0.324219653,0.870242949,7.4,4.9
Gm6177,5.657285607,1.21436728,1.232778897,0.985064948,0.32459217,0.870242949,8.6,5.7
Jrk,3.192632661,-1.772151249,1.80249501,-0.983165689,0.325525898,0.870242949,1.2,8.5
Mfsd5,107.5905291,0.372129432,0.378677299,0.982708584,0.325750885,0.870242949,104.1,171.1
Polr2c,105.3956618,0.415723373,0.423044381,0.982694468,0.325757834,0.870242949,89.5,156.7
Polr3k,133.3559409,-0.480369912,0.488044869,-0.984274074,0.324980773,0.870242949,95.3,293.3
Prr7,7.645186099,-1.40216126,1.42567992,-0.983503548,0.32535967,0.870242949,2.9,19.4
Prrx1,22.02176518,1.375334198,1.398074557,0.983734517,0.325246064,0.870242949,41.9,21.2
S1pr2,67.52259071,-0.681982386,0.692766711,-0.984432963,0.324902677,0.870242949,47.5,141.9
Trappc9,138.1210521,-0.321695302,0.326982107,-0.983831516,0.325198361,0.870242949,104,264.9
Tubb2a,38.66610548,0.76196586,0.775467,0.982589665,0.325809433,0.870242949,40.4,52.3
Tubd1,22.419324,1.02076614,1.038487984,0.982934955,0.325639453,0.870242949,19.9,28.6
Tut1,49.76658796,-0.599447242,0.609591544,-0.983358854,0.325430853,0.870242949,36.1,107.1
Twistnb,133.1745168,0.372518364,0.378946935,0.983035694,0.325589871,0.870242949,125.8,197.7
Uqcr11,225.5610183,0.260701394,0.265263967,0.982799879,0.325705942,0.870242949,191,353.3
Zfp763,5.746140027,1.68662392,1.710216616,0.986204849,0.3240326,0.870242949,6.9,4.5
Clu,3.42664662,-2.25599964,2.296654259,-0.982298329,0.325952898,0.870324004,1.3,10.6
Zfp142,60.44976106,0.78247274,0.796703094,0.982138448,0.326031646,0.870368675,52.1,82.7
B3galt5,31.96140056,-0.879376859,0.895663767,-0.981815823,0.326190591,0.870627379,20.6,79.8
Acads,29.38662382,-0.641561887,0.653538463,-0.981674259,0.326260351,0.870647986,21.3,61.5
Gm49336,153.9300819,-0.32827934,0.334555122,-0.98124141,0.326473708,0.870785655,96.3,311.5
Mbd3,187.3374809,-0.420928486,0.429107138,-0.980940303,0.326622181,0.870785655,135.5,382.5
Msh5,20.56663666,-1.02522081,1.044907038,-0.981159828,0.326513931,0.870785655,9.8,51.1
Stard5,93.92033054,0.568525427,0.579431602,0.981177806,0.326505067,0.870785655,80.4,137.8
Tmem186,41.8734183,0.748998798,0.763499152,0.981008029,0.326588782,0.870785655,39.3,57
Gm7434,6.501286574,1.089186276,1.110917976,0.980438069,0.326869926,0.871123136,8,8.6
Mrpl23,11.74011314,1.496666547,1.526733699,0.980306224,0.326934983,0.871123136,12.7,9.6
Uqcrh,1331.039438,-0.133955464,0.136642771,-0.980333337,0.326921604,0.871123136,1019.1,2436.9
Tnfsf13b,60.80462271,-0.610462671,0.622890334,-0.980048392,0.327062232,0.871296766,35.3,134.6
Eomes,372.0058097,-0.237505525,0.242511232,-0.979358868,0.327402693,0.871703875,262.3,713.1
Gm5345,9.087423778,1.173661336,1.198673245,0.979133672,0.327513936,0.871703875,10.3,9.9
Gpam,40.52085577,0.817664638,0.835246417,0.978950189,0.327604592,0.871703875,41.9,54.6
Pdxdc1,73.20403964,-0.59177516,0.604403189,-0.979106615,0.327527303,0.871703875,42.7,149.7
Recql,32.49564547,1.002710408,1.023854074,0.979348945,0.327407594,0.871703875,25.2,38.7
Ripply3,15.9622438,-1.534906785,1.568057707,-0.978858609,0.327649846,0.871703875,5.1,46.9
Taf1,319.1235808,0.227543185,0.232386828,0.979156982,0.32750242,0.871703875,265.8,523.5
4933406J10Rik,4.164076172,1.867714663,1.911036786,0.977330566,0.328405525,0.871872825,6.8,8.1
Adgrl2,8.658962135,2.021279524,2.066118988,0.978297734,0.32792709,0.871872825,20.4,6.5
Cand2,9.73413359,-1.218638034,1.247042153,-0.977222808,0.328458859,0.871872825,7.7,24.3
Cars,85.15679499,0.385263836,0.394218833,0.977284197,0.328428474,0.871872825,64.4,128.5
Gm13588,27.25485322,0.341561904,0.349357166,0.977686841,0.328229232,0.871872825,26.7,43.8
Gm25636,11.09594227,-1.534319874,1.569950811,-0.977304425,0.328418463,0.871872825,4.5,26.1
Gm37255,100.4275906,-0.620530528,0.634743445,-0.977608407,0.328268038,0.871872825,44.7,213.2
Gm43544,46.79143647,-0.809999638,0.827755425,-0.978549476,0.327802634,0.871872825,37.6,108.1
Gm4673,70.20848084,0.519586129,0.531203495,0.978130103,0.328009981,0.871872825,65.3,104.2
Ppp1r2,73.36233577,-0.644786106,0.659563212,-0.977595618,0.328274365,0.871872825,48.4,160.2
Vav1,453.9588385,-0.189040785,0.193231858,-0.978310651,0.327920703,0.871872825,316.9,850
Zfr2,3.080241168,-2.263888747,2.31561409,-0.977662365,0.328241341,0.871872825,1.1,9
Ano10,43.77200501,0.733782173,0.751185321,0.976832418,0.328652124,0.871913372,53,59.7
Glg1,666.1650285,0.139979495,0.14329633,0.976853313,0.328641778,0.871913372,498.6,1110.3
Slc29a4,3.248911766,-2.236253535,2.289624693,-0.976689997,0.328722649,0.871913372,1.8,9.7
Ube2l6,24.01781664,-0.914752249,0.936500047,-0.976777579,0.328679278,0.871913372,20.4,52
Styk1,176.9816981,0.400645431,0.410266641,0.976548885,0.328792535,0.871933946,145.6,281.2
1300002E11Rik,47.01106184,-0.567511669,0.582930977,-0.973548655,0.330280691,0.872443981,37.9,102.5
2010315B03Rik,51.79189214,0.578378428,0.594515572,0.972856652,0.330624552,0.872443981,54.8,71.2
AC136453.1,2.61378386,0.978830852,1.008097556,0.970968381,0.331564024,0.872443981,3.9,3.5
Arpc1b,1980.010002,-0.163122864,0.167555273,-0.973546584,0.33028172,0.872443981,1622,3770.9
Atp2c1,116.5057044,0.630746706,0.650200141,0.970080851,0.332006193,0.872443981,109.7,160.9
AW549877,137.2419024,0.504347627,0.517364756,0.974839551,0.329639855,0.872443981,116.3,198.9
Bbs12,23.71210472,0.896508605,0.925037459,0.969159244,0.332465742,0.872443981,24.4,31.8
Bmp2k,250.0336387,0.253467132,0.261457445,0.969439338,0.332326033,0.872443981,222.1,405.4
Brca1,33.46144758,-0.754365113,0.778143673,-0.969441942,0.332324735,0.872443981,21,82
Cd160,199.7802899,-0.374705303,0.385449851,-0.972124654,0.330988538,0.872443981,136.9,391.2
Cdca3,156.461555,0.536550047,0.551477447,0.972931986,0.330587107,0.872443981,156.4,231.9
Chchd4,54.06842246,0.570346122,0.589234249,0.967944621,0.333072028,0.872443981,50.5,80.7
Cndp2,200.2939804,0.330167543,0.339027036,0.973867888,0.33012214,0.872443981,176.8,315.5
Cpd,73.98402844,0.652829668,0.674330689,0.968115019,0.33298693,0.872443981,79.8,95.7
Cxcl10,233.5183241,-0.50549968,0.521864241,-0.968642111,0.332723785,0.872443981,200.3,479.9
Daglb,13.23674598,-1.193442473,1.228245066,-0.971664781,0.331217343,0.872443981,8.7,31.4
Dpagt1,56.72236808,0.755241222,0.777149134,0.971809899,0.33114513,0.872443981,62.5,80.9
Dynll2,316.6215986,-0.339463467,0.350941004,-0.967294969,0.333396598,0.872443981,261.7,643.4
Eapp,198.2132414,0.282438787,0.289786338,0.974644935,0.329736416,0.872443981,154,317.4
Ephb2,2.53497546,2.861184211,2.933517499,0.975342473,0.329390409,0.872443981,17.4,5.7
Gm13205,3.000285071,-2.252358732,2.312245052,-0.974100358,0.330006712,0.872443981,0.9,9.6
Gm14148,2.302070606,-1.213152644,1.25057882,-0.970072918,0.332010147,0.872443981,4.8,7.1
Gm15531,5.1341778,0.912999183,0.936131559,0.975289397,0.329416729,0.872443981,4.4,6.2
Gm26884,69.45011149,0.519240266,0.533542503,0.97319382,0.330456982,0.872443981,64,102.8
Gm29170,29.56709011,1.351804252,1.394712928,0.969234762,0.332428071,0.872443981,28.1,37.8
Gm29340,9.064843563,-1.771229986,1.817601495,-0.974487527,0.329814529,0.872443981,7.1,20.9
Gm47817,43.95523795,-0.758524064,0.780883618,-0.971366343,0.331365883,0.872443981,23.9,100.7
Gm6440,11.8657168,0.390054004,0.403101405,0.967632458,0.333227961,0.872443981,10.4,18
Gm8189,17.42596869,1.147168557,1.177872287,0.973932887,0.330089863,0.872443981,17.5,19.3
Gsdmd,218.453585,-0.308413156,0.316758095,-0.973655167,0.330227785,0.872443981,163.1,425.8
Gsr,271.7892521,-0.349803309,0.358621109,-0.975411932,0.329355967,0.872443981,210.1,541
Helz,407.785718,0.23692575,0.244377476,0.969507312,0.332292134,0.872443981,339.1,652.8
Kcnab2,298.3083822,0.247477354,0.255469476,0.968715941,0.332686937,0.872443981,275,495.8
Lcmt1,110.13798,-0.434463293,0.447750572,-0.970324373,0.331884832,0.872443981,75.5,214.4
Lpcat1,56.01052433,-0.657199427,0.675467457,-0.972954982,0.330575677,0.872443981,46,120.6
Lsr,11.76389599,-1.512333138,1.558933987,-0.970107234,0.331993044,0.872443981,4.9,30.2
Mta1,331.839907,-0.188132074,0.193759366,-0.970957319,0.331569533,0.872443981,245.2,636.9
Naif1,20.04523086,-0.831328466,0.856640388,-0.970452103,0.331821188,0.872443981,13.7,44.9
Ndor1,18.50018455,0.839033442,0.865303972,0.969640113,0.332225911,0.872443981,20.1,24.2
Nubp2,114.7319365,0.309792489,0.318614879,0.972310177,0.330896262,0.872443981,106.2,183.8
Pdpr,98.24574616,0.51402354,0.531296184,0.967489614,0.333299331,0.872443981,75.2,151.7
Phf7,28.13001143,0.821290464,0.847080194,0.969554559,0.332268572,0.872443981,26.6,35.8
Phrf1,200.8288481,-0.233570613,0.241288805,-0.968012639,0.333038057,0.872443981,148.4,372.9
Pitrm1,37.07790374,0.936512358,0.960387196,0.975140404,0.329490619,0.872443981,30.5,46.9
Prune2,24.49562358,1.268379398,1.304791288,0.972093706,0.331003933,0.872443981,28.5,23.2
Ptpn23,93.39005771,-0.405937569,0.419412223,-0.96787253,0.333108035,0.872443981,69.8,181.6
Rad23b,262.085727,0.24023407,0.246773325,0.973500965,0.330304381,0.872443981,214.8,427.3
Rad9b,8.602285344,-1.565804207,1.604582756,-0.975832627,0.329147413,0.872443981,6.3,20.7
Rbm25,2433.841613,0.097194846,0.100375391,0.9683135,0.332887825,0.872443981,1865,4132.2
Rft1,48.83680432,0.881712148,0.906644431,0.972500484,0.330801624,0.872443981,50.8,61.5
Rhobtb2,79.3337884,0.385030364,0.396934747,0.970009219,0.332041897,0.872443981,67.1,122.6
Rragd,4.551358575,-2.161403049,2.234491468,-0.967290804,0.33339868,0.872443981,1.8,11.9
Sla2,252.9282311,-0.312487548,0.32058524,-0.974740911,0.329688794,0.872443981,184.9,493.1
Slc33a1,75.39130304,-0.716256516,0.738134286,-0.970360718,0.331866722,0.872443981,53.5,170.2
Slc9a8,86.51888084,0.518606795,0.534412108,0.970424861,0.331834762,0.872443981,64.7,124.7
Smad1,45.95668067,0.606582232,0.624174586,0.971815011,0.331142587,0.872443981,45.2,62.3
Snai3,65.29078513,-0.5082174,0.524183221,-0.969541526,0.332275071,0.872443981,39.1,140.8
Sp2,131.1798631,-0.399072621,0.410957048,-0.971081098,0.331507896,0.872443981,92.5,275.7
Strn,135.6561547,0.454952268,0.467212297,0.97375919,0.330176121,0.872443981,124.9,202.8
Syncrip,468.9091101,0.185637119,0.191056413,0.971635111,0.331232109,0.872443981,376.5,777.5
Tbxas1,18.79507246,-1.161177669,1.194007544,-0.972504466,0.330799644,0.872443981,15.3,43.5
Tln1,1794.440808,-0.090602786,0.093605243,-0.967924267,0.333082194,0.872443981,1391.2,3281.3
Tmem121b,10.14080569,1.873614326,1.933347434,0.96910379,0.332493407,0.872443981,14,6.9
Tmem68,61.82008874,-0.646159639,0.667728857,-0.967697639,0.333195397,0.872443981,48,137.9
Tnrc6c,348.9764137,0.143306047,0.148129975,0.96743449,0.333326875,0.872443981,291.2,580.3
Unc119,126.0222815,-0.399966954,0.411614621,-0.971702496,0.331198575,0.872443981,93.2,254
Wdr81,67.23164506,-0.518154175,0.533771703,-0.970741185,0.331677177,0.872443981,48.5,136.9
Zdhhc12,31.73510003,-0.727667059,0.748579379,-0.972063992,0.331018714,0.872443981,20.1,66.5
Zfp219,15.03562734,-0.845130428,0.871565863,-0.969669033,0.332211491,0.872443981,11.1,33.7
Zfp706,327.7499837,0.187162707,0.192897158,0.970271978,0.331910941,0.872443981,260,541.6
Zmynd19,45.70338866,0.643018166,0.663676379,0.968873062,0.332608527,0.872443981,42.9,63.9
Ankrd52,65.77567501,0.676422217,0.699738925,0.96667799,0.333705033,0.872451941,72.5,94.1
Coasy,41.6810999,-0.629793057,0.651555029,-0.966599948,0.33374406,0.872451941,32.7,90.1
E2f2,112.7966249,-0.539530154,0.558208574,-0.966538636,0.333774723,0.872451941,82.1,246.5
Mrpl15,213.0134925,-0.274635798,0.284098233,-0.966693087,0.333697484,0.872451941,141.5,407.2
Trappc10,266.7058382,-0.254351533,0.263086321,-0.966798777,0.333644636,0.872451941,191,516.7
Zfp687,81.21605688,-0.5835229,0.603630248,-0.966689297,0.333699379,0.872451941,50.1,165.2
Trip4,141.1692143,0.31438405,0.325367002,0.966244421,0.33392189,0.872674079,115,219.5
Ap5b1,14.81368487,1.198508586,1.241020076,0.96574472,0.334171936,0.872747202,11.8,16.3
Ddx20,68.01734463,0.593683672,0.614626319,0.965926212,0.334081105,0.872747202,50.1,96.1
Gm26944,30.41206175,1.797583063,1.8616574,0.965582101,0.334253336,0.872747202,18.3,21.7
Gm44625,5.188315592,-1.758299791,1.820202305,-0.96599141,0.334048479,0.872747202,2.7,16
Slc25a4,924.8298843,0.162193299,0.16797723,0.965567169,0.33426081,0.872747202,750.1,1560
4930503L19Rik,80.16551464,-0.601225649,0.625097705,-0.961810679,0.336144713,0.872791458,45.7,180.8
Alkbh2,4.681477283,-1.774439764,1.849027049,-0.959661334,0.33722569,0.872791458,2.8,12.2
Anxa3,35.67511542,1.052790804,1.091408918,0.964616274,0.334737045,0.872791458,62.9,38.4
Atf6,244.5698804,0.279458347,0.290769433,0.961099467,0.336502158,0.872791458,189.6,404.1
Atp2b4,935.6943872,-0.139280075,0.144763135,-0.962123919,0.33598736,0.872791458,693.4,1736.5
Bcl2a1d,56.47792358,-0.578789698,0.600727397,-0.96348144,0.335305974,0.872791458,33.9,121.4
Bmpr1a,15.39734417,1.546112607,1.608919524,0.960963295,0.336570624,0.872791458,17.6,14.2
C2cd5,212.0843727,-0.241128393,0.250033702,-0.964383568,0.334853657,0.872791458,140.8,399.4
Cox7c,274.0616495,-0.34176371,0.355087721,-0.962476847,0.335810128,0.872791458,225.4,550.7
Ddx56,65.95369192,0.461065511,0.47792526,0.964723044,0.33468355,0.872791458,51.9,94.3
Dnajc16,49.26110801,-0.71638944,0.745314033,-0.961191401,0.336455939,0.872791458,29.3,102.8
Dnajc27,18.59388073,1.367398466,1.423836068,0.960362289,0.336872911,0.872791458,16.3,19
Elmod2,34.9766374,0.965773871,1.00562557,0.960371236,0.33686841,0.872791458,39,43.5
Esam,3.88438089,-2.014516951,2.091233328,-0.963315248,0.335389344,0.872791458,0.8,12.1
Exoc6b,70.03914652,0.483099867,0.501846739,0.962644229,0.335726094,0.872791458,63.3,104.2
Gatb,25.79540709,1.220845029,1.267067385,0.963520207,0.335286529,0.872791458,24.5,31.9
Gm15186,9.531225007,-1.387638232,1.439234555,-0.964150164,0.334970646,0.872791458,2.9,26.9
Gm22716,8.940196709,-1.446333269,1.504412166,-0.961394292,0.336353953,0.872791458,5.7,23.6
Gm45148,4.438143315,2.386270102,2.472531798,0.965111997,0.334488718,0.872791458,5.2,8.4
Gm5507,2.265683831,1.249370417,1.301076176,0.960259237,0.33692476,0.872791458,3.3,6.8
Hcls1,1093.50705,-0.141211383,0.146515343,-0.963799283,0.335146566,0.872791458,828.6,2021.2
Kcnmb4,28.61499896,1.053780771,1.098160341,0.95958735,0.337262938,0.872791458,25.2,31.6
Lrif1,208.5038334,0.295585972,0.306799155,0.963451063,0.335321211,0.872791458,155.4,342.6
Map3k20,11.27243762,-1.583831472,1.648994556,-0.960483142,0.336812111,0.872791458,7.7,25.5
Ogfod1,62.49091571,-0.703489191,0.731538996,-0.961656446,0.336222207,0.872791458,45,131.2
Paox,7.356215741,-1.595267929,1.656497034,-0.963036997,0.335528957,0.872791458,2,18.2
Pde1b,39.50382259,-0.640552602,0.664996591,-0.963241933,0.335426126,0.872791458,27.6,79.8
Ppif,103.3463169,0.563271944,0.584273659,0.964055003,0.335018351,0.872791458,86,150.5
Ppp1r10,130.2479222,0.356286884,0.369197484,0.965030641,0.334529465,0.872791458,104.2,195.4
Prpf31,112.6779103,0.443992657,0.462345602,0.960304706,0.336901882,0.872791458,99.2,179.2
Prrc2b,852.7697633,-0.164357287,0.170514514,-0.963890304,0.335100925,0.872791458,654.4,1607.9
Psmg4,197.445284,-0.34903782,0.363298278,-0.960747245,0.33667927,0.872791458,146.2,391
Rhog,268.3340537,0.211795743,0.220714901,0.959589686,0.337261762,0.872791458,247.6,448.2
Rpl37a,1325.369245,0.116696609,0.121445963,0.960893271,0.336605834,0.872791458,1133.9,2216.4
Rps15,2876.272209,0.108870371,0.113438245,0.959732508,0.337189858,0.872791458,2386.7,4779.8
Rps6-ps3,5.946276691,0.907488904,0.943348423,0.961986983,0.336056143,0.872791458,8.7,7.4
Rrp12,30.72767924,0.891458757,0.925534227,0.963182917,0.335455736,0.872791458,26,39.3
Rtn4,317.2607576,0.272990653,0.284390544,0.959914662,0.337098166,0.872791458,296.9,504.3
Setd1a,121.5887491,-0.355820218,0.369073657,-0.964089989,0.335000811,0.872791458,80.4,238.7
Slc35d1,133.6462031,0.446278792,0.462579704,0.964760857,0.334664606,0.872791458,114.2,204.4
Spcs1,349.3477955,0.177536447,0.1849997,0.959658031,0.337227353,0.872791458,307.8,578.9
Stat2,450.9174503,-0.200287301,0.207654266,-0.96452293,0.334783818,0.872791458,339.3,867.1
Tma7,231.6236863,-0.314342488,0.326737317,-0.96206485,0.336017029,0.872791458,144,450.1
Tyw3,6.614195153,-1.926135747,2.003516705,-0.961377433,0.336362427,0.872791458,2.4,19.6
Vash2,6.554497624,1.955838729,2.033651897,0.961737223,0.336181619,0.872791458,10.9,9.5
Vill,2.810429721,-1.88078651,1.957123657,-0.960995236,0.336554563,0.872791458,4.8,6.6
Vps37a,272.4200275,0.274983735,0.28582907,0.96205657,0.336021189,0.872791458,219.4,422.7
Ywhab,911.1353783,0.146713972,0.152658893,0.961057485,0.336523265,0.872791458,781.9,1541.2
Aco1,78.87526763,0.459556179,0.479025765,0.959355867,0.3373795,0.872825292,65.1,119.6
Gm45698,6.785045229,-1.726040627,1.799339392,-0.959263513,0.337426011,0.872825292,3.1,18
Tg,25.92259213,-0.869628288,0.906626934,-0.959190881,0.337462593,0.872825292,11.7,56.6
Polr3f,110.8622474,-0.35263774,0.367772219,-0.958848225,0.337635211,0.873110844,81.6,222.7
Chchd5,49.59224476,-0.577466519,0.602330033,-0.958721113,0.33769926,0.873115587,28.8,100.9
Trbj2-7,11.23940606,1.610357273,1.67992692,0.958587695,0.337766494,0.873128565,10.4,10.1
Arl2,25.02279784,-0.792749126,0.827565069,-0.957929661,0.338098228,0.873428729,22.4,59.5
Bach1,66.18448235,0.478771242,0.499832394,0.957863571,0.338131558,0.873428729,52.5,90.3
Lrrfip2,133.4791161,-0.401349885,0.418954268,-0.957980182,0.338072752,0.873428729,86.5,267.9
Nhlrc2,257.0068974,0.254115635,0.265245099,0.958040832,0.338042169,0.873428729,204.1,405.3
Larp4,224.9718119,0.324150329,0.338542254,0.957488541,0.338320727,0.873624627,167.2,358.4
Tram1,787.8320057,-0.208034588,0.217276123,-0.957466401,0.338331897,0.873624627,584,1518.6
Bex3,176.433046,-0.301685999,0.315232213,-0.957027825,0.338553211,0.873663665,130.1,344.7
Clec4n,11.84250176,1.519796123,1.58796061,0.957074196,0.338529807,0.873663665,25.1,24.2
Foxn2,72.3633551,0.494326869,0.516568774,0.956942993,0.338596029,0.873663665,67.1,107.6
Smim19,109.2506635,0.517759379,0.541017127,0.957011069,0.338561668,0.873663665,86.5,152.5
Fermt2,2.81891695,-2.089204703,2.183639042,-0.956753686,0.338691594,0.8737496,9,6.7
Osgep,108.9183934,0.486889785,0.508978181,0.956602471,0.338767941,0.873785938,97.8,156.6
1700018A23Rik,2.214595331,2.806822751,2.939297858,0.954929676,0.339613261,0.873878348,4.2,3.9
2810454H06Rik,28.92936013,1.217767486,1.27442428,0.955543225,0.339303057,0.873878348,17.6,30
Abhd6,29.81967953,-0.917040238,0.959280772,-0.955966454,0.339089183,0.873878348,15.1,71.4
Eef1aknmt,36.27602285,0.843561748,0.882938164,0.955402974,0.33937395,0.873878348,37.6,43.1
Faah,298.6676528,0.229881945,0.240698775,0.955060719,0.339546992,0.873878348,230.6,492.7
Mysm1,341.8602523,0.315745864,0.330366088,0.955745387,0.339200886,0.873878348,256.1,560.5
Pdzd11,61.28312974,-0.388349739,0.406061694,-0.956381122,0.338879719,0.873878348,43.7,123.3
Poc1b,90.04765101,0.379123279,0.396670441,0.955763877,0.339191542,0.873878348,83.2,144
Polr1d,269.6453539,-0.249296891,0.260870339,-0.955635248,0.339256547,0.873878348,194.5,518.7
Purg,15.56915574,1.347055066,1.410119462,0.955277267,0.3394375,0.873878348,15.8,17.1
Sh3bp1,268.9293868,-0.381182106,0.398707905,-0.956043512,0.339050252,0.873878348,213.7,538.8
Sinhcaf,13.36194552,1.644240766,1.721720942,0.954998412,0.3395785,0.873878348,17.5,11.5
Zfp511,70.22940928,-0.583317519,0.610049591,-0.956180494,0.338981053,0.873878348,42.2,145.4
Dgke,51.83109064,-0.626666396,0.656532127,-0.954509871,0.339825615,0.874019393,28.5,115.9
Emc8,103.125306,-0.421246106,0.441405591,-0.954328887,0.33991719,0.874019393,71.9,206.5
Psmc4,255.3175229,-0.309936663,0.324738322,-0.954419734,0.339871221,0.874019393,177.6,491.8
Xist,782.010957,0.699211042,0.732527436,0.954518572,0.339821213,0.874019393,669,951.7
Braf,251.3770978,0.338787066,0.355212092,0.953759948,0.340205167,0.874132429,172.5,395.4
Gak,349.1320199,0.22849603,0.239629747,0.953537833,0.340317637,0.874132429,267.3,572.5
Mttp,6.174100245,-1.861298421,1.95206188,-0.9535038,0.340334872,0.874132429,4.1,15.4
Nme2,9.481461188,-0.757033169,0.793511026,-0.954029805,0.340068556,0.874132429,8.9,22.2
St6galnac2,9.069204828,-1.438881495,1.508657215,-0.953749786,0.340210313,0.874132429,6.5,23.2
Stk40,316.2120213,-0.341158002,0.357736995,-0.953655916,0.340257842,0.874132429,249.9,631.4
Gpr89,72.18882255,0.601911271,0.631349384,0.953372706,0.340401265,0.874142975,70.1,104.4
Dhx15,567.402579,0.202977807,0.213011687,0.952895167,0.340643189,0.874604192,447.4,949.7
Josd1,94.79174905,-0.386181013,0.405427446,-0.952528044,0.34082925,0.874761832,59.3,189.9
Polr3a,83.59052566,0.447585118,0.469833605,0.952646029,0.340769447,0.874761832,71.7,131.3
Dqx1,15.40966969,-1.226672812,1.288281469,-0.952177643,0.341006898,0.87495916,5.4,35
Nelfe,140.1392138,0.530733416,0.557423657,0.95211857,0.341036852,0.87495916,109.6,206
Ppp3cc,387.1267746,-0.256872893,0.269822338,-0.952007514,0.341093171,0.87495916,290.4,772.7
Alg3,53.66830392,-0.689171302,0.72459814,-0.951108296,0.341549404,0.875169679,47.6,112.1
Bri3bp,134.6099667,0.375986086,0.395071978,0.951690091,0.341254176,0.875169679,127.8,200.2
Haus5,36.51660607,1.025315571,1.077582018,0.951496549,0.34135237,0.875169679,28.5,37.5
Riok3,330.7928206,0.302815368,0.318304183,0.95133958,0.341432021,0.875169679,288.5,539.6
Tmed4,71.37223107,-0.612269248,0.6436854,-0.951193312,0.341506253,0.875169679,54.6,154.7
Xrn1,577.7098834,0.194480788,0.204469385,0.951148694,0.341528899,0.875169679,423.6,980.1
Msh6,103.4497968,0.491445225,0.516928117,0.950703218,0.341755054,0.875379958,101.5,156.5
Tmem179b,316.4606863,0.148274729,0.155963591,0.950700923,0.34175622,0.875379958,246,532.1
Cdc42se2,509.8024956,-0.193706558,0.203813517,-0.950410752,0.341903583,0.875437855,365.5,950
Mrgbp,92.43660785,0.502474211,0.528624989,0.950530567,0.34184273,0.875437855,80.6,137.4
Hspe1-rs1,16.41499424,0.915551394,0.963558973,0.950176812,0.342022419,0.875582383,14.2,19
Cd79b,15.97375795,1.501104667,1.580557456,0.949731161,0.342248872,0.876002311,16.1,14.2
Zfp715,59.74693138,-0.488491444,0.514503586,-0.949442253,0.342395729,0.876218393,33.3,122
Gm28935,33.85329023,-0.691653264,0.728655247,-0.949218807,0.342509338,0.876349326,22.2,77.7
Alkbh8,95.78491713,-0.515178753,0.542814344,-0.949088318,0.342575695,0.876359334,64.8,193.2
Cd320,24.87583964,-1.047746611,1.105003665,-0.948183833,0.343035876,0.876656701,19.2,57.9
Dmxl1,254.2931032,0.261114394,0.275415044,0.948076002,0.343090764,0.876656701,191.2,416.8
Gm17018,146.583832,-0.397425904,0.418985153,-0.948544121,0.342852523,0.876656701,114.6,292.7
Gm37436,90.92949256,0.669771499,0.706480003,0.948040279,0.343108949,0.876656701,70.8,118.7
Syngr3,4.638499385,-1.906744713,2.010638287,-0.948328064,0.342962468,0.876656701,2.2,13.2
Ubl4a,86.29023003,-0.496153058,0.523367934,-0.94800049,0.343129205,0.876656701,62.8,178.5
Upb1,7.671559169,-1.897539924,2.00074516,-0.948416601,0.342917412,0.876656701,3.7,18.6
Antxr1,6.740690119,1.218445056,1.286039111,0.947440125,0.343414553,0.876775577,11.8,6.9
Anxa6,2018.943657,-0.124266508,0.131116544,-0.947756132,0.343253618,0.876775577,1522.2,3776.5
Btf3,86.84612818,-0.437775348,0.462071839,-0.94741837,0.343425634,0.876775577,48.8,173.5
H1f0,220.8868592,-0.2142374,0.226077266,-0.947629118,0.343318297,0.876775577,170.7,426.7
Cct8,585.900913,0.179540043,0.189607838,0.946902012,0.343688713,0.877287631,524.6,965.5
4930413G21Rik,2.860272639,-1.740253082,1.838239528,-0.946695496,0.343793966,0.877396712,3.8,7.6
Sh3gl3,2.653243368,-2.495102911,2.635945336,-0.946568534,0.343858684,0.877402323,0.9,7.5
Ankrd24,10.73573218,1.625365036,1.717799848,0.946189998,0.344051687,0.877549035,7.4,8.7
Ap1ar,172.9923068,0.428390044,0.452860226,0.945965266,0.344166302,0.877549035,145.6,265.9
Otulinl,239.8227816,0.249011846,0.263220924,0.946018434,0.344139184,0.877549035,224.5,385.9
Rpl9-ps6,5.878439024,-0.826196881,0.873299416,-0.946063705,0.344116095,0.877549035,3.8,13.5
Gm16201,5.649287292,-1.837024109,1.942779204,-0.945565047,0.344370479,0.877723029,2.8,15.9
Gm44423,77.00880848,-0.634725886,0.671194417,-0.945666218,0.344318858,0.877723029,38.4,169.4
Gm8960,1.978936668,1.138180615,1.204583009,0.944875203,0.344722593,0.877723029,2.8,2.4
Homez,24.983403,1.070505573,1.132900194,0.944924874,0.344697231,0.877723029,26.8,26.5
Mbp,297.2670553,0.250627571,0.265256147,0.944851134,0.344734882,0.877723029,227.3,471.5
Nckap1l,468.3149802,0.158098133,0.167250348,0.945278353,0.344516787,0.877723029,390.9,769
Nln,59.35538124,0.724283044,0.766321517,0.945142512,0.344586124,0.877723029,61.4,81.8
Tpt1-ps6,3.90660305,-0.83818799,0.88665058,-0.945341951,0.344484327,0.877723029,2,8.6
Ms4a8a,2.072589367,-2.563769608,2.713854479,-0.944696788,0.344813698,0.877764453,4.2,6
Gm48138,48.49153865,0.726909403,0.769618611,0.944506009,0.344911132,0.877790285,32.2,67.5
Mrpl49,70.36203194,-0.650791222,0.689082145,-0.944431992,0.34494894,0.877790285,49.7,149.6
Pacsin1,101.5179953,-0.50700148,0.536992949,-0.944149232,0.345093394,0.877998675,51,196.7
Net1,28.41219803,-0.663956358,0.703364748,-0.943971616,0.345184153,0.878070401,23,62.7
Rmdn3,24.77635431,-0.818572042,0.86739095,-0.943717527,0.345314015,0.878241553,20.8,52.9
Fam110b,4.782430175,-2.264947442,2.400870927,-0.943385759,0.345483625,0.878513714,2.8,13
Limk2,138.325346,0.34943094,0.370539072,0.943033993,0.345663516,0.878652741,106.9,216.8
Pign,107.2984194,0.530783071,0.56282053,0.943076954,0.345641543,0.878652741,90.5,152.1
Cachd1,14.16988458,2.72806158,2.893688824,0.942762593,0.345802349,0.878687338,15.3,8.9
Rnf187,408.69215,-0.197164057,0.209129867,-0.942782871,0.345791975,0.878687338,311.7,784.6
Ptpn13,109.9916302,-0.494787314,0.524981528,-0.942485188,0.345944291,0.878888881,64,237.5
Chd7,1342.450604,0.19552652,0.207535006,0.942137538,0.346122228,0.878965208,919.9,2198.6
Chmp6,76.21741454,-0.599725273,0.636601354,-0.942073512,0.346155005,0.878965208,64.8,165
Zfyve19,37.81849968,-0.56570922,0.600502706,-0.942059403,0.346162228,0.878965208,21,78.1
Gm26648,57.65852518,0.683929797,0.726412374,0.941517273,0.346439842,0.879221572,41.3,77.7
Gm30211,10.33007052,-1.480805557,1.573867598,-0.940870477,0.346771239,0.879221572,5.9,29.9
Gm5883,4.736059378,1.662000044,1.766181003,0.94101343,0.346697977,0.879221572,8.9,4
Pcbp4,26.96454331,-0.786423543,0.835448031,-0.941319524,0.346541141,0.879221572,23.8,57.7
Phf14,397.3997326,0.194390832,0.206476889,0.941465331,0.346466448,0.879221572,339.9,670.8
Ppip5k1,51.38146707,0.716752269,0.761885113,0.940761615,0.346827036,0.879221572,50.4,63.8
Sugp2,105.8219713,0.349506003,0.37146592,0.940883091,0.346764774,0.879221572,88.8,167.9
Tpt1-ps1,2.362947453,-1.246385735,1.324855525,-0.940771059,0.346822195,0.879221572,1,12.3
Trim16,7.104411514,-1.729731927,1.837282008,-0.941462399,0.34646795,0.879221572,1.7,20.2
Mthfr,23.37765633,-0.980382825,1.042286217,-0.940608068,0.346905746,0.879262279,21.2,51.2
Ano6,174.5229489,0.317519475,0.337694996,0.940255195,0.347086676,0.879562009,127.9,292.7
AI597479,25.1665354,-0.809725945,0.861641847,-0.939747702,0.347346991,0.879760399,17.3,60.3
Chrna2,22.00043121,-1.237128556,1.316405232,-0.939777908,0.347331493,0.879760399,10.8,58.2
Mzt1,84.1116393,-0.426109118,0.45343495,-0.939735938,0.347353026,0.879760399,62.2,182
0610030E20Rik,209.2276676,0.2286989,0.244598145,0.934998506,0.34978907,0.879837692,153.3,336.4
1600002K03Rik,38.85608138,-0.6510024,0.693224963,-0.939092553,0.347683228,0.879837692,19.8,80.2
2310043P16Rik,16.92617909,-1.203541813,1.288142149,-0.934323757,0.350136913,0.879837692,7.8,40.8
4930549P19Rik,10.63963606,-1.810537802,1.948533383,-0.929179771,0.352795929,0.879837692,2.4,26.2
Acap2,187.4611316,0.244260612,0.261900147,0.932647861,0.351001813,0.879837692,141.1,308.9
Aff1,192.2606073,0.223248899,0.238163791,0.937375484,0.348565447,0.879837692,157.6,310.9
AI480526,36.81158181,-0.557781443,0.600523317,-0.928825622,0.352979464,0.879837692,19.9,78.5
Alkbh7,45.07817371,0.733449381,0.786891379,0.932084657,0.351292777,0.879837692,50,57.8
Amigo2,2.198095643,2.255265194,2.408826689,0.936250501,0.349144227,0.879837692,7.6,1.3
Arg1,88.83688262,0.771245403,0.823813057,0.936189826,0.34917546,0.879837692,106.9,109.4
Arhgef39,30.27333286,0.912192968,0.980089018,0.93072461,0.351996036,0.879837692,40.1,38.7
Atp6v1f,258.3897897,-0.207291359,0.222295877,-0.932502042,0.351077132,0.879837692,212,493.9
BC030867,8.422821066,-1.284363517,1.380138308,-0.930604932,0.352057962,0.879837692,3.8,20.8
Bmyc,34.54884258,-0.892452663,0.959994973,-0.929643059,0.352555925,0.879837692,19.5,76.7
Brsk2,4.859972057,2.508044217,2.681318554,0.935377191,0.349593947,0.879837692,6.4,6.8
C430042M11Rik,2.370369098,-2.267490664,2.442116393,-0.928494101,0.353151327,0.879837692,0.4,6.7
Cbr4,25.0896225,0.881942029,0.939002094,0.939233293,0.347610979,0.879837692,25.8,32.2
Cd86,215.5176002,-0.325914436,0.350473224,-0.929926777,0.352408998,0.879837692,152.9,432.6
Cdc123,133.4890005,-0.353779521,0.378392046,-0.93495496,0.349811511,0.879837692,104.8,269.5
Cdc45,71.21391488,0.402800921,0.43224803,0.931874508,0.351401383,0.879837692,53.4,112.5
Clasrp,109.0108669,-0.430808212,0.461057233,-0.934392048,0.350101698,0.879837692,78,223.3
Cmtm3,40.42269245,0.743602731,0.793311648,0.937339988,0.3485837,0.879837692,54.8,51.5
Cnot9,231.1774115,0.299328059,0.319518723,0.936809137,0.348856744,0.879837692,169.8,373.8
Dbi,403.7343109,0.223728204,0.238942176,0.936327808,0.349104435,0.879837692,363.8,667.5
Disp1,21.35796424,-0.884157462,0.941935169,-0.938660633,0.347905012,0.879837692,12.1,46.6
Dlg3,10.98284802,-1.242807545,1.336287765,-0.930044844,0.352347867,0.879837692,7.7,27.4
Dnajc8,531.2633617,-0.187016022,0.200886801,-0.930952263,0.351878258,0.879837692,419.8,990.8
Dstn,51.07771736,-0.50242674,0.540697491,-0.929219663,0.352775259,0.879837692,38.4,112.3
Etohd2,79.2450917,0.437109131,0.466965539,0.93606293,0.349240788,0.879837692,64.1,124.6
Fan1,13.78339088,-0.95702322,1.020206033,-0.938068576,0.348209169,0.879837692,10.4,34.1
Fbrsl1,167.8476801,-0.4732817,0.507912923,-0.931816612,0.351431308,0.879837692,122.6,349.1
Glrx,103.4634695,-0.475475003,0.510838901,-0.930772896,0.351971053,0.879837692,64.2,223.6
Gm10335,3.273873098,2.182204858,2.340727089,0.9322765,0.351193649,0.879837692,6.7,2.1
Gm13436,17.52382131,0.918256027,0.982746576,0.934377234,0.350109337,0.879837692,12.1,22.6
Gm15513,62.21577791,-0.721386013,0.77465596,-0.931234058,0.351732504,0.879837692,34.4,135.7
Gm16062,9.099508072,-1.16705621,1.243836501,-0.938271396,0.348104956,0.879837692,6.7,23
Gm2735,21.2681906,1.017346751,1.08368558,0.938784062,0.347841623,0.879837692,21.5,24.2
Gm36930,41.02250403,0.852850979,0.916607838,0.930442599,0.352141971,0.879837692,33,50.9
Gm37334,22.71319361,1.411304524,1.508439264,0.9356058,0.349476187,0.879837692,16.6,18.8
Gm43788,73.58101684,-0.508789552,0.54230374,-0.938200339,0.348141464,0.879837692,37.5,147
Gm44090,4.013874721,-0.781570473,0.840050653,-0.930384937,0.352171815,0.879837692,2.7,9.2
Gm44248,7.198357307,-2.385963121,2.553770995,-0.934290164,0.350154237,0.879837692,4,20
Gm45201,7.691786509,-1.226772989,1.319841875,-0.929484821,0.352637888,0.879837692,6,20.4
Gm45250,12.64032795,1.309213433,1.406814209,0.930622839,0.352048696,0.879837692,11.7,12.3
Gm4575,2.671323708,1.526611887,1.638167883,0.931901976,0.351387186,0.879837692,7.4,8
Gm48027,68.27471353,0.818628313,0.875066636,0.935503972,0.349528637,0.879837692,51.3,89.4
Gm48478,12.15819145,-1.443119691,1.540717908,-0.936654064,0.348936532,0.879837692,7.3,31.8
Gm7497,10.35448913,-1.134578031,1.214561445,-0.934146259,0.350228453,0.879837692,8.5,26.6
Gm8444,4.24797915,-0.807804828,0.864637633,-0.9342698,0.350164738,0.879837692,2.4,9.2
Gm8566,4.36327284,-0.821514324,0.876621817,-0.937136526,0.348688335,0.879837692,2.5,11
Gm8724,6.968447796,-1.308470382,1.397190076,-0.936501343,0.349015122,0.879837692,4.3,17.5
Grpel2,52.37351989,0.393454079,0.421398917,0.933685547,0.350466122,0.879837692,43.5,83
Igsf5,20.64336605,1.315313386,1.406106838,0.935429194,0.349567158,0.879837692,22.4,22.6
Kat2a,119.3759915,0.371902839,0.40046771,0.928671227,0.353059496,0.879837692,98.5,184
Kif9,10.43687095,-1.778441575,1.907535051,-0.932324454,0.351168873,0.879837692,5.4,24
Llgl1,117.7310522,-0.317969974,0.342414554,-0.928611154,0.353090639,0.879837692,100.9,238.4
Lsm14a,449.0881557,0.190727624,0.204089707,0.93452838,0.350031403,0.879837692,369.2,760.6
Mdk,14.37895113,1.350939994,1.442124953,0.936770417,0.348876665,0.879837692,13.9,15.4
Mfsd14a,211.331448,-0.389154917,0.416038632,-0.935381686,0.349591632,0.879837692,139.6,423.8
Mrpl4,165.7484651,0.314793869,0.338964099,0.928693833,0.353047778,0.879837692,150.6,264.9
Mrps31,42.4224541,0.727593953,0.778075383,0.93512013,0.349726393,0.879837692,39.8,57.9
Mrps35,106.2864625,-0.321112742,0.344278895,-0.932711085,0.35096916,0.879837692,58.7,198.5
Mthfd1l,196.8831607,-0.264510358,0.28183124,-0.938541652,0.347966122,0.879837692,145.2,382.3
Mtmr2,118.2242399,0.336922602,0.362546037,0.929323637,0.352721389,0.879837692,110.8,182.9
Ncstn,190.4063577,-0.271167303,0.289956679,-0.93519937,0.349685563,0.879837692,130.7,368.4
Nub1,307.0250689,0.205869024,0.221495806,0.929448858,0.352656518,0.879837692,254.1,509.7
Pdcd6ip,590.4160312,0.194896654,0.209480985,0.930378735,0.352175025,0.879837692,497.8,983.4
Pigf,13.89624259,-1.202907119,1.285051333,-0.936077095,0.349233495,0.879837692,6.8,31
Pitpnc1,868.1307006,-0.158152196,0.169551077,-0.932770227,0.350938616,0.879837692,617.1,1656.1
Prdm10,38.84751608,-0.564464191,0.601703066,-0.938110878,0.348187432,0.879837692,25.5,79.3
Qrfp,49.58520395,-0.617277699,0.664463398,-0.928986759,0.352895948,0.879837692,30.9,100.8
Rad51b,4.825440329,-1.736013841,1.852256265,-0.937242796,0.348633681,0.879837692,2.6,12.6
Rpl21-ps11,3.262702342,0.960149361,1.029083601,0.933013955,0.350812763,0.879837692,4.5,3.9
Rpl36a,38.64267989,0.848014675,0.904896785,0.937139671,0.348686718,0.879837692,33.9,52.7
Rpl39l,2.055405402,-2.329389691,2.496383333,-0.93310577,0.35076536,0.879837692,3.4,5.9
Rpsa-ps10,50.14679439,-0.490758028,0.527160833,-0.930945543,0.351881735,0.879837692,30.9,102.3
Sec24a,212.4098544,0.293538742,0.315615533,0.930051634,0.352344351,0.879837692,166.2,330.5
Slc38a6,43.88901102,0.678645296,0.727261316,0.933151923,0.350741534,0.879837692,50.2,60.8
Snrpa,52.85045678,-0.704581583,0.75797594,-0.929556659,0.352600676,0.879837692,47.5,116.4
Sra1,250.4152724,-0.398722666,0.426395576,-0.935100383,0.349736569,0.879837692,162.8,495.5
Srp54a,30.94010436,1.052967162,1.124442408,0.936434943,0.349049294,0.879837692,34.7,37.5
Srsf11,1310.755556,-0.178088349,0.189819419,-0.938198789,0.34814226,0.879837692,1011.3,2434.7
Timm9,76.30151108,-0.540035988,0.580627997,-0.930089472,0.352324761,0.879837692,42.7,158.6
Tmco4,101.6852142,0.498916004,0.53176783,0.938221487,0.348130598,0.879837692,68.9,152.3
Tmem134,384.7182669,-0.170549269,0.183156265,-0.93116809,0.351766621,0.879837692,287.4,723.5
Tmem167,341.2836459,0.18807182,0.202266174,0.929823394,0.352462532,0.879837692,289.2,562
Traj22,5.985470989,2.21364732,2.369026072,0.934412393,0.350091208,0.879837692,8.1,5.4
Trmt5,27.32143275,-0.993496614,1.068575148,-0.929739584,0.352505934,0.879837692,15,64.7
Ttc19,188.4946321,-0.410388395,0.441893602,-0.928704089,0.353042461,0.879837692,126.1,379.4
Vps11,84.01367413,0.453972449,0.488835123,0.928682141,0.353053839,0.879837692,83.9,131.5
Vps29,178.17272,-0.451797367,0.483658338,-0.934125046,0.350239394,0.879837692,126.8,377.1
Zfyve21,12.4601589,-1.286030765,1.383866107,-0.929302885,0.352732141,0.879837692,9.6,31.6
Gdap10,102.2080576,0.466274005,0.502522319,0.927867255,0.353476432,0.880490356,78.8,149.2
Gm44937,117.792897,0.483254748,0.520890609,0.927747093,0.353538774,0.880490356,83,171.3
Arf2,49.12710643,0.520774371,0.561824746,0.926933843,0.353960884,0.880603153,46.4,70
Atox1,311.5738854,-0.220431144,0.237837612,-0.926813644,0.3540233,0.880603153,241.4,582.5
Exog,39.7030744,0.820807231,0.885527979,0.926912813,0.353971804,0.880603153,33.3,52.1
Laptm4b,28.9308725,1.303551357,1.406169322,0.927023038,0.353914573,0.880603153,65,27.1
Pts,158.4884304,0.458109378,0.494125024,0.927112281,0.35386824,0.880603153,138.4,228.6
Swsap1,5.925737422,-1.33260128,1.437284619,-0.927165895,0.353840407,0.880603153,2.9,16.1
Ubqln1,277.7594288,-0.187127623,0.201752775,-0.927509539,0.353662041,0.880603153,212.5,529.8
Cdk5,174.5862974,-0.313264596,0.33830883,-0.925972274,0.354460389,0.880702338,123,333.8
Clybl,25.59732722,0.979285593,1.057324698,0.926191921,0.35434625,0.880702338,31.5,29.1
Gm10826,12.26801015,1.794551917,1.937801797,0.926076093,0.354406437,0.880702338,9.7,10.2
Gm20257,7.145993768,-1.32927397,1.436461918,-0.925380585,0.354767974,0.880702338,4.6,18.1
Lamtor3,117.9919257,0.481121256,0.519955815,0.92531181,0.354803737,0.880702338,97.1,176.6
Lix1l,21.29110781,1.337191465,1.445031898,0.925371589,0.354772652,0.880702338,36,20.6
Ly6i,20.29986781,1.219122567,1.317609076,0.92525362,0.354833998,0.880702338,22.8,18.7
Mrpl47,72.16647256,0.399625678,0.431949724,0.925167111,0.354878988,0.880702338,58.2,106.9
Ndufa10,505.2586761,0.225063737,0.243069168,0.925924661,0.354485134,0.880702338,391.9,819.5
Pxylp1,93.9944133,-0.547792581,0.591921311,-0.925448318,0.354732755,0.880702338,62.1,196.8
Rps24-ps3,103.754673,0.273609218,0.295554702,0.92574815,0.354576879,0.880702338,81.5,163.3
Sft2d3,72.53090986,-0.466839396,0.504361498,-0.925604744,0.354651427,0.880702338,49.2,140.6
Tulp4,142.1652246,0.373228499,0.402918759,0.926312044,0.354283838,0.880702338,113,215.6
Gps1,33.18337331,0.876468546,0.947581812,0.924952902,0.354990407,0.880823086,25.2,40.2
Ap3d1,342.8396909,-0.172336556,0.186660163,-0.923263716,0.355869792,0.881183927,244.1,641.5
Atf5,31.11926706,0.557153816,0.603333946,0.923458426,0.355768356,0.881183927,33.1,45.2
Cish,323.1098875,-0.257820314,0.279073866,-0.923842557,0.355568294,0.881183927,249.1,625.1
Cnpy4,52.11268749,0.729706919,0.790156313,0.923496916,0.355748307,0.881183927,40.2,72.1
Col27a1,38.63351683,-0.989830699,1.072276628,-0.923111325,0.355949194,0.881183927,31.1,93
Gm26580,37.31733858,0.686676268,0.743303459,0.923816862,0.355581675,0.881183927,38,51.3
Gm43313,15.50022995,-1.477281283,1.600445877,-0.923043574,0.355984498,0.881183927,7.8,42.3
Gm48904,95.51440814,-0.580523987,0.628394504,-0.923820917,0.355579563,0.881183927,69.5,197.8
Gm5141,23.39559623,1.213257436,1.314610452,0.922902624,0.356057953,0.881183927,16.7,21.5
Lin37,69.73686361,0.412389868,0.446414143,0.923783162,0.355599224,0.881183927,68.4,108.1
Myo5a,169.4275028,0.329104226,0.356599549,0.9228958,0.356061509,0.881183927,141.8,258
Terf1,197.2583985,-0.250762343,0.271362695,-0.924085543,0.35544178,0.881183927,141,375.6
Tmc6,266.4345785,0.25197081,0.27285749,0.923452055,0.355771675,0.881183927,223.3,434.5
Ubtf,572.6798899,0.172929217,0.187383048,0.922864789,0.356077672,0.881183927,424.5,954.8
Urod,95.27485507,0.396949923,0.429732513,0.923713963,0.35563526,0.881183927,68.7,150.1
Degs1,278.3911341,-0.323477043,0.350605277,-0.922624568,0.356202888,0.881338387,229.4,553.8
Gm33460,8.092474955,-1.734085592,1.880522466,-0.922129686,0.356460934,0.881764221,5.6,23.6
Gpr174,347.8074205,0.228235625,0.247529691,0.922053529,0.356500655,0.881764221,238.7,574.3
Foxj3,81.45634978,0.427992128,0.464498466,0.921406978,0.356837987,0.88244305,70.4,121.8
Gm49886,10.20522044,1.504402449,1.632993928,0.92125416,0.356917748,0.88248479,10.3,11.6
Arpc1a,251.6944164,-0.350190016,0.380590472,-0.920122918,0.357508529,0.882642597,165.4,504.1
Atg4b,115.6466085,0.521310414,0.566506055,0.920220374,0.35745761,0.882642597,98.4,181.9
Ccdc191,47.35783497,0.597300588,0.648992183,0.920350975,0.357389379,0.882642597,45.7,65.5
Ggt1,21.72502052,1.119014956,1.215764544,0.920420785,0.357352911,0.882642597,11.5,22.6
Gm11353,2.708523745,1.247927769,1.356727202,0.919807436,0.357673397,0.882642597,5.4,2.8
Gm42559,37.50660275,0.94155812,1.023193753,0.920214883,0.357460478,0.882642597,40.2,52.8
Gm48562,39.26595169,1.015972797,1.103892004,0.920355246,0.357387148,0.882642597,22.1,46.5
Nudt22,46.51123886,0.54979971,0.59768725,0.919878598,0.357636204,0.882642597,39,70.6
Ppp2r3d,79.15721748,-0.607420633,0.660280604,-0.919943171,0.357602457,0.882642597,56.8,169.9
Smc2,494.0900324,0.16148772,0.175342782,0.920982992,0.357059307,0.882642597,401,837.2
Zfp553,45.34519118,-0.603931642,0.656002778,-0.920623605,0.357246974,0.882642597,30.9,94.6
Apod,14.4587998,1.428413697,1.556330334,0.917808813,0.358718967,0.882709128,27.4,13.4
Cdnf,2.457798071,-2.467299508,2.683135442,-0.919558316,0.357803618,0.882709128,1,7.3
Cebpb,365.6119894,-0.302103226,0.328576455,-0.919430537,0.357870423,0.882709128,295.9,694.8
Cop1,189.4547439,0.306958125,0.334232792,0.918396199,0.35841148,0.882709128,172.6,315
Gm26982,98.67642529,0.504254687,0.549313864,0.917971891,0.358633582,0.882709128,91.6,150.9
Gm37470,59.33202568,0.797652101,0.86788917,0.919071385,0.358058235,0.882709128,45.7,78.3
Gm4342,6.451535477,-0.767236425,0.835586527,-0.918201048,0.35851362,0.882709128,15.4,14.4
Gm47797,12.21872323,-1.519956449,1.653824142,-0.919055666,0.358066456,0.882709128,5.8,36.9
Gm49751,23.48192585,0.829935931,0.903894693,0.918177679,0.358525853,0.882709128,24.4,31.1
Gtf2h3,52.2675141,0.733169107,0.79877377,0.917868281,0.35868783,0.882709128,49.8,63.4
Inf2,54.60099424,0.613967371,0.669019602,0.91771208,0.358769621,0.882709128,57.5,76.8
Lcor,229.2642583,0.290681693,0.316302803,0.918998159,0.358096535,0.882709128,180.7,366.2
Rnf34,112.2407085,0.539683708,0.587983528,0.917855149,0.358694705,0.882709128,92.1,158.5
Slc43a3,81.96612605,-0.495882071,0.540016985,-0.918271248,0.358476876,0.882709128,70.4,170
Snx11,27.9186809,0.719785448,0.783984413,0.918111936,0.358560267,0.882709128,24.8,35
Tex264,147.2755063,-0.463753747,0.505097503,-0.918146979,0.358541922,0.882709128,110,303.4
Tnfrsf13c,5.255310056,-1.476444417,1.607970697,-0.918203559,0.358512306,0.882709128,2.9,17.2
Rbfox2,2.842547077,1.962687393,2.139039078,0.917555651,0.358851545,0.882755931,19.1,2.1
Gm13684,18.80241788,1.185535036,1.292520229,0.917227452,0.359023464,0.88282371,14.8,19.4
Nsl1,25.34973979,-0.930132137,1.014108819,-0.917191646,0.359042224,0.88282371,17.2,62.5
Zc3h12c,45.22930215,0.76704902,0.836346336,0.917142799,0.359067816,0.88282371,45.2,57.8
Gm37212,44.08803286,0.717643237,0.782583212,0.917018441,0.359132977,0.882829252,48.5,57.8
Mfsd14b,167.9574813,0.287261353,0.31334529,0.916756568,0.359270216,0.88283424,130,272.4
Serpinb9,804.868987,0.206397026,0.225163386,0.916654479,0.359323727,0.88283424,654.9,1342.7
Sf3b5,357.426673,0.227544051,0.248209051,0.916743568,0.35927703,0.88283424,277.7,581.7
Basp1,101.7275349,0.7093843,0.774140046,0.916351381,0.359482627,0.883041207,99.5,118.3
Cep85l,83.61343262,0.518885384,0.566311866,0.916253773,0.359533807,0.883041207,77.6,125.3
Akirin2,195.0252698,0.275256277,0.300559198,0.915813853,0.359764536,0.88341253,152.1,333
Ifngr2,60.62143307,0.645297387,0.704684308,0.915725495,0.359810889,0.88341253,81.4,79
Arhgef1,1713.349005,-0.137000352,0.149655574,-0.915437685,0.359961903,0.883474176,1240.8,3178.4
Oas1a,73.7911637,-0.610285539,0.66660739,-0.91550971,0.359924107,0.883474176,58.5,157.8
Tarbp1,10.87196718,-1.040079438,1.136335023,-0.915292953,0.360037858,0.883506084,8,29.9
1810014B01Rik,24.73360669,-0.990746438,1.082865873,-0.914929967,0.360228397,0.883819112,12.4,56.9
Gm38384,42.25085632,0.988849624,1.081287092,0.914511632,0.360448068,0.884048968,30,49.2
Mtrex,190.2761739,-0.365678195,0.399839991,-0.914561331,0.360421967,0.884048968,122.8,381.1
9530082P21Rik,8.451826742,-1.459472865,1.597012263,-0.913877055,0.360781451,0.884208009,4.7,21.9
Acsl3,2.856689883,1.693196338,1.852342323,0.914083924,0.360672749,0.884208009,12.7,9.1
Hibadh,136.1458118,0.406393533,0.444654054,0.913954409,0.360740802,0.884208009,109.8,211.3
Ppat,107.3493616,-0.460213031,0.503562178,-0.913915006,0.360761508,0.884208009,65.2,220.6
Rbm7,131.1967388,0.290474579,0.317879408,0.913788602,0.360827937,0.884208009,105.2,207.9
Amigo3,2.41336326,-2.197660862,2.40646829,-0.913230758,0.36112119,0.884244714,0.8,8
Gla,24.76794497,-0.741412413,0.811500548,-0.913631438,0.360910541,0.884244714,14.9,52.5
Pxmp2,12.21639136,1.282803363,1.404677744,0.913236769,0.36111803,0.884244714,8.7,13.7
Tomm5,75.58969758,-0.570700709,0.624966402,-0.913170224,0.361153021,0.884244714,63.1,151.3
Xrcc2,18.16798188,-1.025658684,1.123196079,-0.913160848,0.361157952,0.884244714,13,44.1
Agps,157.7493311,-0.35820863,0.392375672,-0.912922628,0.361283236,0.884397162,117.7,314
Pnrc1,1370.887652,0.141710364,0.15532224,0.912363638,0.361577325,0.884962709,1049.9,2380.7
Fam43a,3.750066608,1.780874784,1.952330545,0.912178928,0.361674535,0.88504628,11.7,2.9
Dcaf5,263.206098,-0.228604426,0.25064762,-0.912055042,0.361739744,0.885051527,183.8,514.9
Gtf3c4,45.75933569,0.652233306,0.715398649,0.911706092,0.361923456,0.88531155,38.7,63.2
N6amt1,80.71290863,-0.551711969,0.605362865,-0.911373989,0.362098354,0.88531155,67.8,158.9
Rnf19b,280.9407366,0.206524579,0.226564576,0.911548409,0.362006491,0.88531155,268.3,474.9
Traf2,133.4163579,-0.307594626,0.337480573,-0.911443949,0.362061506,0.88531155,93.5,254.5
Taf7,143.5671188,0.35451847,0.389079819,0.91117157,0.362204981,0.885417994,138.6,228.6
Rpl36-ps2,13.00327022,-0.551603601,0.60561988,-0.910808279,0.3623964,0.885577411,9.2,26.7
Trmu,25.65670841,-0.74765376,0.820778751,-0.910907792,0.36234396,0.885577411,19.2,57.7
Abcc5,89.09584259,0.334683647,0.367537974,0.910609708,0.362501054,0.885626951,75,142
Cers6,126.6608137,-0.383836213,0.421632527,-0.910357215,0.362634154,0.885626951,85.1,249.1
Gm37447,21.06973151,-1.366317566,1.501165368,-0.910171254,0.362732201,0.885626951,8.1,59.1
Neurl4,54.22263161,-0.558642549,0.613715611,-0.910262895,0.362683882,0.885626951,41.5,120.8
Tnik,449.9142689,0.24414092,0.268164129,0.910416024,0.36260315,0.885626951,332.1,730.1
Rfx5,41.25199067,0.693262012,0.761797206,0.910034858,0.362804127,0.88564848,30.3,55.5
Sipa1l1,537.0963193,-0.139176458,0.152972614,-0.909812903,0.362921188,0.885780167,359.3,1002.8
Ptges3,192.8371894,0.222811309,0.2449333,0.909681572,0.362990465,0.885795199,178.9,325.2
Ddias,29.13342354,0.875219238,0.962424857,0.909389685,0.363144465,0.886016936,21,35.2
Cux1,239.5392978,0.249755685,0.274813085,0.908820206,0.363445039,0.886250053,233.2,366.2
Hdac2,141.3888204,0.419999453,0.462319367,0.908461732,0.363634323,0.886250053,123.9,218.7
Kpna2,10.51449537,1.727603642,1.901869382,0.908371341,0.363682062,0.886250053,13.4,9.9
Micu2,206.5932862,-0.290217398,0.319487307,-0.908384754,0.363674978,0.886250053,159.5,399.9
Nol10,158.0676388,0.251542594,0.276876196,0.908502058,0.363613027,0.886250053,117,250.5
Nxpe3,126.2652877,-0.305154624,0.3356923,-0.909030751,0.363333894,0.886250053,89.6,244.7
Sgk3,31.77838607,0.887448269,0.976768276,0.908555582,0.363584762,0.886250053,26.1,39
Vmp1,809.6337983,-0.144540684,0.159142088,-0.908249259,0.363746544,0.886253299,610.3,1536.2
Tbc1d9b,148.016086,0.508833427,0.560354535,0.90805623,0.363848514,0.886347865,122.5,222.1
Spindoc,74.89378376,-0.426006164,0.469221158,-0.907900585,0.363930749,0.88639433,46.9,143.3
Gm19261,18.81775769,-1.059492291,1.167704682,-0.907328974,0.364232857,0.886514726,10.9,51.8
Gm37726,10.4525519,1.604817188,1.768595578,0.907396359,0.364197234,0.886514726,15.7,10.5
Parg,140.7672676,0.343821338,0.378841094,0.90756083,0.364110297,0.886514726,104.7,224.6
Trbv12-2,21.19432636,1.142017893,1.258424505,0.907498136,0.364143435,0.886514726,15.7,22.3
Ankrd17,989.5610719,0.153197081,0.168960746,0.906702204,0.364564297,0.886588223,788.2,1671.7
BC055324,7.628346018,1.972792619,2.176358429,0.906464943,0.364689813,0.886588223,6.2,10.7
Dpm1,73.24509528,0.457554386,0.505249864,0.905600217,0.365147494,0.886588223,60.4,113
Gm11221,2.006043524,1.867192184,2.061800423,0.905612475,0.365141003,0.886588223,3.1,1.5
Gm26732,145.6753025,0.419692671,0.463055083,0.906355823,0.364747547,0.886588223,139.2,223
Gm3791,4.106740519,-1.898949629,2.094363357,-0.906695404,0.364567895,0.886588223,1.1,13.7
Gm45053,25.73377907,1.131134275,1.248226807,0.906192904,0.364833758,0.886588223,25.4,28.2
Lyar,197.038739,-0.304689896,0.336218352,-0.90622625,0.364816112,0.886588223,170.3,385.8
Rest,320.1925809,0.264257459,0.291761315,0.905731657,0.365077902,0.886588223,283,510.3
Rps11-ps2,8.766268152,-0.686437898,0.757836581,-0.905786176,0.36504904,0.886588223,9.5,21.1
Smagp,4.460530501,-1.835781769,2.026606408,-0.905840306,0.365020384,0.886588223,2.9,11.1
Smarcc2,408.067354,-0.129722411,0.143009002,-0.907092624,0.364357818,0.886588223,308,761.6
Smyd2,16.0008668,1.525332358,1.683955666,0.905803157,0.36504005,0.886588223,13,13.5
Taok3,634.1573933,0.238121976,0.262699654,0.90644191,0.364701998,0.886588223,551.4,1042.6
Cyb5r1,21.25844758,0.531171803,0.586895473,0.905053502,0.365437044,0.887083206,19.1,31.4
Gatm,139.2335432,0.686443525,0.758620743,0.904857311,0.365540985,0.887083206,205.8,171.6
Kcnmb1,2.070750575,-2.671686184,2.952397633,-0.904920853,0.365507319,0.887083206,0.4,6.4
A130012E19Rik,71.19987021,0.525590456,0.581257876,0.904229392,0.365873778,0.887123808,66.6,98.1
Ccdc34,88.19863338,-0.557966503,0.616833439,-0.904565913,0.365695401,0.887123808,63.8,190.8
Fabp5,35.2221602,0.877306283,0.970000229,0.904439254,0.365762532,0.887123808,38.1,45.2
Nit1,74.94421018,-0.391932005,0.433420195,-0.904277211,0.365848427,0.887123808,49.9,146.3
Tmem120a,88.96167561,-0.367388102,0.406174406,-0.904508251,0.365725961,0.887123808,65.8,170
7330423F06Rik,75.54997638,-0.64675023,0.715576733,-0.90381674,0.366092584,0.887253805,40.4,155.8
Asb6,78.32587062,-0.406673107,0.450018314,-0.903681239,0.36616445,0.887253805,53.6,165.1
Fam162a,280.0786031,0.208384774,0.230603057,0.903651396,0.366180279,0.887253805,240.9,451.5
Sf3a1,207.2273472,-0.243790148,0.269678386,-0.904003288,0.365993658,0.887253805,157.3,395.4
Gm48314,27.01331135,1.116936612,1.236278203,0.903467043,0.366278072,0.887337556,20.5,26.8
1700048O20Rik,4.856021865,1.732441235,1.921124469,0.901785003,0.367171088,0.887560531,6.7,3.9
BC003965,71.44752217,-0.566418462,0.628098013,-0.901799481,0.367163396,0.887560531,56.9,149.4
C230053D17Rik,12.62418673,1.38665057,1.538350217,0.901388094,0.36738201,0.887560531,15.3,11.8
Gm15787,9.70297197,-1.562572777,1.731272098,-0.902557593,0.366760742,0.887560531,8.4,25.9
Gm30262,2.329272435,-2.662560818,2.949733974,-0.902644388,0.36671466,0.887560531,0.5,8
Gm38043,15.46193,0.987101908,1.094832793,0.901600604,0.36726907,0.887560531,13.6,16.7
Gm43203,53.20602712,0.559571334,0.619647379,0.903048012,0.366500414,0.887560531,44.9,77
Gzmm,29.24076259,0.890822521,0.98779134,0.90183269,0.367145751,0.887560531,26.5,35.7
Hcn2,4.549430268,-2.179280739,2.417637814,-0.901409106,0.367370842,0.887560531,2.8,12.8
Myl4,9.65023767,1.744433526,1.934774135,0.901621277,0.367258085,0.887560531,12.5,9.8
Nt5dc3,51.14875872,-0.667314017,0.739928959,-0.901862278,0.367130032,0.887560531,45.9,106.7
Rbmx,153.5061103,-0.330490215,0.366390117,-0.902017277,0.36704769,0.887560531,90.3,306.5
Ret,33.60801327,-0.726014145,0.805022907,-0.901855262,0.367133759,0.887560531,18.6,77.9
Senp5,147.2671247,-0.256182606,0.283980311,-0.902113971,0.366996328,0.887560531,110.7,290.1
Zbtb25,119.6253046,-0.315984217,0.35036491,-0.901871758,0.367124995,0.887560531,94.6,235.4
Zbtb46,53.64935791,-0.620293648,0.687876048,-0.901752067,0.367188588,0.887560531,30.9,115.1
Gm42435,25.89074549,1.451783768,1.610922599,0.901212615,0.367475285,0.887633072,26.7,24.2
Golt1b,146.5870025,-0.458625414,0.509197391,-0.900682961,0.36775691,0.887702181,95.4,297.1
Gtf2h1,166.268623,-0.452357391,0.50219498,-0.900760479,0.367715684,0.887702181,111.4,346.8
Snapc2,23.13918503,-0.853546432,0.947305372,-0.901025642,0.367574686,0.887702181,22.4,56.8
Tmem138,36.11483696,0.628001804,0.69724937,0.900684649,0.367756013,0.887702181,36.5,51.1
Gm26816,48.91521928,0.75077278,0.833887328,0.900328803,0.367945297,0.887851497,43,62.6
Rc3h1,334.4195828,0.234163459,0.2600812,0.900347503,0.367935349,0.887851497,246,552.3
0610038B21Rik,9.560844096,2.063215258,2.295929833,0.89864038,0.368844243,0.888142433,9.1,6.1
Dhrs13,11.33736073,-1.280614238,1.425129423,-0.898595045,0.368868399,0.888142433,8.1,28.6
Gm24951,7.566609668,0.86923121,0.967746931,0.898200947,0.369078429,0.888142433,11.5,8.7
Hnrnpc,801.7668283,0.147064911,0.163457516,0.899713358,0.368272813,0.888142433,624.8,1331.3
Mrps2,41.51634124,-0.694369644,0.773013148,-0.898263692,0.369044985,0.888142433,29.3,92
Msr1,49.0527138,0.996229522,1.107724323,0.89934788,0.368467392,0.888142433,68.5,54.3
Nus1,233.9055972,0.209914659,0.233459759,0.899147075,0.368574327,0.888142433,197.9,380.3
Oas1b,72.3816121,-0.377220466,0.419810121,-0.898550195,0.368892297,0.888142433,57.6,140.7
Psma6,455.4938408,0.167443479,0.186177357,0.899376176,0.368452324,0.888142433,394.3,758.1
Ric1,201.9413293,0.3187355,0.354545789,0.898996716,0.36865441,0.888142433,151.1,312.6
Sidt2,353.5664799,-0.178286567,0.198437541,-0.898451804,0.368944729,0.888142433,252.3,676.9
Simc1,82.24202044,0.601845356,0.669969263,0.898317862,0.369016112,0.888142433,64.2,112.4
Ska2,48.00275662,-0.680818683,0.757967797,-0.898215843,0.369070489,0.888142433,28.8,108.2
Sytl3,211.7892665,-0.289860276,0.322350212,-0.899209199,0.368541241,0.888142433,129.4,409.4
Ugcg,1402.0664,0.115124804,0.128169025,0.898226414,0.369064854,0.888142433,1104.7,2381.1
Vps9d1,60.42808919,-0.618305515,0.687728083,-0.89905521,0.368623254,0.888142433,44.6,131.5
Klhl8,12.85271795,1.394374031,1.552905274,0.897913127,0.369231866,0.888359335,11.6,11.9
Bgn,20.61311742,1.383955673,1.542028288,0.897490457,0.369457263,0.888464637,40.3,16.4
Upf3b,352.1875724,0.215478037,0.240034045,0.897697811,0.369346677,0.888464637,283,581.8
Zc3h6,53.42635884,0.605424847,0.674586934,0.897474909,0.369465556,0.888464637,49.5,79.1
Cox20,60.11746444,-0.673664987,0.750911732,-0.897129394,0.369649876,0.888635915,40.7,124.7
Mapk1,541.2649157,-0.154142061,0.171844572,-0.896985334,0.369726743,0.888635915,356.7,999.9
Mtss1,74.51166573,-0.452466842,0.504401535,-0.897037005,0.369699171,0.888635915,52.2,158.9
App,193.5528013,0.525499458,0.586887442,0.895400753,0.370572898,0.888687883,233.2,262.6
Atad3a,44.32821133,-0.601149487,0.670963169,-0.895950053,0.37027944,0.888687883,39.6,94.2
Atpif1,259.7738373,0.36191759,0.40394832,0.895950229,0.370279346,0.888687883,215.3,393.2
Bbs4,21.64333446,1.046734392,1.169318428,0.89516625,0.370698223,0.888687883,28,28.4
Ccng2,177.1115991,-0.327362946,0.365346099,-0.896035151,0.37023399,0.888687883,112.3,356.3
Cdca5,30.02485347,-0.652341364,0.727575502,-0.89659611,0.369934475,0.888687883,26,67.4
Fam136a,51.22887029,-0.709911024,0.7918443,-0.896528552,0.369970538,0.888687883,44.4,114.7
Gm15417,4.849632752,-1.640739372,1.830901081,-0.896137639,0.370179257,0.888687883,8.9,13.4
Gm43011,25.09890662,1.145028961,1.278432,0.895651048,0.370439162,0.888687883,23.3,30.8
Gm49208,14.3281966,2.591408608,2.893185512,0.895693898,0.37041627,0.888687883,11.8,10.1
Rffl,16.80963753,1.087298179,1.21455353,0.895224585,0.370667045,0.888687883,22.1,21.1
Slc3a2,1352.57786,-0.131936501,0.147225609,-0.896151845,0.370171671,0.888687883,980.2,2521.8
Tbc1d19,12.13523055,1.487339781,1.658800956,0.896635473,0.369913463,0.888687883,19.1,9.8
Tent5c,240.8851599,-0.354254912,0.395642052,-0.895392464,0.370577328,0.888687883,142.9,474.3
Thy1,5653.923008,-0.076344963,0.085260767,-0.895428994,0.370557807,0.888687883,4299.6,10221.3
Commd6,117.1191067,-0.367045271,0.41024787,-0.894691472,0.370952038,0.888992641,77.3,228.4
Dip2c,10.43984001,1.283199473,1.434198314,0.894715508,0.370939187,0.888992641,15.8,11.7
Gmds,66.47041333,-0.589486814,0.659390771,-0.893987056,0.371328817,0.889743659,38.3,131.7
Qtrt2,24.07841602,0.919566548,1.028758325,0.893860615,0.371396473,0.889753858,30,29.2
Arhgap39,111.5885714,-0.462783634,0.517855239,-0.893654441,0.371506808,0.889859628,73.9,229.2
Gm36975,16.57805974,1.143201412,1.279405423,0.893541165,0.371567438,0.889859628,12.9,21.9
E130215H24Rik,9.95273141,1.91022476,2.138392935,0.893299229,0.371696951,0.890017916,7.8,6.2
Gm29243,103.4669579,-0.428138614,0.479524243,-0.892840395,0.371942651,0.890302432,64.1,214.2
Tyro3,17.39433973,0.79328482,0.8884737,0.892862468,0.371930829,0.890302432,18.6,21.6
A930005N03Rik,2.191610334,2.620572332,2.935990333,0.892568447,0.372088323,0.890499236,7.6,1.1
Col9a3,4.779384679,-2.167349879,2.430125108,-0.891867613,0.372463896,0.890513398,0.9,12.6
Gm12961,2.698846161,-1.436641814,1.611024071,-0.891756889,0.372523253,0.890513398,1,7
Ipo5,156.5332308,0.272878384,0.305962254,0.891869439,0.372462917,0.890513398,140.6,253.9
Lias,149.8482938,-0.269117671,0.301793248,-0.891728603,0.372538418,0.890513398,106.7,291.4
Mef2c,50.99561493,0.708451046,0.793872351,0.892399194,0.372179003,0.890513398,55.5,68.1
Rif1,648.2343906,0.173442648,0.194476434,0.891844034,0.372476536,0.890513398,467.1,1091.6
Ube4a,78.93146361,0.354391025,0.397318884,0.891956157,0.372416433,0.890513398,73.6,125.1
Atp2a2,477.2216305,0.143993304,0.16157069,0.891209315,0.372816888,0.890572291,377.3,804.1
Gm49971,25.75062577,1.094972976,1.228553733,0.891269911,0.372784387,0.890572291,21.8,30.4
Smug1,41.77795913,-0.735057655,0.824463612,-0.891558639,0.372629548,0.890572291,22.2,99.4
Usp7,724.7858529,0.17759165,0.199228078,0.891398702,0.372715314,0.890572291,547.7,1223
Ube2n,32.03936478,0.670831089,0.752869379,0.891032506,0.372911732,0.890647251,24.9,43.3
Dcaf1,173.2130219,-0.275010662,0.308726424,-0.89079081,0.373041406,0.890805359,115.1,337.8
Gm6136,21.96169911,1.126492845,1.264995087,0.890511637,0.373191223,0.890859946,16.2,26.7
Gnl3,256.6252786,0.286931951,0.322198253,0.890544714,0.37317347,0.890859946,238.1,401.4
Cst7,678.7513698,-0.148354491,0.166617162,-0.890391416,0.37325575,0.890862448,466.6,1245.2
Atp5mpl,696.6426571,0.16879819,0.189677209,0.889923418,0.373507009,0.891310552,635.3,1164.6
Dock1,8.937851891,1.887271742,2.123181763,0.888888448,0.374063035,0.891576194,16.6,6.1
Gm27206,54.57193035,0.473135884,0.532093215,0.889197364,0.373897019,0.891576194,51.7,82.8
Gm28192,3.102643172,2.346100523,2.639302767,0.888909204,0.374051878,0.891576194,11.3,12.8
Gucy1a1,4.172796145,2.032143381,2.286073124,0.888923176,0.374044369,0.891576194,6.6,2.9
Hmga2,16.05484285,1.205332087,1.355149689,0.889445717,0.373763584,0.891576194,29.9,16.6
Mtfr1l,231.0472259,-0.28522758,0.320637907,-0.889562881,0.373700645,0.891576194,168.5,436.8
Mxra7,7.779655204,1.735625297,1.951543065,0.88936049,0.373809372,0.891576194,15.6,6.2
Cep19,46.27676251,0.768354351,0.865014275,0.888256267,0.374402918,0.891590386,53,61.1
Chmp2a,296.224424,-0.197630635,0.222393761,-0.888651884,0.374190198,0.891590386,213.9,563.4
Elovl7,2.751213951,2.126540277,2.39388788,0.88832075,0.374368241,0.891590386,14.9,6.6
Mfap1a,154.6631883,-0.345484425,0.38902274,-0.888082855,0.374496184,0.891590386,124.3,320.9
Nr1d2,66.42691227,0.584574799,0.658132292,0.888232968,0.374415449,0.891590386,47.6,84.4
Pnpla8,136.5541148,0.349594277,0.393715259,0.887936824,0.374574735,0.891590386,93.8,215.3
Pum3,148.0649393,-0.340881055,0.383772926,-0.888236329,0.374413641,0.891590386,103.1,300.7
Qtrt1,61.46779495,0.523312526,0.589360921,0.887932177,0.374577235,0.891590386,72.6,88.8
Tbc1d25,33.62368109,0.708676897,0.798325353,0.88770436,0.3746998,0.891730879,40.2,47.8
Rusc1,164.1145031,-0.325898641,0.367229281,-0.887452767,0.374835185,0.891901829,126.1,322.2
4930518I15Rik,42.16596254,-0.740825332,0.83514141,-0.887065739,0.375043508,0.892083255,25.1,90.5
AI467606,277.9942902,-0.210500946,0.237329409,-0.886956855,0.37510213,0.892083255,198.4,516.8
Gm13868,43.6678969,-0.646358864,0.728683773,-0.887022448,0.375066815,0.892083255,33.7,98
Fam168a,252.7326106,0.395459117,0.445971755,0.886735792,0.375221164,0.892154281,217.8,379.5
Gm6867,2.440234238,1.306702335,1.473901159,0.886560355,0.375315646,0.892154281,1.5,2.2
Nqo2,35.83020122,-0.722386217,0.814939534,-0.886429222,0.375386278,0.892154281,32,79
Tm6sf1,227.4476679,0.340285656,0.383838279,0.886533926,0.375329881,0.892154281,189,360.5
10-Sep,11.73010659,-1.266814735,1.430181571,-0.885771961,0.375740422,0.89239145,8.8,30
Gm37558,94.54409176,0.51619335,0.582754727,0.885781489,0.375735287,0.89239145,66.4,137.3
Oaf,9.843646693,1.539909884,1.738396097,0.885822216,0.375713336,0.89239145,18.3,10
Pxdn,21.37203851,1.263005567,1.425597551,0.885948188,0.375645448,0.89239145,39,23.5
Gm13532,3.676595524,-1.344746054,1.518600544,-0.885516642,0.375878048,0.892534214,2,9.3
Gm17494,2.541936794,-2.169555875,2.450409439,-0.885385046,0.375948995,0.892534214,0.4,7.2
Nmt1,297.5724275,-0.26291633,0.296977735,-0.885306535,0.375991326,0.892534214,255.6,556.3
Gadd45a,28.52775812,-1.009704813,1.140812722,-0.885074993,0.376116186,0.892679612,14.6,61.3
4933423P22Rik,78.09474639,-0.608509971,0.689655547,-0.882338978,0.377593524,0.893343352,54,171.9
Akr1c13,43.72042976,0.761218347,0.864132032,0.880905138,0.378369166,0.893343352,51.1,56.3
Anln,47.91218997,-0.541115509,0.612805197,-0.883013903,0.37722876,0.893343352,28.5,98.3
Ap1m1,174.0622301,-0.236066668,0.267685445,-0.881880852,0.377841243,0.893343352,111.4,339.6
Atxn7l1,242.4316062,-0.200120044,0.226667598,-0.882878922,0.377301693,0.893343352,163.9,468.1
Coa7,43.69771471,0.742012601,0.840056999,0.883288398,0.377080471,0.893343352,35.1,57.2
Cops2,151.8842031,-0.287961484,0.326699865,-0.88142517,0.378087739,0.893343352,132,297.4
Dipk2a,75.64342261,0.439567237,0.497452226,0.883637089,0.376892151,0.893343352,62.6,115.7
Echdc2,13.24923245,-0.901611949,1.022697499,-0.881601793,0.377992185,0.893343352,10.7,31.4
Gm4705,8.138334787,1.279978113,1.452886407,0.880989806,0.378323338,0.893343352,10.9,8.2
Gm47664,128.394052,0.339837794,0.3848746,0.882983168,0.377245366,0.893343352,92.9,201.8
Gm49797,94.08993527,0.442150189,0.50186398,0.881015984,0.378309168,0.893343352,84.3,140.7
Gm7986,5.505431282,-0.934495541,1.057210768,-0.883925485,0.376736439,0.893343352,2.4,13.7
Got2,86.64081034,-0.433339518,0.491275473,-0.882070329,0.377738776,0.893343352,72.8,185.2
Gripap1,221.8595184,0.372830132,0.42284355,0.881721224,0.377927581,0.893343352,162.9,347.1
Gstt1,18.69341378,-1.171357382,1.327418054,-0.882432914,0.377542743,0.893343352,5.7,45.3
Hbb-bs,26.04173397,1.337236891,1.514296575,0.883074633,0.377195949,0.893343352,40.8,23.7
Kbtbd7,19.9088435,-1.127756185,1.278502371,-0.882091587,0.377727281,0.893343352,10.3,53.4
Melk,23.62594322,-1.041011799,1.181341884,-0.881211284,0.378203473,0.893343352,14,58.6
Mgst2,217.0835533,0.324350953,0.366800326,0.884271168,0.376549848,0.893343352,157.7,356
Park7,352.8438104,-0.179476669,0.203284346,-0.882884849,0.377298491,0.893343352,256.1,660.7
Pcgf5,340.2741856,0.299170769,0.338830844,0.882950224,0.377263166,0.893343352,271,534.6
Pianp,11.44915986,-1.111804427,1.258959413,-0.883113796,0.377174791,0.893343352,7.4,25.3
Prr11,35.34218454,0.839956054,0.952368446,0.881965438,0.377795498,0.893343352,21.5,52.2
Rab7b,31.55641852,1.123012266,1.271255499,0.883388325,0.377026497,0.893343352,55,30.3
Sertad1,218.3329325,0.390049871,0.442694834,0.881080692,0.378274147,0.893343352,136.9,344.1
Spty2d1,250.6102822,0.296267117,0.336168538,0.88130531,0.378152593,0.893343352,209.5,400.4
Tigd2,168.4984429,0.329714442,0.374107173,0.881336863,0.37813552,0.893343352,159.3,274.2
Vamp3,221.0529595,0.292887455,0.332473397,0.880935011,0.378352996,0.893343352,167,352
Zfp467,14.59235638,1.28952077,1.459751488,0.883383768,0.377028958,0.893343352,11.6,14.5
Zscan22,19.90665093,0.895530669,1.015225135,0.882100569,0.377722424,0.893343352,20.2,23.3
Bdh2,4.039362709,2.035752214,2.311906018,0.880551458,0.378560642,0.893494795,4.8,8.4
Mrps30,123.0359118,-0.310792002,0.352925833,-0.880615623,0.3785259,0.893494795,92.7,247.1
Neu3,5.509994583,-1.443744667,1.639856282,-0.880409267,0.378637638,0.893526251,4.1,13.6
Atp1a1,224.3742815,-0.19578511,0.222943749,-0.878181655,0.379845146,0.893670877,159,431.2
Cybb,196.7257777,0.460730738,0.523875759,0.879465657,0.379148846,0.893670877,234.7,267.7
Fndc3b,51.07869736,0.683144729,0.777047218,0.87915472,0.379317392,0.893670877,62.8,71.4
Foxj2,192.9872475,-0.372139219,0.422905939,-0.879957421,0.378882376,0.893670877,132.7,402.8
Gm10054,5.938287656,0.941452859,1.069977824,0.87988072,0.37892393,0.893670877,8.3,7.5
Gm37716,10.38237265,1.839543421,2.093808627,0.878563302,0.379638101,0.893670877,11,8.4
Gyg,86.84623437,0.508390742,0.578425302,0.878922033,0.379443552,0.893670877,99.1,124.1
Hnrnph2,43.73833828,0.658526785,0.749826148,0.878239292,0.379813873,0.893670877,37.2,59.8
Kctd18,114.5582374,0.297582832,0.338752962,0.878465624,0.379691085,0.893670877,82.9,183.4
Mrpl52,457.7001179,-0.144678069,0.164646077,-0.878721624,0.379552231,0.893670877,340.6,838.2
Nfe2l2,225.0659019,0.299119098,0.339904694,0.88000873,0.37885458,0.893670877,219.5,352
Orc6,156.3653674,-0.344979733,0.392593357,-0.87872025,0.379552976,0.893670877,102.4,307.2
Rdh13,14.84910311,0.823022296,0.937140315,0.878227394,0.379820329,0.893670877,15.4,20.4
Rnf38,195.6340999,0.204976402,0.233083832,0.87941064,0.379178665,0.893670877,170.3,318.5
Rps3a2,5.270436858,1.415302724,1.610702717,0.878686495,0.379571283,0.893670877,9.4,4.9
Sap30,71.32696312,0.451638768,0.51382794,0.878968877,0.379418151,0.893670877,72.5,102.8
Sirt7,350.4821129,-0.267693477,0.304661121,-0.878659789,0.379585767,0.893670877,277.2,667.4
St3gal2,36.84446372,0.819009082,0.931579979,0.879161318,0.379313815,0.893670877,41,44.4
Grb10,9.242679578,1.871796143,2.132026715,0.877942162,0.379975107,0.893826794,21.4,9.4
Olfr173,7.008731157,1.044286745,1.189671103,0.877794495,0.380055252,0.893865496,7.8,9.2
Gm15982,1.963383931,-2.589265603,2.952717922,-0.876909231,0.380535942,0.894396484,0.4,7.1
Ppp1r15b,477.057217,0.281746996,0.321284472,0.87693935,0.380519581,0.894396484,380.8,763.8
Rpp30,53.43046734,-0.530249765,0.604519537,-0.877142479,0.380409255,0.894396484,44.2,112.9
Tmem192,149.0707622,-0.356728656,0.406765679,-0.876988091,0.380493106,0.894396484,99.4,296.6
4933417C20Rik,9.71050937,1.719923513,1.96363125,0.875889255,0.381090241,0.894676708,10,6.4
B4galt1,537.8212982,0.140923982,0.160813567,0.876318987,0.380856646,0.894676708,419.8,908.9
Bak1,50.61584791,-0.491984738,0.561467007,-0.876248705,0.380894844,0.894676708,37.5,105.3
Bend5,14.26058199,-1.191634407,1.361610539,-0.875165382,0.381483926,0.894676708,10.9,34.4
Gm28417,14.18054594,1.203187695,1.373586557,0.875946033,0.381059373,0.894676708,14.4,14.4
Gm46544,5.610795242,-1.053605211,1.203634337,-0.875353235,0.381381737,0.894676708,3.9,14.3
Icmt,100.2191781,0.397177506,0.453688106,0.875441742,0.381333596,0.894676708,98.1,158
Mlf2,383.0123463,-0.168859054,0.192647443,-0.876518532,0.380748207,0.894676708,292.6,701.6
Mrpl55,82.33238297,0.479074533,0.547376475,0.875219443,0.381454516,0.894676708,84.9,119
mt-Tc,14.29270379,-0.743479303,0.849023571,-0.875687471,0.381199959,0.894676708,7.9,30.4
Rnf138,461.9289384,0.170701031,0.194967046,0.875537864,0.381281317,0.894676708,345.1,789.6
Rwdd2b,33.39486053,-0.742839693,0.848798901,-0.87516571,0.381483748,0.894676708,22.1,67.2
Tars2,126.1005207,0.396699376,0.453086874,0.875548153,0.381275722,0.894676708,83.1,196.9
Gpx4,41.76657291,-0.817873725,0.934697091,-0.875014733,0.381565889,0.894704778,24.6,97.8
Vcan,67.89369986,1.101149785,1.258587734,0.874909039,0.3816234,0.894704778,122.7,76.9
Apeh,199.6499879,-0.254014389,0.290438268,-0.874589943,0.381797062,0.894962412,130.5,382.6
Ppp1r15a,497.3049695,0.230128131,0.263188054,0.874386689,0.381907704,0.895072263,405.4,823.4
Sec14l1,100.1448254,-0.423058204,0.483944635,-0.874187195,0.382016318,0.895177326,73.2,203.7
Gtf3c2,399.2142492,-0.171267019,0.196106607,-0.873336301,0.3824798,0.895681887,269.3,758.5
Man1c1,10.27479722,1.120162189,1.282601856,0.873351449,0.382471546,0.895681887,12.2,12.1
Taf10,149.5816365,-0.285344399,0.326735027,-0.873320504,0.382488407,0.895681887,115.8,293.1
Ubd,8.369430799,1.696166853,1.942458776,0.8732061,0.38255075,0.895681887,12.2,7.8
Wrap53,47.34656266,-0.499075943,0.571242004,-0.873668147,0.382299003,0.895681887,30.1,98
Csmd2,2.304412872,2.558955852,2.932514067,0.87261503,0.382872945,0.896286724,7.1,1.3
Mrps24,153.1368519,0.315893821,0.362058065,0.872494916,0.382938441,0.896290539,138.6,233.3
Ticam2,7.614571151,-1.175551679,1.347549496,-0.872362524,0.383010638,0.896310038,3.4,18
Slc25a15,21.98574917,-0.930521783,1.067137147,-0.871979563,0.383219527,0.896649356,11.5,54
Marveld1,42.61464107,-0.437916886,0.502401296,-0.871647604,0.383400653,0.896774126,26.3,85.1
Tmem163,109.2539331,-0.538262148,0.617492892,-0.871689625,0.383377722,0.896774126,56.8,239.7
Casp8,267.0851232,-0.21772509,0.249924658,-0.871162902,0.383665213,0.89719895,179.7,517.9
Gm37738,17.027141,1.575616505,1.809049934,0.870963524,0.38377407,0.89719895,11,18.9
Setbp1,228.0524581,-0.312359449,0.358607883,-0.871033415,0.383735908,0.89719895,127.7,455.1
Als2,56.81928904,-0.512119637,0.588290374,-0.870521871,0.384015272,0.897463836,29.6,115
Man1a2,305.0847708,0.199764342,0.229456856,0.87059653,0.383974492,0.897463836,245.8,511.2
Ankfy1,287.0528415,-0.207707065,0.238742341,-0.870005146,0.384297592,0.897562081,224.8,544.8
Arl3,86.44582395,-0.386352974,0.444375558,-0.869428948,0.384612555,0.897562081,64.7,164.8
Gm14027,20.73496766,1.068225466,1.227879001,0.869976167,0.384313429,0.897562081,17.4,22.1
Hdgfl2,160.3422568,0.312626403,0.359688891,0.869157793,0.384760829,0.897562081,134.6,248
Heca,487.5307115,0.166355353,0.191371049,0.869281711,0.384693064,0.897562081,353.5,813.5
Hibch,34.26772957,-0.578754532,0.665772507,-0.869297733,0.384684302,0.897562081,20.9,72
Nfkbil1,5.946913199,0.880712058,1.012471255,0.869863765,0.384374859,0.897562081,4.3,7.1
Pptc7,17.22840807,1.00671989,1.157533182,0.869711474,0.3844581,0.897562081,16.6,24.6
Tctn2,5.958699724,-1.611969353,1.854411757,-0.869261828,0.384703936,0.897562081,3.1,14.4
Vgll4,962.09543,-0.124330609,0.143027002,-0.869280678,0.384693629,0.897562081,658.1,1813.5
Zbtb2,97.05741336,0.542168121,0.623476944,0.869588084,0.384525552,0.897562081,60.2,134.7
Decr1,56.62826336,0.563875759,0.64903324,0.868793344,0.384960175,0.897745273,47.3,80.4
Rprd2,334.520474,0.207208774,0.238505372,0.868780323,0.384967298,0.897745273,300.1,542.8
Flt3l,330.9572023,0.215651572,0.248262957,0.86864176,0.385043106,0.897772877,284,546
Eif4ebp2,497.2740274,0.202127624,0.23287155,0.867979039,0.385405808,0.898320064,364.5,821.1
Gm43329,65.96881118,0.657814066,0.757797127,0.868060913,0.385360987,0.898320064,42.5,91.8
Lsm10,56.63880504,-0.661619831,0.762406833,-0.867804173,0.385501545,0.898394003,36.7,124.8
AC154652.1,35.43766772,-0.864849669,1.000379405,-0.864521665,0.387301384,0.898468439,24.4,79.7
Aldh4a1,17.44895949,-0.72964217,0.842713154,-0.865825064,0.386586102,0.898468439,11.9,39.7
Cdk5rap2,128.3168863,0.274884058,0.317881604,0.864737232,0.387183029,0.898468439,100.3,202.9
Churc1,130.27176,-0.48083744,0.555832671,-0.865075885,0.38699714,0.898468439,95.4,275
Focad,16.30727393,1.616700966,1.86995429,0.864567104,0.387276434,0.898468439,17.3,16.1
Gm27201,101.9234254,0.354243666,0.409778149,0.86447671,0.387326069,0.898468439,64.5,159.4
Gm36940,15.23921432,1.559870728,1.802528873,0.865379052,0.386830775,0.898468439,12.3,12.8
Gm43331,18.48100461,-1.036884216,1.196116517,-0.866875594,0.386010177,0.898468439,11,42.6
Gm44510,14.05541305,1.419764171,1.639401106,0.866026115,0.386475841,0.898468439,15,12.3
Gpr108,177.8804233,0.350223046,0.40451785,0.865778965,0.386611387,0.898468439,133.2,277.3
Havcr1,3.810946412,2.387063544,2.754096439,0.86673201,0.386088862,0.898468439,9.5,2.1
Llph,52.08175036,-0.691457687,0.797079619,-0.867488856,0.385674215,0.898468439,27,112.7
Mafg,211.1232967,-0.461576189,0.532601356,-0.866644786,0.386136667,0.898468439,182.5,434.2
Mapre3,31.18149762,-0.697854198,0.80591434,-0.865916096,0.386536176,0.898468439,19.4,68.2
Mmp25,15.32940087,1.133882669,1.309371208,0.865974952,0.386503898,0.898468439,27.1,17.5
Ms4a14,5.991337882,-1.870168097,2.162236731,-0.864922915,0.387081099,0.898468439,1,14
Ndst2,43.91391872,-0.528766025,0.609754555,-0.867178475,0.385844228,0.898468439,34.2,94
Ppm1d,96.27250504,0.435970134,0.50345262,0.865960602,0.386511768,0.898468439,77.3,145.6
Pstk,82.28911435,-0.403153526,0.465762029,-0.865578345,0.386721435,0.898468439,44.6,162.9
Ptges2,24.10231633,-0.632140818,0.729249512,-0.866837492,0.386031057,0.898468439,12.5,51.2
Rab33b,89.13532603,0.432974946,0.500537143,0.865020612,0.387027476,0.898468439,65,126.7
Sh2b2,4.329047186,-1.958551642,2.262497628,-0.865659092,0.38667714,0.898468439,11.4,11
Slain1,153.7174414,-0.415781878,0.479344131,-0.867397453,0.385724277,0.898468439,113.7,327.4
Tpm4,1377.020305,0.093974428,0.108610561,0.865242087,0.38690593,0.898468439,1071.4,2355.8
Vnn3,8.809476132,2.009746658,2.320261245,0.866172575,0.386395531,0.898468439,10.2,4.9
Zfp319,29.53973989,-0.539674703,0.623606456,-0.865409102,0.386814287,0.898468439,21.8,60.5
Zfp458,28.30517016,1.174367116,1.357048153,0.865383526,0.38682832,0.898468439,18.8,31.3
Zmat2,352.1559835,-0.208879498,0.241228551,-0.86589874,0.386545694,0.898468439,267.8,676.7
Foxo1,361.0794996,-0.227669137,0.263443876,-0.864203565,0.387476074,0.898526328,258.4,693.1
Ttf2,99.42175544,-0.46997041,0.543822543,-0.864198102,0.387479075,0.898526328,64.9,203.7
Dhx57,61.48023903,-0.45641109,0.528205835,-0.864078092,0.387544993,0.898530718,37.7,126.7
Emc6,190.5516464,0.264381402,0.306039644,0.863879591,0.387654039,0.89857161,175.2,310.7
Ppid,92.26318466,0.322846299,0.373745638,0.863812888,0.387690687,0.89857161,91.7,149.3
Stx12,96.98070299,-0.476143389,0.55137395,-0.863558005,0.387830742,0.898747792,79.6,204.4
2010016I18Rik,113.7140356,0.449439377,0.521088159,0.862501611,0.388411547,0.898762405,114.2,175.7
9930104L06Rik,16.37060989,-1.035887152,1.20103109,-0.862498199,0.388413424,0.898762405,14.1,43.4
Cdk20,4.303257137,-1.633990708,1.893411196,-0.862987771,0.388144191,0.898762405,2.3,11.7
Dnajc18,56.70381995,-0.521550584,0.604490952,-0.862793037,0.388251268,0.898762405,41.7,120.8
Ftsj1,40.89140411,1.071362461,1.241748734,0.862785225,0.388255564,0.898762405,65.1,48.7
Nr4a3,465.8152498,0.206750714,0.239682006,0.862604237,0.3883551,0.898762405,356.5,766.3
Palm,35.12865294,0.608017077,0.704275505,0.863322766,0.387960031,0.898762405,37.1,51.3
Traf4,58.55233511,0.386260366,0.447469931,0.863209659,0.388022204,0.898762405,51.8,89.8
Trim44,160.7398008,0.297380986,0.344707345,0.862705686,0.388299306,0.898762405,150.3,267.7
Rictor,358.7377109,0.201359308,0.233496327,0.862366061,0.388486111,0.898782407,306.9,603.7
1700110K17Rik,4.26391311,2.428100959,2.817385077,0.861827863,0.38878225,0.899079276,14.5,5.5
4930553E22Rik,5.345280578,-2.03956803,2.368102676,-0.861266722,0.389091159,0.899079276,3.6,18.1
AC165962.1,24.65385631,0.907305254,1.05337159,0.861334464,0.389053859,0.899079276,30.7,29.6
Csgalnact2,63.74589898,0.604936516,0.703002636,0.860503909,0.38951133,0.899079276,53.2,95.1
Dapk3,40.55912943,-0.590607836,0.685941873,-0.861017323,0.389228502,0.899079276,31.6,87.6
Dmwd,19.48177417,-1.039985131,1.207532914,-0.861247855,0.389101549,0.899079276,10.9,51.3
Gm33843,3.521135726,-1.981760235,2.302897537,-0.860550764,0.389485513,0.899079276,1,8.7
Gm37010,73.33812545,0.600316857,0.696854246,0.861466886,0.388980952,0.899079276,43.9,98.9
Gm47917,125.6181674,0.390229639,0.453309126,0.860846642,0.389322512,0.899079276,95,191.3
Ola1,316.5349675,0.185337094,0.215213572,0.861177536,0.389140271,0.899079276,290.3,532.9
Smarcc1,386.7472207,-0.14109621,0.163742626,-0.861695048,0.388855351,0.899079276,305.5,728.8
Thyn1,74.68898991,-0.612621041,0.711403424,-0.861144352,0.389158544,0.899079276,65.4,155.4
Tsc2,59.99684732,-0.56020617,0.65098598,-0.860550284,0.389485777,0.899079276,48,118.3
Zfp28,13.37080659,-1.152899042,1.339214031,-0.860877362,0.389305591,0.899079276,6.5,32.2
Acox1,81.93274266,0.379028716,0.440983068,0.859508547,0.390060006,0.899269327,62.2,122.7
Actb,28711.53619,0.072014514,0.083892945,0.858409653,0.390666299,0.899269327,22915,50268.3
Akap8,331.3248483,0.200358987,0.233005859,0.859888192,0.389850678,0.899269327,256.5,555.2
Atcay,8.96185884,-1.336692912,1.55764978,-0.858147274,0.390811146,0.899269327,4.6,28.9
Cenpl,69.51827919,-0.488379273,0.56809091,-0.859685068,0.389962668,0.899269327,43.2,148.7
Dpf2,160.6491235,-0.267309182,0.311315372,-0.858644337,0.390536769,0.899269327,116.1,310.8
Gm42867,3.044943746,-2.226681926,2.591165107,-0.85933618,0.390155069,0.899269327,0.8,7.7
Gm44424,5.154786822,2.086156492,2.430687095,0.858257937,0.39075005,0.899269327,5.9,3.6
Gm6278,4.213023946,-0.99565711,1.159415219,-0.858758014,0.390474036,0.899269327,3.3,10.7
H2-T10,69.10104309,-0.474159089,0.552365479,-0.858415501,0.390663071,0.899269327,52.1,147.2
Ikbip,21.50644559,-0.84832003,0.988455934,-0.858227464,0.390766874,0.899269327,15.3,47
Lca5,9.68731219,-1.393984234,1.621421022,-0.859729963,0.389937914,0.899269327,7.2,26
Oasl1,45.47440995,0.648438268,0.75437768,0.859567144,0.390027693,0.899269327,49.5,64.6
Phactr4,73.87306008,0.560117927,0.652339806,0.858629078,0.39054519,0.899269327,66.6,97.9
Rap1gap2,50.32091772,0.570275436,0.664145827,0.858659969,0.390528142,0.899269327,50.9,74.5
Rpl31-ps17,8.119310042,-0.82785056,0.964032462,-0.858737223,0.390485509,0.899269327,6.7,17.6
Smc6,945.9084648,0.150759369,0.17552889,0.858886357,0.390403217,0.899269327,769.6,1607.9
Snord82,3.56685327,-1.80300876,2.09960848,-0.858735701,0.390486349,0.899269327,2.3,9.9
Wdr91,28.33086385,-0.787094263,0.916247253,-0.859041335,0.390317712,0.899269327,17.6,62.9
Prdx2,296.5994645,0.331073966,0.385965433,0.857781389,0.391013188,0.899439286,259.4,456.4
Slc7a6os,151.5171176,0.439625192,0.512451738,0.857886038,0.390955394,0.899439286,103.9,224.7
Ift74,17.94663409,-1.117732406,1.30385708,-0.857250709,0.391306343,0.89977582,10.3,48.2
Mospd2,40.32990722,0.821370735,0.958237318,0.857168386,0.391351831,0.89977582,50.3,53.6
Sh3kbp1,1044.454596,-0.131329531,0.153207233,-0.857201901,0.391333312,0.89977582,821.4,1954.6
4933407K13Rik,7.415798168,-1.831308283,2.137661455,-0.856687704,0.391617501,0.899796989,3.6,22.4
Minpp1,114.4698703,0.442216772,0.516148989,0.856761867,0.391576504,0.899796989,106.6,177.7
Slc35e3,6.373184318,-2.220526303,2.591767676,-0.856761323,0.391576805,0.899796989,3.9,19.7
Zfp948,12.43070852,-1.50368006,1.754857795,-0.856867186,0.39151829,0.899796989,9.3,32.4
Enoph1,26.43708258,-0.777055696,0.907540982,-0.856221054,0.391875519,0.899800562,14.1,56.5
Rpl11,29.01392863,0.580824052,0.678218073,0.856397191,0.391778118,0.899800562,21.7,39.8
Tia1,385.6693112,0.189246397,0.221010662,0.856277229,0.391844454,0.899800562,319.3,635.8
Tmem88,52.95079341,0.660457776,0.771340506,0.856246716,0.391861327,0.899800562,32.5,71.3
Gm37144,2.568008671,-1.409388453,1.646572192,-0.855953028,0.392023762,0.899993698,1.1,6.9
Eme2,20.79862515,1.076071994,1.258528895,0.855023669,0.392538045,0.900308506,25.7,23.1
Gm48375,12.03016533,-0.910270774,1.064307704,-0.855270305,0.392401523,0.900308506,10.1,28.7
Naglu,23.1038916,-0.712844059,0.833726321,-0.855009661,0.392545799,0.900308506,19.6,47.7
Psip1,357.1799945,0.215114824,0.25150987,0.855293768,0.392388537,0.900308506,295.5,585.7
Rpl17-ps1,4.546566809,-0.813169522,0.950855559,-0.855197736,0.392441689,0.900308506,2.1,9.3
Taf15,245.7129355,-0.204058164,0.238633935,-0.855109582,0.392490486,0.900308506,171.9,468.4
2810002D19Rik,28.37481674,0.797836129,0.933752186,0.854440975,0.392860701,0.900630784,33.5,37.5
Gm45413,31.42573209,0.815016575,0.953895986,0.854408223,0.392878841,0.900630784,33.2,41.1
Magi2,11.8782766,1.182058483,1.383327275,0.854503851,0.392825877,0.900630784,23.7,13.9
Klk1,19.82569814,1.487590478,1.741528703,0.854186598,0.393001608,0.900765076,28.8,15.5
Lrrc28,50.5227165,0.637337854,0.746510964,0.853755517,0.393240466,0.901165366,41.9,75.2
Atp11c,86.10800813,0.559106523,0.655146864,0.853406395,0.393433976,0.901431427,67.5,115.5
Dlat,76.99784648,-0.57409279,0.672931406,-0.853122302,0.393591485,0.901431427,52.8,177.2
Hk2,143.0159933,-0.427321015,0.500913991,-0.85308261,0.393613495,0.901431427,125.4,280.2
Mrtfb,51.60508086,-0.601549177,0.705030297,-0.853224577,0.393534777,0.901431427,48.1,107.3
Kat8,36.45830167,0.589120581,0.690951379,0.852622339,0.39386877,0.901721749,26.5,51
Rps15a-ps5,87.5372612,-0.534006788,0.626232147,-0.852729758,0.393809185,0.901721749,76,188.2
Gzf1,41.46874795,0.773957033,0.908080742,0.852299797,0.394047718,0.901926936,48.1,56.4
Ppih,28.91147531,0.635614288,0.74582558,0.852229133,0.39408693,0.901926936,27,41.6
Six5,3.678249373,-1.912672448,2.245199238,-0.851894307,0.394272757,0.902169976,2.6,11.2
Sntb2,205.7126367,-0.248050596,0.291205454,-0.85180615,0.394321693,0.902169976,153.5,404.2
Twsg1,153.2345955,-0.387462003,0.454940649,-0.851675936,0.39439398,0.902188283,112.7,309.7
Snx2,162.7952962,0.299079094,0.351360493,0.851202967,0.394656615,0.902641939,166.5,267.9
2610507B11Rik,272.8435423,0.230021797,0.270804162,0.84940274,0.395657229,0.902732132,204.6,434.8
Asph,27.5712898,1.848098274,2.176127482,0.849260115,0.39573657,0.902732132,40.5,21.6
Btg2,1657.711701,0.199985929,0.235124361,0.850553845,0.395017238,0.902732132,1188.8,2757.5
Gapvd1,556.906683,-0.126039816,0.148232784,-0.850282998,0.395167767,0.902732132,425.2,1044.5
Gm15602,243.1945104,0.278850511,0.328155575,0.849750947,0.395463567,0.902732132,175.8,393.4
Gm37677,9.784783574,-1.151600731,1.356156852,-0.849164851,0.395789569,0.902732132,9.2,22.7
Macrod1,14.52572307,0.922741625,1.084914106,0.850520442,0.3950358,0.902732132,15.8,16.5
Mapk8ip1,12.49051186,1.28507125,1.511633173,0.850121096,0.395257764,0.902732132,14,11.5
Mcm2,232.9907671,-0.247753353,0.291691538,-0.849367639,0.395676754,0.902732132,181.6,467.5
Miat,6.707973181,1.734908811,2.040263194,0.850335788,0.395138425,0.902732132,3.9,7.2
Pcgf2,65.1362361,-0.513912628,0.605053754,-0.849366894,0.395677169,0.902732132,38,140.7
Plscr1,67.25869607,-0.54817062,0.645324844,-0.849449118,0.395631432,0.902732132,45.4,138.3
Polr3d,95.75801226,0.269678654,0.317473919,0.849451366,0.395630181,0.902732132,83.3,152.2
Ptpro,6.082892616,-1.826320246,2.148445637,-0.85006584,0.395288482,0.902732132,3.4,16
S100a8,23.44891716,-1.121345036,1.319058979,-0.850109854,0.395264014,0.902732132,12.6,59.6
Tvp23b,79.61089227,0.546717284,0.643053934,0.850188848,0.395220101,0.902732132,70,112.3
Ube3b,115.6732317,0.370988425,0.436644654,0.849634645,0.395528244,0.902732132,97.4,181.7
Mef2a,546.1826382,-0.186718734,0.219943863,-0.848938141,0.395915714,0.902790825,410.8,1032.8
Snhg20,107.0834255,0.412318781,0.485716702,0.848887384,0.395943959,0.902790825,75.7,160.7
Zfp41,39.39314542,-0.594211749,0.700109708,-0.848740908,0.396025478,0.902830013,27.1,85.3
Gm7745,2.120034272,0.832228992,0.980946772,0.848393629,0.396218789,0.902830734,2.6,2.9
Gm8670,8.054718056,1.340938415,1.580381373,0.848490395,0.39616492,0.902830734,9.6,7.2
Gsdme,24.33799383,-0.920005482,1.084223798,-0.848538359,0.396138219,0.902830734,17.3,50.7
3110082I17Rik,13.73671264,-0.979182182,1.15516197,-0.84765791,0.396628513,0.903031238,12.8,33.1
5830411N06Rik,10.10522803,1.292698578,1.524906209,0.847723335,0.396592067,0.903031238,14.8,10
Msl3,152.3952769,0.344421292,0.406116432,0.848085092,0.396390583,0.903031238,104.9,236.9
Nup210,567.8592219,-0.145303767,0.171363585,-0.847926749,0.396478766,0.903031238,395.4,1054.7
Rnf181,258.4901029,-0.168505358,0.198738379,-0.847875274,0.396507436,0.903031238,200.8,486.7
Crtc1,30.08041844,-0.739144584,0.872314061,-0.847337693,0.396806923,0.903290893,19,62.1
Akap13,4179.317281,0.108504846,0.128115595,0.846929257,0.397034554,0.903641828,3123.8,7172.8
Gcdh,48.03670859,0.60195564,0.710834069,0.846830036,0.397089864,0.903641828,33.3,65.4
Nop9,152.9907868,0.373825006,0.441508266,0.846699902,0.397162413,0.903660394,111.8,230.4
Herc4,318.6848219,0.255091274,0.301345249,0.846508363,0.39726921,0.903756865,276.2,519.3
Paip2b,94.5941395,-0.407271579,0.481196164,-0.846373287,0.397344536,0.903781721,70.5,184
As3mt,13.89368027,1.322422843,1.563112983,0.846018719,0.397542302,0.904085021,27,16.4
Agbl5,11.21449701,-0.901626941,1.067455148,-0.84465089,0.398305787,0.904127967,9.5,27.8
Bud13,54.54148847,0.525709651,0.622339003,0.844731969,0.398260506,0.904127967,41.2,79.9
Cpeb2,50.84081556,0.588200306,0.696309954,0.844739189,0.398256474,0.904127967,45.5,68.3
Dynlt3,148.6674112,-0.357429549,0.423193937,-0.844599881,0.398334276,0.904127967,119.5,302.8
Gm23713,5.633864635,-2.238811099,2.648459174,-0.845325886,0.397928912,0.904127967,1,15.3
Gm26615,13.02851476,-1.144801024,1.35473818,-0.845034887,0.398091361,0.904127967,10.2,32.2
Khk,23.49627617,-0.910327234,1.07653389,-0.845609453,0.39777065,0.904127967,20.2,51.8
Tlr4,5.944891018,-1.581034898,1.869953871,-0.845494064,0.397835045,0.904127967,3.4,13.3
Ube2g1,170.0122613,0.280455477,0.331695657,0.845520499,0.397820293,0.904127967,146.6,275.5
Zfp141,58.38975077,0.638672173,0.755457093,0.845411577,0.397881083,0.904127967,41.6,81.9
Zfp296,9.580671558,1.810279615,2.141978838,0.845143557,0.398030691,0.904127967,9.2,6.3
Zfyve27,142.1106587,0.352804034,0.417517025,0.845005146,0.398107966,0.904127967,135.5,219.9
A530040E14Rik,4.133307215,-1.677852737,1.988614798,-0.843729383,0.398820644,0.904208226,2.6,12.3
Cacnb3,19.94158815,1.435731477,1.701593199,0.843757179,0.398805109,0.904208226,18.3,17.4
Gm43581,36.78820836,0.932277342,1.104934513,0.843739906,0.398814763,0.904208226,28.3,36.5
Gna11,143.8635372,-0.378519952,0.448386124,-0.844183017,0.398567143,0.904208226,101,297.1
Ppp1r12a,1428.901638,-0.10416406,0.123399406,-0.844121245,0.398601657,0.904208226,997.5,2636.8
Rpl13-ps5,3.268086561,-1.522225831,1.804147596,-0.843736862,0.398816464,0.904208226,1.9,9.2
Smarca2,471.7107944,0.187201046,0.221719916,0.844313176,0.398494425,0.904208226,358.9,778.3
Srek1ip1,107.4780725,-0.541558548,0.641999236,-0.843550144,0.398920834,0.904289288,85.9,219.9
Npm3,65.905463,0.450629151,0.534338214,0.843340676,0.39903794,0.904408665,65.2,102.9
Ncf2,19.41417873,0.999723526,1.185781745,0.843092356,0.399176793,0.904431243,32.2,20.9
Slc7a5,91.45249413,0.559803537,0.663956239,0.843133182,0.399153963,0.904431243,115.4,140.8
1700019D03Rik,7.394564885,-1.516319927,1.800588527,-0.842124619,0.399718202,0.904489721,4.3,18.7
Arhgef10l,3.80583216,-1.490507349,1.769296668,-0.842429298,0.3995477,0.904489721,2.5,8.5
C330018D20Rik,11.2989459,-1.141644182,1.35508553,-0.842488653,0.399514489,0.904489721,7.8,29.7
Chordc1,311.8063082,0.223122416,0.26489275,0.842312281,0.399613179,0.904489721,239.5,501.8
Gm9396,5.846587729,-1.156906999,1.372514309,-0.842910701,0.399278388,0.904489721,3.9,13.8
Grk5,15.68946125,-1.104966445,1.311963555,-0.84222343,0.399662901,0.904489721,7.4,42.4
Rps3a1,288.277507,0.332092245,0.3940457,0.842775966,0.399353752,0.904489721,232.1,441
Zmat5,15.82455197,0.740494364,0.87875903,0.84265918,0.399419083,0.904489721,18.6,20.8
Gm5511,17.79716803,1.030304115,1.223805229,0.841885695,0.399851938,0.904500661,23.2,22.5
Mknk1,121.5940951,0.429954245,0.510646963,0.841979442,0.399799461,0.904500661,114.5,178.1
Acot7,344.8141364,-0.219038398,0.260271597,-0.841576263,0.400025181,0.904646755,237.2,657.1
Aim2,262.7456495,0.337284957,0.401014266,0.841079697,0.400303288,0.904646755,203.4,404.3
Clcn6,45.71432198,0.636743842,0.756988863,0.841153514,0.400261939,0.904646755,38.4,66.1
Pten,375.6710971,0.21598895,0.256742186,0.841267865,0.400197889,0.904646755,306.5,602
Rab3ip,126.4985548,0.255919693,0.304201701,0.841282914,0.40018946,0.904646755,94,203.5
Zkscan8,41.65367861,0.603346673,0.717109235,0.841359508,0.400146563,0.904646755,33.4,59.8
3110056K07Rik,86.9561914,0.45916196,0.547334544,0.838905502,0.40152234,0.904751891,74.3,135.8
Arid1b,201.4865604,0.35110202,0.418321654,0.83931113,0.401294739,0.904751891,160.6,316.3
Brip1,59.49490103,0.435269575,0.519027827,0.838624737,0.401679925,0.904751891,51.7,90.5
Cyb5r4,130.5258147,0.322725984,0.38479297,0.838700314,0.401637502,0.904751891,100.2,201.5
D630008O14Rik,141.4719226,-0.530835843,0.632655055,-0.839060462,0.401435382,0.904751891,86.9,283.1
D930016D06Rik,37.21310943,0.735540256,0.877123338,0.838582471,0.401703651,0.904751891,33.5,52.3
Gimap1,376.5948909,-0.158221892,0.188384221,-0.839889298,0.400970458,0.904751891,257.2,702.4
Gm12918,4.324547248,2.284492343,2.719547819,0.840026539,0.400893506,0.904751891,8.2,2.1
Gm16152,13.72102369,1.492009483,1.779019083,0.838669746,0.40165466,0.904751891,14.7,12.2
Hnrnpk,921.0691826,-0.136678209,0.162826837,-0.839408366,0.401240191,0.904751891,694.5,1696.1
Map2k2,472.9169938,-0.149023961,0.177568699,-0.839246791,0.401330835,0.904751891,349.8,863.3
Mir155hg,54.97133149,0.570807935,0.679051662,0.840595741,0.400574446,0.904751891,47.1,78.2
Rrp8,71.66207815,0.563416754,0.671312729,0.839276137,0.401314371,0.904751891,63.5,97
Sepsecs,68.94285072,0.634771728,0.755684379,0.839995831,0.400910724,0.904751891,59.8,93
Slc23a1,10.77373492,1.770707689,2.106271803,0.840683375,0.400525336,0.904751891,7.9,8.4
Slc41a1,84.54257351,0.340306124,0.404968306,0.840327795,0.400724622,0.904751891,79.9,134.2
Son,2297.581626,0.090242243,0.107508593,0.839395625,0.401247338,0.904751891,1805.3,4022.7
Thap3,163.2609518,-0.317535482,0.378189645,-0.839619714,0.401121642,0.904751891,106.1,316.9
Vps45,56.79232023,0.549552939,0.654985415,0.839030803,0.401452024,0.904751891,59.4,83.7
Wnk3,7.384339004,1.642061318,1.954821541,0.840005741,0.400905167,0.904751891,8.2,8.5
Zc3h14,221.0789262,0.319625671,0.380754465,0.839453507,0.401214869,0.904751891,199.2,351.4
Cd70,2.447878753,-2.225636447,2.65581268,-0.838024633,0.402016869,0.90476194,4.2,7.7
Gm26753,7.218818393,1.963477434,2.343692632,0.837770878,0.402159397,0.90476194,7.8,7.3
Idnk,356.9736658,-0.203709662,0.243086833,-0.838011911,0.402024014,0.90476194,245.2,663.9
Rragc,179.8750081,-0.266331256,0.317820604,-0.837992416,0.402034963,0.90476194,142.8,339.8
Slfn4,17.43575735,-1.110933051,1.325769567,-0.837953351,0.402056904,0.90476194,14.1,40.5
Sord,32.45716836,0.712694163,0.85060129,0.837871011,0.402103151,0.90476194,38.9,40.8
Taok1,519.5814057,0.193729572,0.231237823,0.837793619,0.402146623,0.90476194,435.8,882.8
Actr1b,314.401931,-0.183887272,0.219576239,-0.837464346,0.40233161,0.904773987,229.8,605.8
Ascc3,406.4027504,0.220755442,0.263559398,0.837592753,0.402259464,0.904773987,321.5,672.5
Serinc5,15.23290963,1.02385539,1.222634935,0.837417091,0.402358162,0.904773987,14.3,20.3
Zbtb12,10.99976619,-1.275229957,1.523035679,-0.837294867,0.402426844,0.904783455,10.4,25.8
Ptpn1,1001.615803,-0.124999274,0.149333659,-0.837046885,0.402566214,0.904951827,717.8,1834.8
Adgrd1,9.603902129,1.79150036,2.14128808,0.836646118,0.402791515,0.905083007,9.3,6.4
Etnk1,564.3052923,-0.159425244,0.190576181,-0.836543387,0.402849279,0.905083007,406.5,1054.6
Gm37531,172.3279816,-0.453827846,0.542542015,-0.836484241,0.402882538,0.905083007,106,370.7
Tefm,13.94360629,-1.132557135,1.353829655,-0.836558078,0.402841018,0.905083007,11.1,38.4
AC133509.1,6.981560913,0.732631216,0.876778172,0.835594725,0.403382937,0.905086971,10.2,9.5
Fam126a,199.9888276,-0.346211554,0.414035709,-0.836187667,0.403049336,0.905086971,164.7,409.1
Gm38223,58.1355414,0.664458087,0.795155215,0.835633189,0.403361292,0.905086971,47.3,72.3
Kat2b,113.2186647,-0.380611128,0.455178347,-0.836180215,0.403053527,0.905086971,71.2,229.4
Pdgfa,16.4114856,1.210425363,1.448615808,0.835573764,0.403394733,0.905086971,30.9,15.5
Ppig,799.2947308,0.141288793,0.16898645,0.836095394,0.403101239,0.905086971,615.4,1324.9
Sf3a3,219.9656969,0.241208356,0.288677304,0.835563975,0.403400243,0.905086971,169.8,364.4
Zfp712,12.63887945,1.480149742,1.770907752,0.835814141,0.40325947,0.905086971,13.8,13.6
Maz,89.06855026,-0.262296606,0.314038076,-0.835238227,0.40358359,0.905279126,72.8,175.3
Ptk2,7.72446086,1.562774322,1.871176796,0.835182611,0.403614899,0.905279126,15.6,7.6
Nol9,77.36020121,0.394942821,0.47297741,0.835014132,0.403709751,0.90534718,66,117.9
Eml1,7.599551846,1.51590122,1.815916172,0.834785902,0.403838265,0.905490687,8,6.4
Kif14,33.42557067,-0.700781906,0.839888219,-0.834375206,0.404069584,0.905858395,21.8,72.1
Slc36a4,31.522021,0.738668946,0.885533852,0.834150997,0.404195901,0.905858395,36.8,43.9
Zfp605,25.09938505,1.016973654,1.219008079,0.834263261,0.40413265,0.905858395,15.4,27.9
Rbmxl1,40.85117389,0.601084538,0.720905303,0.833791255,0.404398624,0.906023354,36.5,59.1
Txndc9,238.300267,0.21520798,0.258104759,0.833800897,0.40439319,0.906023354,183.8,388.6
Abraxas2,86.91474187,0.381442064,0.459496611,0.830130309,0.406465113,0.906353184,84.2,136.5
Aspm,115.3779803,0.313178909,0.376642975,0.831500729,0.405690816,0.906353184,84,173.9
Bora,84.03987516,-0.502921867,0.604447248,-0.832035995,0.405388628,0.906353184,59,175.2
Brwd1,188.9489428,0.28901881,0.347449564,0.831829539,0.405505168,0.906353184,149.4,300.5
Ccdc12,134.0352447,-0.34475616,0.413816111,-0.833114397,0.404780214,0.906353184,88.4,265.9
Chac2,9.85313519,1.056641414,1.270153759,0.831900395,0.405465169,0.906353184,9.2,12.5
Clta,962.8624492,-0.097134152,0.116604886,-0.833019569,0.404833693,0.906353184,721.5,1752.4
Ctsh,133.4395596,0.524378784,0.630081667,0.832239392,0.405273833,0.906353184,162.6,166.5
Cystm1,4.464354231,-2.056663248,2.474394933,-0.831178249,0.40587294,0.906353184,2.5,11.1
Ddx31,32.21725665,-0.663788461,0.798974994,-0.830800045,0.406086597,0.906353184,24.7,72
Gm13561,5.718415121,-1.662503679,1.99967107,-0.831388574,0.405754152,0.906353184,3.8,13.6
Gm26822,3.576047121,-0.799848295,0.960472965,-0.832765027,0.404977263,0.906353184,7.2,7.8
Gm3531,3.291795485,-0.809049373,0.972408954,-0.832005268,0.405405971,0.906353184,6.2,15.4
Gm38077,48.29248129,0.994606667,1.194430739,0.832703508,0.405011965,0.906353184,32.2,53.5
Gm38235,60.93333784,0.555207152,0.668916931,0.830009118,0.406533629,0.906353184,46.4,93.8
Gm42572,61.17902886,-0.570086014,0.686777579,-0.830088272,0.406488878,0.906353184,32.7,133.9
Gm43466,14.03544804,-1.081024459,1.298000627,-0.832838164,0.404936008,0.906353184,12.3,29.9
Gm44829,80.55331853,0.523267122,0.630102723,0.830447327,0.406285917,0.906353184,62.1,114
Mrps22,32.6240976,-0.665129912,0.799176866,-0.832268726,0.405257279,0.906353184,19.8,74.3
Msl2,221.779717,0.173467976,0.208155334,0.833358302,0.404642684,0.906353184,186.6,371.4
Pdha1,106.617941,0.399143242,0.48000668,0.831536848,0.405670421,0.906353184,103.1,165.6
Pla2g6,28.02645389,0.715658762,0.861811409,0.830412263,0.406305735,0.906353184,26.1,40.8
Pole,100.1679128,0.475363401,0.571856688,0.831263167,0.405824978,0.906353184,73.8,148
Rnf121,65.49705286,0.434473633,0.522960167,0.830796799,0.406088431,0.906353184,57.1,104.9
Rps16-ps2,82.93571425,0.309750219,0.372883631,0.830688701,0.406149511,0.906353184,73,132.1
Rps6ka5,47.95318668,0.661003565,0.795612475,0.830810961,0.40608043,0.906353184,44.5,61.2
Sgf29,54.10545024,-0.509825476,0.613791475,-0.830616743,0.406190173,0.906353184,40.9,115.9
Slamf9,38.79022011,-1.065636214,1.278931487,-0.833223847,0.404718496,0.906353184,31.5,76.2
Stx11,144.6277483,-0.298516138,0.359462316,-0.83045183,0.406283372,0.906353184,100.5,290.3
Wdr48,71.11729423,0.524567581,0.631885395,0.830162535,0.406446894,0.906353184,66.1,105.7
Zmiz1,668.4246368,0.161448481,0.194520023,0.829983868,0.406547905,0.906353184,471.3,1131.1
Atp2a3,330.9423659,-0.200473804,0.241675976,-0.829514821,0.406813154,0.906572255,258.2,630.7
Pfdn4,74.47714004,-0.449395555,0.541646408,-0.829684362,0.406717265,0.906572255,44.6,146.3
Suds3,320.9685161,-0.208665956,0.251566187,-0.829467421,0.406839964,0.906572255,248.4,579.8
Ergic3,292.7782563,0.27850502,0.335829901,0.829303822,0.406932509,0.906634518,255.4,469.4
Zfyve1,30.15968793,0.571811103,0.689722475,0.829045193,0.407078835,0.906816566,26,42.7
1700007L15Rik,3.292029774,-1.554700075,1.88078568,-0.826622667,0.408450966,0.907230894,2.4,8.1
Dars2,42.62555794,0.879349108,1.061667214,0.828271888,0.407516539,0.907230894,35.5,50.7
Dhx33,44.1963439,-0.52972554,0.640923352,-0.826503729,0.408518404,0.907230894,29,90.5
Eif4e2,308.9520887,0.181559743,0.219303256,0.82789351,0.407730811,0.907230894,268.2,521.5
Elac1,60.44968631,-0.579905519,0.701658132,-0.826478725,0.408532582,0.907230894,43.5,125.5
Fam234b,26.57396436,-0.909493217,1.100502657,-0.826434368,0.408557735,0.907230894,19.4,65.9
Fyn,1697.746555,-0.088748213,0.107252961,-0.827466317,0.407972806,0.907230894,1259,3124.6
Gm15872,5.659425345,2.195679315,2.656151533,0.826639327,0.40844152,0.907230894,6.5,3.5
Gm16185,33.52102252,0.870580838,1.053035559,0.826734511,0.408387556,0.907230894,28.7,43.6
Gm38346,52.90703952,-0.499807491,0.604699085,-0.826539188,0.408498298,0.907230894,24.7,106.6
Gm45120,3.451822156,1.977754395,2.391189156,0.827100771,0.408179947,0.907230894,5.8,8.1
Lamc1,64.56811673,-0.487352243,0.588474711,-0.828161743,0.407578907,0.907230894,39,139.5
Ly86,116.8560024,0.469464544,0.567882218,0.826693509,0.408410801,0.907230894,124.3,155.6
P2ry14,56.46638149,0.561821301,0.679702453,0.826569476,0.408481124,0.907230894,73.8,82.3
Rheb,234.6971204,0.197107252,0.23806108,0.827969243,0.407687919,0.907230894,204.4,389.3
Rhno1,19.29988027,-0.95633213,1.154829632,-0.828115337,0.407605185,0.907230894,10.5,44.2
Surf1,118.8998781,-0.306522287,0.370489901,-0.827343164,0.408042585,0.907230894,98.5,233.9
Trbv20,21.36865821,2.393864611,2.89026575,0.828250693,0.40752854,0.907230894,21.4,11.7
Vps41,192.7355804,0.299856805,0.362269118,0.827718372,0.407830012,0.907230894,169.2,308.1
Zfp963,16.73585314,0.940669255,1.137411667,0.827026205,0.408222209,0.907230894,16.5,18.5
Naf1,34.59154764,-0.619313615,0.749881749,-0.825881701,0.408871202,0.907783333,30.4,72.5
Acaa1a,76.81899471,-0.40186905,0.486948372,-0.825280611,0.409212297,0.907838007,46.1,148.4
Ccdc61,24.16980375,-0.623457687,0.755424904,-0.825307299,0.409197149,0.907838007,12,48.5
F830016B08Rik,26.95413578,0.954501275,1.155957268,0.825723667,0.408960864,0.907838007,22.1,29.6
Gm43290,4.859854144,-1.809336429,2.192319236,-0.825307008,0.409197314,0.907838007,3.7,13.4
Zcchc8,182.390354,0.238883697,0.289461851,0.825268326,0.40921927,0.907838007,140.6,298.6
Cmas,302.2960223,0.278112643,0.337137616,0.824923208,0.40941519,0.907842119,231.1,493.3
Ifit3b,66.02115581,0.586924702,0.711417688,0.825007182,0.409367513,0.907842119,62.5,99.6
Slc25a16,62.44707875,-0.527448315,0.639289196,-0.825054323,0.40934075,0.907842119,35.4,138.1
Gm11517,7.258715464,-0.825486416,1.001150567,-0.82453773,0.409634086,0.907899778,6.3,17.1
Gm45546,12.8603282,-1.073011191,1.301711715,-0.824307855,0.409764657,0.907899778,7.5,28.5
Mroh1,127.698257,-0.247211473,0.299843041,-0.824469604,0.40967278,0.907899778,106.7,244.9
Tfb2m,73.56443667,0.415229633,0.503701775,0.824356105,0.409737249,0.907899778,70.5,116.8
Zyx,1298.77348,-0.101826087,0.123475566,-0.824665885,0.409561305,0.907899778,978,2385.3
Bloc1s5,30.96759127,0.744607555,0.903560223,0.824081822,0.409893068,0.908040934,19.9,40.6
Gm36955,11.19625381,1.49457031,1.81410152,0.823862553,0.41001766,0.908173586,14.3,26.7
Anapc10,25.24944014,1.05726651,1.283901602,0.823479391,0.410235432,0.908222993,19.1,29.9
Ganc,88.71427411,0.301554807,0.366147901,0.823587426,0.410174023,0.908222993,72.1,140.3
Lrrc9,12.44285753,-0.957029702,1.161963498,-0.823631469,0.41014899,0.908222993,7.3,30.9
Tbcd,33.14347955,-0.701737784,0.852277349,-0.823367868,0.41029883,0.908222993,25.6,69.4
Pcnx3,208.1862763,-0.358797824,0.435854781,-0.823204973,0.410391441,0.908284732,148.4,409.9
Gtse1,49.53820946,0.575680362,0.699447849,0.823049728,0.410479715,0.908336853,36.9,68.7
Bend4,125.006175,0.493185532,0.599922209,0.822082471,0.411029961,0.908632971,93.2,185.5
Gm22304,3.290418491,-1.911990729,2.325540667,-0.822170412,0.410979916,0.908632971,2.3,9.2
Gm36756,33.58018404,0.764148852,0.929601307,0.822017833,0.411066748,0.908632971,42.4,40.5
Rnf13,127.5363299,0.437700553,0.532084877,0.822614158,0.410727445,0.908632971,110.2,190.6
Sufu,62.34601446,-0.462371695,0.562474583,-0.822031269,0.411059101,0.908632971,52.7,130.3
Traj19,24.07468828,0.807155749,0.981519984,0.822352843,0.41087611,0.908632971,15.8,33.3
Utp3,245.6246407,0.255502819,0.310751037,0.822210673,0.410957006,0.908632971,196.9,382.1
Chn2,67.98950775,-0.456024608,0.554869483,-0.821859233,0.411157017,0.908671302,43.1,137.2
D430042O09Rik,146.3189405,0.249973925,0.304208128,0.821720074,0.411236231,0.908671302,116.9,229.6
F13a1,5.878112422,1.551803475,1.88865186,0.821646121,0.411278332,0.908671302,13.8,16
Hdgf,880.8992775,0.102149546,0.124392783,0.821185465,0.411540634,0.908937688,731,1520.3
Pabpn1,224.9590667,0.203817007,0.248226408,0.821093165,0.411593203,0.908937688,180.7,375.5
Pomt1,30.6889683,0.874339085,1.064637629,0.821255102,0.411500976,0.908937688,19.8,35.8
Gm49911,3.212188147,-2.342993559,2.854528732,-0.82079873,0.411760922,0.909165006,0.5,11.3
Eif5,974.3499332,-0.110553804,0.13473203,-0.820545824,0.411905018,0.9093401,718.7,1804.8
Bckdha,4.356166472,-1.839294489,2.242092902,-0.820347135,0.412018243,0.909402714,1.1,12.6
Sacs,158.7551512,0.377781552,0.460558327,0.82026864,0.41206298,0.909402714,128.3,247.3
1810022K09Rik,104.8447299,-0.324891201,0.396459822,-0.819480773,0.412512167,0.909635317,77.8,197.8
Abhd16a,130.2515176,-0.350001321,0.428144315,-0.817484453,0.41365163,0.909635317,76.2,253.7
Acadvl,2.343535334,2.215863833,2.705447424,0.819037847,0.412764821,0.909635317,8.1,5.5
Brms1l,41.75188801,-0.63963431,0.782672027,-0.817244373,0.413788789,0.909635317,22.2,87.6
Camta1,50.76888565,-0.592108812,0.723736892,-0.818127165,0.413284579,0.909635317,32.7,108.1
Crlf3,342.6714157,0.168091328,0.20551885,0.817887645,0.413421346,0.909635317,272.9,576.5
Fance,52.67344975,-0.58739556,0.717324586,-0.818869967,0.412860607,0.909635317,30.4,110.7
Gamt,2.648873416,2.391363746,2.924135393,0.817801991,0.413470261,0.909635317,13,1.4
Gan,126.6208109,0.28954117,0.354061467,0.817770916,0.413488008,0.909635317,113.1,201
Gm37186,10.92454309,1.302729883,1.590799147,0.818915376,0.412834696,0.909635317,10.9,9.4
Kcnk6,34.0403615,0.785361239,0.959395939,0.818599711,0.413014832,0.909635317,34.7,48.9
Lars,248.1791306,0.236975401,0.289061025,0.819810976,0.412323873,0.909635317,214.5,398.1
Mpeg1,195.8072549,0.605436153,0.740582293,0.817513676,0.413634937,0.909635317,270.5,244.7
Myo7a,9.645197272,1.146121931,1.402293466,0.817319597,0.41374581,0.909635317,18.8,11.3
Otud5,315.6700296,-0.199720924,0.243934932,-0.818746715,0.412930938,0.909635317,220.9,588.2
Poli,42.28902946,0.539426861,0.658311233,0.819410081,0.412552485,0.909635317,39.3,62.2
Ppp2r5d,83.24741221,0.430763863,0.526810611,0.817682588,0.413538456,0.909635317,76.1,129.4
Ppwd1,68.11970639,-0.585860217,0.716617426,-0.817535544,0.413622445,0.909635317,40.2,149.2
Sars,444.3901892,0.18334287,0.223626885,0.81986059,0.412295586,0.909635317,376.8,729.2
Trmt10a,12.26258866,1.106424439,1.351799399,0.818482713,0.413081609,0.909635317,15.2,13.2
Ttc27,35.70162679,0.561873275,0.686717452,0.818201536,0.413242118,0.909635317,32.5,50.2
Uqcrh-ps1,2.093607212,1.429555709,1.746397938,0.818573864,0.413029583,0.909635317,1.8,2
Wwc2,13.67898481,1.258368558,1.535478616,0.819528546,0.412484922,0.909635317,16.4,13.4
Xpo6,363.8359403,0.180021469,0.220278046,0.817246531,0.413787556,0.909635317,281.8,599.5
Zmat3,81.24358994,0.397849182,0.485752986,0.819035999,0.412765875,0.909635317,61.6,118.9
Gm37233,20.36342021,1.445173621,1.768729507,0.817068758,0.413889136,0.909713412,19.9,20.4
H2-Oa,21.48965365,0.87454075,1.070524173,0.816927606,0.413969801,0.909748228,17.4,28.3
Zfp683,10.21817205,1.2297567,1.505560176,0.816810061,0.414036981,0.909753405,12.4,10.4
AA474408,30.87057657,0.646942188,0.792867376,0.81595259,0.414527252,0.909856713,30.1,45.4
AC166779.2,14.46242539,0.72739732,0.891052873,0.816334634,0.414308771,0.909856713,18.9,20.3
Arhgef12,134.1682635,0.252204049,0.30891224,0.816426211,0.414256411,0.909856713,111.4,213.6
Dalrd3,42.0550483,0.609856063,0.747640687,0.815707429,0.414667489,0.909856713,29.8,59.9
Eif2s3y,158.8018992,-0.467129708,0.572497175,-0.815951115,0.414528095,0.909856713,91.5,338.5
Gm44321,60.49046199,0.63940037,0.783664257,0.815911105,0.41455098,0.909856713,36.2,83.8
Il17rd,12.12832817,-1.340487394,1.643224759,-0.815766307,0.414633807,0.909856713,5.4,36.8
Rlf,339.95775,0.144654316,0.177263983,0.81603896,0.414477853,0.909856713,267.1,577.6
Vdr,11.6466647,1.676219991,2.054210906,0.815992158,0.414504621,0.909856713,16.5,10.3
Fam169a,28.43001903,0.790906732,0.970265134,0.815144958,0.41498934,0.910420571,30.1,38.6
Tnfrsf1a,140.0962379,-0.320879596,0.393804962,-0.81481857,0.41517617,0.910633727,119.8,262.4
Zdhhc24,26.36309094,-0.745321338,0.914786984,-0.814748516,0.415216276,0.910633727,17.2,56.1
Asb13,96.03202383,-0.316815041,0.389034669,-0.814361974,0.415437616,0.910885494,67.9,192
Pik3cb,34.43087013,0.702478303,0.862654905,0.814321346,0.415460884,0.910885494,33.7,45.1
4933404O12Rik,8.539570002,-1.103861065,1.356692986,-0.81364102,0.415850631,0.91088618,6.7,20.7
Cnpy2,121.8694929,0.385254823,0.473460881,0.813699376,0.415817192,0.91088618,116.5,189.6
Exd2,28.65857522,0.597230417,0.733855288,0.813825868,0.415744714,0.91088618,34.6,38.4
Fam222b,64.36612839,-0.561634425,0.689843157,-0.814147998,0.415560172,0.91088618,54.6,137.8
Lnpk,150.376627,0.336146625,0.413092343,0.813732404,0.415798267,0.91088618,118.5,232.4
Snhg6,205.4731015,0.252087803,0.309765469,0.813802146,0.415758306,0.91088618,167.7,349.7
Asxl2,537.5385961,-0.165570106,0.203545664,-0.813429789,0.415971686,0.910909138,379.5,1015.2
Nat2,15.79741053,-0.935152763,1.149689096,-0.813396218,0.415990927,0.910909138,9.9,35.5
Gm15597,4.916704707,-2.186473237,2.689835521,-0.812865032,0.416295445,0.911007372,0.9,16.2
Ints12,57.06730922,-0.561171764,0.690108525,-0.813164514,0.416123742,0.911007372,35.3,116.2
Rbm8a,293.5301834,0.247988211,0.305057737,0.812922213,0.416262658,0.911007372,225.1,466.6
Zfp563,12.57219856,1.120769804,1.378617542,0.812966446,0.416237296,0.911007372,12.7,15.9
Atxn7l3,187.487325,0.252926174,0.311308679,0.812461043,0.416527132,0.911372274,165,294.5
2610037D02Rik,48.96640258,-0.61491244,0.757017072,-0.812283451,0.416629004,0.911393533,28.9,104.4
Dtymk,178.1826939,-0.22509292,0.277161525,-0.812136241,0.41671346,0.911393533,123.4,345.1
Gm3052,4.547420804,-1.391812294,1.713833995,-0.812104497,0.416731673,0.911393533,3.1,12.6
Atmin,78.95966295,-0.529124706,0.652428946,-0.811007404,0.417361419,0.911438046,64.5,162.3
Col8a1,23.69644896,1.04816963,1.291568147,0.811548064,0.417051003,0.911438046,45.7,26.7
Gm13935,5.002115784,0.881598502,1.085785319,0.811945498,0.416822906,0.911438046,3.6,6.6
Il12rb2,48.53281752,0.669235844,0.824886532,0.811306547,0.417189651,0.911438046,37,62.9
Krtcap2,874.6724861,-0.112857996,0.139169757,-0.810937652,0.417401477,0.911438046,695.8,1616.7
Nedd8,505.1755172,-0.145386305,0.179274569,-0.810970045,0.417382873,0.911438046,386.1,926.8
Pgd,311.4413227,0.245460414,0.302478619,0.811496743,0.417080463,0.911438046,291.6,494
Rrbp1,536.6894146,0.236764577,0.291842114,0.811276255,0.417207043,0.911438046,515.2,843
Tmem208,115.5717979,-0.361712838,0.445674556,-0.811607558,0.417016853,0.911438046,89.2,223.7
Xpr1,299.7503865,-0.241300256,0.297284761,-0.811680543,0.416974962,0.911438046,203.9,567.9
Fbxo22,90.54742974,0.34691523,0.427958084,0.810628993,0.417578762,0.911541507,82.4,134
Gm37463,8.288429106,-1.696667374,2.092976592,-0.810648041,0.41756782,0.911541507,4.4,20.7
9130230N09Rik,2.215243457,-1.848527924,2.2826259,-0.809825177,0.41804066,0.911620596,5.4,5.5
Arl4d,61.99652848,0.595355198,0.73512181,0.809872854,0.418013255,0.911620596,51.2,87.7
Cluap1,47.11650375,-0.503252067,0.621996009,-0.809092117,0.418462162,0.911620596,34.8,100.9
Eri2,16.28672719,-0.90489147,1.116526855,-0.810452042,0.417680417,0.911620596,14.4,42.5
Gm13094,8.336267705,1.044033667,1.288659916,0.810170049,0.417842449,0.911620596,9.3,10.7
Gm19325,17.17957306,1.418270322,1.752176548,0.809433458,0.418265863,0.911620596,11.7,12.7
Kctd11,5.972788066,-1.48586246,1.83492843,-0.809765893,0.418074738,0.911620596,5.4,14.6
N4bp2,93.28155059,-0.393867674,0.486416814,-0.809732852,0.418093733,0.911620596,73.8,187.6
Noa1,46.11411573,0.376757641,0.46568369,0.809041949,0.418491017,0.911620596,39.5,71.4
Pigv,62.23590341,-0.509720463,0.629694694,-0.809472381,0.418243483,0.911620596,28.3,127.2
Plekha5,284.8880455,-0.235708914,0.291084998,-0.809759743,0.418078274,0.911620596,192,541.1
Rilpl2,270.6001992,0.185391799,0.229166239,0.808983904,0.418524405,0.911620596,217.4,451
Rpl21-ps15,16.06136351,0.756659095,0.934572999,0.80963081,0.418152395,0.911620596,19.1,20.2
Tstd2,34.1909709,0.689024907,0.851543013,0.809148682,0.418429629,0.911620596,25.2,43.9
Nt5c3b,92.73782884,0.323548338,0.400029833,0.808810521,0.418624144,0.911691055,63.5,141.9
Tspyl1,197.016757,-0.310159031,0.383527058,-0.808701824,0.418686679,0.911691055,134.9,376.5
Aga,57.15499913,-0.604673234,0.747905699,-0.808488604,0.418809364,0.911712479,34.1,122.9
Ptpn22,3337.744424,-0.112307922,0.138916053,-0.808458917,0.418826447,0.911712479,2333.9,6213.8
C430002N11Rik,5.338188514,1.423015265,1.761873731,0.807671537,0.419279693,0.9123061,7.3,5.1
Ppp4r1l-ps,128.4610238,-0.286208353,0.354299642,-0.807814401,0.419197434,0.9123061,86.4,249.7
Tkfc,23.13156746,-0.77530688,0.959958318,-0.807646401,0.419294167,0.9123061,21.3,49.1
Stom,3.253247259,-1.889574812,2.339975503,-0.807519057,0.419367499,0.912324211,2.3,7.5
Arid2,299.7365475,0.232715067,0.288501841,0.806632864,0.419878034,0.912511407,239,500.5
Atg10,14.47666394,0.981782624,1.216893037,0.806794512,0.419784882,0.912511407,24.2,16.8
Ccdc88a,44.44960631,0.747806621,0.926854039,0.806822422,0.419768799,0.912511407,58.6,54.9
Fam135a,6.247349795,-1.472935104,1.826149583,-0.806579657,0.419908698,0.912511407,5.7,17.6
Gm12185,36.89433397,-0.721706088,0.894359219,-0.806953261,0.419693412,0.912511407,22,79
Gm43457,22.78428367,0.934012805,1.157448229,0.806958603,0.419690334,0.912511407,14.9,24.6
Sgms1,86.46861507,-0.37995257,0.47092137,-0.806828048,0.419765558,0.912511407,54.3,171.8
Hnrnpd,425.2095466,0.12250628,0.151945973,0.806248943,0.420099323,0.912784317,350,727.9
Cit,200.0930492,-0.311569939,0.386618018,-0.805885719,0.420308746,0.91309798,132.2,411
Edaradd,17.31501586,1.255416503,1.558419082,0.805570541,0.420490517,0.913110154,26.3,18.9
Fam160b1,162.7588845,-0.286852514,0.356322458,-0.805036303,0.420798731,0.913110154,113.9,315.8
Gm22009,8.936053924,1.260076296,1.565363334,0.804973688,0.420834863,0.913110154,6.4,8.8
Lrwd1,112.8042891,-0.325678035,0.404215556,-0.805703862,0.420413622,0.913110154,82.3,204.5
Rpl30-ps2,4.955066098,-0.552362072,0.68618162,-0.804979405,0.420831565,0.913110154,3.9,11.1
Stx8,147.5111592,0.252705115,0.313799414,0.805307797,0.420642084,0.913110154,130.7,240.4
Usp31,71.35322441,0.346557553,0.430465194,0.805076828,0.420775346,0.913110154,62.3,109.4
Zfp354c,9.718844778,1.551138726,1.925926931,0.805398534,0.420589738,0.913110154,11.4,7.8
Gm13680,12.81958157,0.796640538,0.990026547,0.804665835,0.42101254,0.913191645,13.9,20.4
Gm44663,28.88150974,1.108480963,1.378116354,0.804344974,0.421197771,0.913191645,20.2,35.3
Mpv17l2,61.37093254,0.499482653,0.620817103,0.804556851,0.42107545,0.913191645,48.2,88.4
Stat6,445.382241,0.155415704,0.193203555,0.804414305,0.421157742,0.913191645,368.4,746.9
Tusc2,40.20946176,-0.429925213,0.5343291,-0.804607522,0.4210462,0.913191645,27.3,77.5
Batf,187.9695136,-0.31641036,0.3935078,-0.804076463,0.421352817,0.913386691,111.6,369.5
Kdelc1,12.09730805,1.143277301,1.423140791,0.803347995,0.421773625,0.914104103,15,12.4
Lamc2,8.531439339,-1.139357072,1.4183844,-0.803278062,0.421814035,0.914104103,6.3,22.7
Xpnpep3,68.5037257,0.462627983,0.576097246,0.803038006,0.421952768,0.91426357,67.3,103.3
Arhgap45,1660.037778,0.12797871,0.159486315,0.802443206,0.422296629,0.914339812,1181.5,2804.7
B3gnt5,58.32687264,0.56571334,0.704684067,0.802790025,0.422096108,0.914339812,52.1,77.6
Gm2076,19.34471269,-0.736351195,0.917630773,-0.802448236,0.42229372,0.914339812,13.4,43.2
Gm37166,2.903371011,-2.097824967,2.614742873,-0.80230641,0.422375735,0.914339812,0.8,8.1
Gm44686,42.58376241,0.890808308,1.11031684,0.802300997,0.422378866,0.914339812,35.6,49.4
Gm5127,4.33051642,1.990400989,2.479828806,0.80263645,0.422184894,0.914339812,9.2,4.4
2600002D14Rik,1.97433562,-2.219436169,2.786945955,-0.796368572,0.42581784,0.914634174,0.6,8.1
4930532G15Rik,7.018996908,-1.402389984,1.75025166,-0.801250481,0.422986652,0.914634174,4.2,19.4
AC133451.2,147.5212609,-0.424463062,0.533517428,-0.795593619,0.426268276,0.914634174,81.9,297.3
Actr6,24.52480463,0.859517095,1.07368619,0.800529152,0.423404281,0.914634174,20.3,28.6
Anapc15,15.87898492,-1.026147047,1.283936636,-0.799219383,0.424163214,0.914634174,13.5,34.9
Ankrd13a,354.4746515,0.198675581,0.249266942,0.79703943,0.425428132,0.914634174,287.9,605.7
Apmap,91.22290803,-0.414580892,0.522295509,-0.793766909,0.42733114,0.914634174,71.5,186.8
Arl5b,138.4294805,0.344492591,0.432797116,0.795967852,0.426050721,0.914634174,110.5,220.2
Ccdc66,85.9878571,0.431196975,0.540082291,0.798391249,0.42464348,0.914634174,63.2,128.9
Ciao1,99.45242024,-0.41022582,0.51437271,-0.797526408,0.425145372,0.914634174,65.6,191
Clec4a1,33.98396218,0.747842847,0.935626644,0.799296227,0.424118666,0.914634174,36.6,40.6
Clip1,406.8160516,-0.139819564,0.175843229,-0.795137605,0.426533462,0.914634174,307.6,761.4
Dancr,30.18259253,0.755135546,0.951143517,0.793923874,0.42723975,0.914634174,28.7,41.3
Ddx52,234.4388642,-0.293464995,0.369633976,-0.793934038,0.427233833,0.914634174,176.2,448.5
Decr2,45.65726776,-0.717460371,0.895043321,-0.8015929,0.422788486,0.914634174,33,103.5
Dmac1,81.02626708,-0.476544621,0.597334463,-0.797785245,0.424995125,0.914634174,66.5,163.6
Dnajc17,25.97446769,-0.640734198,0.806738929,-0.794227445,0.427063034,0.914634174,24.1,62.3
Ebag9,83.47864442,0.523302405,0.654365857,0.799709214,0.423879293,0.914634174,95,118.5
Erp44,324.7078385,-0.182197372,0.227441336,-0.801074136,0.423088729,0.914634174,248.3,616.8
Fam122b,49.48965864,0.653047841,0.815223728,0.801065792,0.423093559,0.914634174,55.9,72.1
Fdps,13.44953814,0.862262834,1.076296477,0.801138769,0.423051315,0.914634174,20.5,18
Gm16302,2.660771593,-2.107750613,2.655079116,-0.793856048,0.427279239,0.914634174,1.5,8.4
Gm1821,42.15986463,0.466623663,0.582026804,0.801721948,0.422713817,0.914634174,37.2,64.3
Gm26617,9.907079283,-1.040257602,1.310619759,-0.793714267,0.427361793,0.914634174,8.3,25.2
Gm36638,20.94524018,1.337393248,1.675922671,0.798004151,0.424868081,0.914634174,15,24.7
Gm37421,10.79807402,-0.776220122,0.976089165,-0.795234851,0.426476903,0.914634174,5,23.3
Gm38236,9.535360851,1.379015373,1.734413357,0.795090379,0.426560931,0.914634174,10.7,12.7
Gm42869,6.334753851,1.906571493,2.385077906,0.799374934,0.424073041,0.914634174,9.6,6.4
Gm48582,7.221178503,-1.71516077,2.14796865,-0.798503633,0.424578286,0.914634174,5.8,18
Gm5100,5.473641656,0.779745849,0.980601779,0.795170747,0.426514186,0.914634174,5.7,7.5
Gm8731,15.90468958,0.781170851,0.982810235,0.794833858,0.426710153,0.914634174,11,17.4
H2-DMa,127.5693411,0.348012729,0.437921272,0.79469245,0.426792425,0.914634174,142.2,188.7
Hist2h2be,15.7370316,-0.929273661,1.162421654,-0.799429069,0.42404166,0.914634174,9,41
Hspbp1,172.7219377,0.338675646,0.426211251,0.794619208,0.426835042,0.914634174,136.6,267.5
Htra1,59.4779109,0.72663331,0.914079653,0.794934344,0.426651695,0.914634174,86.5,77.5
Igf1r,26.02758146,-0.823777281,1.035096578,-0.795845816,0.426121658,0.914634174,25,60.1
Il4ra,275.3205615,0.256425598,0.321492602,0.797609638,0.425097056,0.914634174,304.5,438
Klf16,62.62979593,0.511796132,0.640274219,0.799338965,0.424093891,0.914634174,57.8,99.3
Laptm5,5369.447612,-0.06348116,0.079773475,-0.795767762,0.426167033,0.914634174,4018.5,9770.6
Lsp1,1986.664355,-0.113380977,0.141743743,-0.799901108,0.423768096,0.914634174,1431.2,3665.1
Mepce,165.8753771,0.2597694,0.326361476,0.795956076,0.426057566,0.914634174,141.1,269.7
Mir17hg,76.9879083,0.551595156,0.691862067,0.797261741,0.425299035,0.914634174,58.1,115.4
Mpv17l,3.501813959,2.318991986,2.914447161,0.795688464,0.426213133,0.914634174,8.8,9.2
Msl3l2,9.788773483,-1.103489406,1.379767374,-0.799764821,0.423847069,0.914634174,7.1,22.6
Nat9,22.29109081,0.735791879,0.920816564,0.799064556,0.42425298,0.914634174,22,29.8
Nceh1,136.1124843,0.269741424,0.33853749,0.796784499,0.425576199,0.914634174,118.1,216.8
Nom1,91.81064919,-0.382931462,0.481984866,-0.79448856,0.426911066,0.914634174,78,187.6
Nsmce4a,209.3286186,-0.178222879,0.22260563,-0.800621613,0.423350735,0.914634174,152,383.4
Pf4,57.13982378,0.774386085,0.97201669,0.796679823,0.425637005,0.914634174,84.2,68.7
Phf1,118.5512552,-0.268841916,0.336663856,-0.798547013,0.424553122,0.914634174,86.1,238.7
Pias2,79.03757035,0.525529604,0.660131412,0.796098465,0.425974806,0.914634174,81,117.2
Pigc,65.53110305,-0.361868853,0.451803756,-0.800942551,0.423164905,0.914634174,43.1,132.7
Poll,41.11405683,-0.502786617,0.632593514,-0.794802041,0.426728663,0.914634174,24.6,79.1
Prkcsh,226.2475925,-0.261617497,0.329639904,-0.793646319,0.427401359,0.914634174,180.2,437.4
Psmd8,398.1185763,-0.158384526,0.199299767,-0.794705024,0.426785109,0.914634174,291.6,729.8
Ptges3l,8.938244575,-0.829313829,1.035430648,-0.800936143,0.423168615,0.914634174,6.5,20.6
Rmnd5b,282.1919951,0.185137299,0.231685053,0.799090387,0.424238003,0.914634174,221.7,455.6
Rpgrip1l,19.56590746,1.183832405,1.485650947,0.796844244,0.425541496,0.914634174,21.5,20
Rpl36a-ps1,5.475275515,-1.087089607,1.362498256,-0.797864953,0.424948863,0.914634174,3.7,12.4
Rps3,5807.50599,0.090373549,0.112870853,0.800681017,0.423316335,0.914634174,4864.6,9882.6
Sfi1,90.49530914,-0.323078,0.405512552,-0.796715166,0.425616474,0.914634174,71.7,183.1
Slc39a10,63.03699236,0.500771874,0.627329493,0.798259734,0.42471978,0.914634174,47.9,93.3
Sp4,180.4944644,-0.350534664,0.439657677,-0.797289988,0.425282634,0.914634174,138.2,371
Stk39,500.382647,-0.16298399,0.205105866,-0.79463349,0.426826731,0.914634174,355.1,921.5
Tcirg1,295.2953503,-0.203205741,0.254451276,-0.798603742,0.424520217,0.914634174,234.3,555.2
Tedc1,49.04418129,0.458447214,0.573342412,0.799604571,0.423939938,0.914634174,34.2,70.7
Ten1,87.12095054,-0.481028377,0.602055056,-0.79897739,0.424303523,0.914634174,67.8,175
Tmem214,90.11973256,0.244701866,0.30640736,0.798616149,0.424513021,0.914634174,73.2,145.6
Tonsl,43.45669635,-0.598667205,0.753489282,-0.794526504,0.426888986,0.914634174,30.7,100.3
Trbj1-7,2.708624104,1.88833065,2.365395241,0.798315063,0.424687679,0.914634174,4.1,2.7
Ubiad1,22.95332033,-0.853161026,1.06980298,-0.797493597,0.42516442,0.914634174,15.7,48.3
Zc3h13,431.4441855,0.148907712,0.186321665,0.79919698,0.424176203,0.914634174,363.9,711.8
Zfp429,32.65917884,-0.783178345,0.976624335,-0.801923848,0.42259701,0.914634174,20.1,76
Zfp862-ps,53.53971106,0.618513438,0.778198578,0.794801553,0.426728948,0.914634174,32.4,72
Zswim1,8.651434097,-1.041200363,1.311923947,-0.793643843,0.427402801,0.914634174,6.4,22.6
Gm10603,39.56246923,-0.525594919,0.662434535,-0.793429223,0.42752779,0.914714875,24.8,78.3
Slc35f6,43.57238689,-0.411610154,0.518821989,-0.79335526,0.427570869,0.914714875,38.4,89.2
Abraxas1,48.79169537,0.53168777,0.670834431,0.792576745,0.428024462,0.914725854,41.7,64.9
Apol7e,19.85915261,1.127462461,1.422237076,0.792738763,0.427930041,0.914725854,17.4,24.1
Eif2b3,69.51575714,0.54158279,0.683582322,0.792271499,0.428202387,0.914725854,62.5,96.5
Jtb,165.5648636,0.326787631,0.412262106,0.792669581,0.427970358,0.914725854,155.2,256.1
Retreg2,176.9734834,-0.186224111,0.23494044,-0.792643919,0.427985313,0.914725854,124.7,337.2
Rfc5,71.32655893,-0.476221882,0.601117269,-0.792227916,0.428227794,0.914725854,41.9,157.1
Rrp15,66.02317322,-0.500657117,0.631376822,-0.792960874,0.427800619,0.914725854,52.5,133.2
Tbc1d1,245.2657329,0.169069818,0.213327752,0.79253551,0.428048495,0.914725854,201.9,395.8
Tcf19,72.40463167,0.469315341,0.59234528,0.792300298,0.428185598,0.914725854,63.5,114.7
Trip10,24.79979757,-0.76548406,0.966068121,-0.792370686,0.428144567,0.914725854,18.8,51.7
1110003F10Rik,12.99170381,-1.416609243,1.789260714,-0.791728803,0.428518824,0.915068955,8,29.8
Ctps2,130.5910066,0.344129438,0.434606988,0.791817544,0.428467071,0.915068955,96.4,205.9
Jade1,175.2305944,-0.203849649,0.257546759,-0.791505397,0.428649128,0.915207951,129.4,332.5
Gmfg-ps,11.50414184,-0.670476038,0.847596517,-0.791032083,0.42892527,0.915624932,5.4,23.8
Rnf114,514.2146355,-0.174407725,0.220504942,-0.790947012,0.428974913,0.915624932,379.2,991.7
1110046J04Rik,15.58408333,-1.404211814,1.776632653,-0.790378254,0.429306898,0.915638671,4.6,35.6
Ankib1,241.870293,0.22142073,0.280418919,0.78960696,0.429757342,0.915638671,202.4,392.6
Ctss,1243.518068,0.224414113,0.284737436,0.78814404,0.430612458,0.915638671,1375.2,1928.6
Ddhd1,157.2815327,0.228641036,0.289457031,0.789896295,0.429588335,0.915638671,130.1,264.4
Dpy19l1,237.142917,0.235404682,0.298016192,0.789905678,0.429582855,0.915638671,195.6,387.6
Egln3,38.70616418,0.651805585,0.825617204,0.789476747,0.429833415,0.915638671,33,55.1
Gm12924,28.74569465,-0.816267171,1.035436311,-0.788331607,0.430502764,0.915638671,14.5,64.8
Gm48766,50.63747786,0.621801911,0.787461591,0.789628241,0.42974491,0.915638671,30.4,71.7
Gm5905,23.27084412,0.405339747,0.512953369,0.790207788,0.429406428,0.915638671,19.6,36.1
Gm614,5.597814782,-1.725175898,2.188903425,-0.788146192,0.430611199,0.915638671,4.2,16.8
Hnrnpa0,865.0790317,0.116529925,0.147693938,0.788995991,0.43011435,0.915638671,727.5,1491.4
Icos,3074.925828,-0.158394142,0.200799459,-0.78881757,0.430218639,0.915638671,2004.4,5828.4
Insig2,94.92558448,-0.42791506,0.542303766,-0.789068945,0.430071712,0.915638671,61.9,188.6
Itfg2,75.69097401,0.521856653,0.660166347,0.790492662,0.429240106,0.915638671,66,105.3
Itprid2,82.1102662,0.52680601,0.666941404,0.789883499,0.429595809,0.915638671,59.6,122.9
Mdfic,613.7392227,-0.188118442,0.238105695,-0.790062758,0.429491118,0.915638671,386.1,1159.8
Mvb12a,193.0938067,-0.253728426,0.321391691,-0.789467909,0.429838579,0.915638671,147,362.2
Parn,108.9386601,0.352413368,0.447090635,0.788236972,0.430558107,0.915638671,100.4,171.9
Polr2k,75.34266115,0.347659226,0.440554447,0.789140203,0.430030067,0.915638671,69.8,116.6
Rabac1,525.9295732,-0.208771023,0.263996643,-0.790809387,0.429055231,0.915638671,427.4,1012.4
Traj8,2.446357033,-1.316064164,1.669821088,-0.78814681,0.430610837,0.915638671,1,5.9
Trak2,169.9082726,0.183703592,0.232953783,0.788583856,0.43035527,0.915638671,144.2,282.1
Trmt10b,24.37858834,0.810830784,1.027546147,0.789094278,0.430056906,0.915638671,27.9,30.5
Wdfy2,46.54038817,0.429053418,0.544279911,0.788295526,0.430523864,0.915638671,43.6,76.1
Zfp719,17.72185225,0.961620521,1.217170454,0.790045895,0.429500966,0.915638671,12.7,22.7
Add1,454.6187077,0.24256388,0.307831171,0.78797699,0.430710165,0.915643265,386.9,729.1
Gm45804,13.21174214,1.512333848,1.920918296,0.787297331,0.431107832,0.915643265,10.8,11.6
Gm48369,21.46057234,1.04291601,1.323727161,0.78786327,0.430776687,0.915643265,18.7,24.7
Map2k7,251.5094308,0.205855714,0.261487685,0.787248219,0.431136575,0.915643265,199.4,435.3
Rrp36,76.15024219,-0.405141947,0.514597779,-0.787298281,0.431107276,0.915643265,49.5,151.4
Sestd1,18.57643816,1.005588313,1.277268908,0.787295695,0.431108789,0.915643265,18.7,19.8
Slc25a20,114.4412889,0.26111134,0.331596849,0.787436134,0.431026601,0.915643265,86.2,188.1
Supt5,152.2932829,0.217508245,0.276231331,0.787413377,0.431039919,0.915643265,133.3,248.8
Gm14286,11.97221838,1.40325745,1.783955018,0.786599121,0.431516574,0.916311635,8.3,12.5
2410006H16Rik,631.2102987,-0.1140336,0.14507496,-0.78603227,0.431848582,0.916498098,489.3,1158.8
4930481A15Rik,5.41181546,-1.093529884,1.392002723,-0.785580276,0.432113423,0.916498098,12.4,13
Amz1,18.77587049,1.083906866,1.379031927,0.785991132,0.431872682,0.916498098,19.7,18.7
Bin1,472.1847146,0.15028041,0.191331314,0.785445974,0.432192134,0.916498098,389.3,806.9
Bmpr2,37.70223544,-0.590119208,0.7512774,-0.785487768,0.43216764,0.916498098,35.3,76.2
Eid2b,18.03773836,-1.175034661,1.494654168,-0.78615822,0.431774799,0.916498098,6.7,37.2
Gle1,175.7166296,0.300168026,0.382141046,0.785490146,0.432166246,0.916498098,172.6,267.5
Paip2,505.462964,0.111427447,0.141822252,0.785683807,0.432052752,0.916498098,393.4,869.9
Slc25a26,9.996751875,-1.053382264,1.339821793,-0.786210726,0.431744043,0.916498098,8.3,22.4
Clpp,83.09385777,-0.405468286,0.516453615,-0.785101072,0.432394311,0.916553024,47.9,160
Gm28791,52.39788456,-0.568495335,0.724217049,-0.78497922,0.432465752,0.916553024,43.5,114.8
Lgr5,2.02266231,0.885475458,1.127799622,0.785135445,0.43237416,0.916553024,2,2.9
Wdr3,118.9543023,-0.332598386,0.423715875,-0.784956159,0.432479273,0.916553024,80.2,226.5
Gm20219,3.380342399,-1.169133723,1.490167598,-0.784565256,0.432708508,0.916900377,8.5,8.2
Arsa,55.2044783,0.558772186,0.71249982,0.784241863,0.432898206,0.916993537,78.5,78.2
Cables2,61.86271614,0.464865419,0.592822517,0.784156144,0.432948495,0.916993537,54.5,91.7
Itgb3,116.6568599,0.328251187,0.418556794,0.784245273,0.432896205,0.916993537,102,177.6
Gm45290,2.115166857,-2.311341014,2.948591254,-0.783879763,0.433110665,0.917198593,0.6,6.5
Cdc7,80.79354854,-0.484382608,0.618035059,-0.783746166,0.433189067,0.917226218,50.7,162.9
Frrs1,153.6567345,-0.307841802,0.392926182,-0.783459633,0.433357249,0.917399238,118.4,307.4
Mocs1,17.51592575,0.867656854,1.107575101,0.783384218,0.433401521,0.917399238,14.4,21.3
Ndufb2,60.05733976,-0.498556746,0.636772626,-0.782943119,0.433660515,0.917670638,52.6,127.2
Pus7,52.6437585,0.643495541,0.821841829,0.782991956,0.433631836,0.917670638,42.2,75.7
Commd9,24.51884371,0.765816572,0.978414277,0.782711976,0.433796268,0.917819513,22.4,31.1
Rasgef1b,80.84924129,0.475511509,0.607867685,0.782261535,0.434060887,0.918102561,77.4,117.2
Rps29,80.8221617,0.481027066,0.614912778,0.782268776,0.434056633,0.918102561,83.7,118.2
A130010J15Rik,53.50301676,0.614314867,0.785467678,0.782100759,0.434155361,0.918164004,52.3,67.9
Mtmr14,52.59726345,0.457742489,0.585369537,0.781971832,0.434231128,0.918185874,48.6,76.6
Zbtb11,144.4095602,0.341450268,0.436739538,0.781816707,0.434322301,0.918240309,112,217.9
D430018E03Rik,4.740261732,-1.469191293,1.879937408,-0.781510749,0.434502157,0.918343866,4.3,12.8
Rhd,6.625761271,-1.564950361,2.002340259,-0.781560653,0.434472818,0.918343866,3.9,18.8
Armc9,22.8920617,0.732491363,0.938377484,0.780593498,0.435041617,0.918377565,24.8,30.3
Clec4a3,10.93699259,-0.873542781,1.118306664,-0.781129907,0.434726094,0.918377565,34,24.2
Clec4e,15.74631766,-1.137062167,1.456600295,-0.780627445,0.435021645,0.918377565,15.1,36.6
Fcgr1,59.41544795,0.654019463,0.837642774,0.780785657,0.434928571,0.918377565,89.4,71.6
Lgals9,469.2018774,0.135722028,0.173773348,0.78102902,0.434785427,0.918377565,399.4,794.2
Med15,340.1750248,-0.240084143,0.307445666,-0.780899424,0.434861651,0.918377565,252.3,633.4
Pcm1,299.4542729,0.218866637,0.280288282,0.780862604,0.434883309,0.918377565,250.5,500
Rpl3,126.6263018,-0.278572669,0.356621202,-0.781144439,0.434717548,0.918377565,90.2,249.4
Gm7331,9.943389852,0.444377227,0.569482327,0.780317853,0.435203807,0.918581775,10.1,14.6
2310015A10Rik,14.59109829,-0.703099664,0.903214375,-0.778441623,0.436308709,0.9192359,13.1,31.4
Acbd5,180.0949502,0.251808169,0.323454275,0.778496959,0.436276099,0.9192359,136,283.5
Ccdc127,135.410359,-0.483263635,0.620876119,-0.778357582,0.436358238,0.9192359,106.3,271.2
Cdc20,44.10618522,-0.590681387,0.759189091,-0.778042512,0.436543952,0.9192359,29.3,92.4
Cep131,23.94302326,1.1407199,1.464963453,0.778667821,0.436175416,0.9192359,16.5,23.4
Dtnbp1,106.2307769,-0.314017576,0.40352711,-0.778182105,0.436461665,0.9192359,72.7,209.1
Exosc7,105.8986853,-0.356632179,0.457530944,-0.779471169,0.435702215,0.9192359,87.1,211.2
Kti12,55.56742633,-0.474301782,0.60888707,-0.778965107,0.436000269,0.9192359,42.1,109.2
Lilr4b,209.3408956,-0.262147983,0.33687316,-0.778180082,0.436462857,0.9192359,133.3,411
Mettl23,103.5265802,-0.380623685,0.48879934,-0.778691078,0.436161713,0.9192359,79.7,207.1
Pgghg,71.83837525,0.460731578,0.591330031,0.779144562,0.435894563,0.9192359,56.5,114
Poldip2,85.26001509,0.418905852,0.538430845,0.77801236,0.436561727,0.9192359,103.8,126.2
Srsf9,277.3820044,-0.189359198,0.243097378,-0.77894381,0.436012815,0.9192359,232.5,521
Tdp1,88.03516394,0.462112252,0.592950239,0.779344069,0.435777061,0.9192359,71.8,123
Ubl3,760.1256087,0.141095446,0.181249854,0.77845826,0.436298905,0.9192359,564.8,1302.3
Zfp524,40.87298891,-0.546017768,0.701095204,-0.77880688,0.436093484,0.9192359,36.3,87.2
Csf2rb,93.6020376,0.832786023,1.071352731,0.777321977,0.436968832,0.919817202,119.5,106.2
Gm7286,3.06870927,-0.772185829,0.993676686,-0.777099675,0.437099966,0.919817202,7.1,7
Saal1,55.95783974,0.484727229,0.623724976,0.77714898,0.437070879,0.919817202,50,82.5
Sdr42e1,6.54500311,-1.134831365,1.460116177,-0.777219911,0.437029037,0.919817202,5.3,16.5
Hdac11,7.223843136,1.674028747,2.155271579,0.7767136,0.437327761,0.919882764,6.4,6.8
Osbpl8,290.9826424,0.241312146,0.310662848,0.776765384,0.437297203,0.919882764,252.9,486.5
Qdpr,78.66011246,0.403966975,0.520030812,0.776813539,0.437268788,0.919882764,74.4,122.1
Fbxo38,167.7415233,-0.271981651,0.350318762,-0.776383341,0.437522678,0.920154842,118.7,331.8
Psmd3,262.3347571,-0.228293691,0.294112847,-0.776211218,0.437624284,0.920230626,223.7,506.1
Mrps28,64.51867288,-0.376073593,0.484599606,-0.776050143,0.43771938,0.920292701,49.9,126.1
Glipr1,109.888356,-0.448378687,0.57787814,-0.775905257,0.437804928,0.920334686,72.9,208.3
F530104D19Rik,4.199289974,2.255587453,2.909055611,0.775367595,0.438122478,0.920517639,7.2,8.7
Gm43323,27.92607468,-0.8315188,1.072236465,-0.77549946,0.438044584,0.920517639,20,65.5
Irf9,479.1705042,-0.184117133,0.237474376,-0.775313681,0.438154327,0.920517639,343,903
Stoml2,108.7001001,-0.377624162,0.487050699,-0.775328242,0.438145725,0.920517639,74.3,213.9
Gm27209,7.132251098,-1.074860787,1.386785794,-0.775073405,0.438296286,0.920540269,5.1,18.8
Gm43692,33.04919023,-0.810691258,1.045846296,-0.775153348,0.438249051,0.920540269,32.2,77
8-Sep,26.99706259,-0.949282171,1.22610072,-0.77422854,0.438795654,0.920749795,26.7,59.3
Amdhd2,74.47933647,0.346223606,0.44724356,0.774127651,0.438855307,0.920749795,61,107.8
E330037G11Rik,24.79145596,0.850234432,1.098283045,0.774148736,0.438842839,0.920749795,22,31.2
Hist1h2an,19.58838658,0.944068008,1.219018979,0.774448983,0.438665327,0.920749795,16.6,25.1
Pdpn,36.48116324,1.034055437,1.335191287,0.774462391,0.4386574,0.920749795,64.6,38.5
Sgsm3,9.423176069,-0.897223294,1.158748152,-0.77430397,0.438751057,0.920749795,12.9,23.3
Snx14,112.260553,0.383367933,0.495135143,0.774269283,0.438771564,0.920749795,85.9,172.1
Ablim2,6.428524532,-1.328664262,1.717090664,-0.773788065,0.439056132,0.921033446,1.7,17.3
Abhd2,334.2293709,0.194909572,0.252148224,0.772996016,0.439524738,0.921648695,256.2,551
Elof1,126.4141638,-0.268528675,0.347453236,-0.772848391,0.439612111,0.921648695,88.4,252.8
Fam185a,67.69913758,-0.535390322,0.69264162,-0.772968743,0.439540879,0.921648695,41.9,139.8
Mcm3ap,138.589487,0.324164853,0.419433784,0.772863,0.439603464,0.921648695,104.3,212.7
Acot6,5.707068774,1.364847804,1.766886082,0.772459423,0.439842371,0.921718356,9,6.6
Eif2s1,152.4106331,0.274069234,0.354784253,0.772495486,0.439821019,0.921718356,128.9,253.5
Gm27445,5.468322932,-1.675845578,2.169007398,-0.772632486,0.439739913,0.921718356,4.5,15.8
Gdi1,304.8703528,-0.186762252,0.241819433,-0.772321107,0.439924267,0.921752339,199.7,559.8
Arih2,299.9259638,0.17993198,0.233182749,0.771635043,0.440330613,0.922018944,236.6,493.7
Dtwd2,19.7566596,1.084958467,1.406809724,0.771219056,0.440577101,0.922018944,19.7,20.6
Gm13346,10.0704803,-1.480596658,1.918957924,-0.771562857,0.44037338,0.922018944,7,27.7
Iffo1,105.6999301,-0.320174847,0.414852551,-0.771779869,0.440244817,0.922018944,78.3,211
Osr1,15.23319343,1.379582924,1.788795518,0.771235678,0.44056725,0.922018944,25,16.9
Phf19,14.43108702,-0.887142115,1.150229047,-0.77127431,0.440544356,0.922018944,8.2,33.8
Rsl1d1,331.4320847,0.227319221,0.294628888,0.771544239,0.440384411,0.922018944,285.8,538
Zfp747,15.52779683,0.85091551,1.102896242,0.771528162,0.440393937,0.922018944,12.2,21.3
Dag1,81.64491075,0.452123589,0.586464917,0.770930326,0.440748231,0.922239552,103.3,121.1
Cul9,19.14746287,0.980532153,1.272366114,0.770636802,0.440922241,0.922256997,12.2,23.3
Faap20,98.94840357,-0.35474523,0.460409959,-0.770498603,0.441004184,0.922256997,81.9,186.3
Gm37248,170.9996572,0.27411112,0.355769975,0.770472887,0.441019432,0.922256997,146.9,279.4
Traj33,41.3027593,0.522568169,0.678179633,0.77054536,0.440976459,0.922256997,34.3,56.9
Gm12090,2.052751717,-1.256921623,1.632042882,-0.770152327,0.441209539,0.922517085,0.9,4.1
Rmnd5a,305.9095054,-0.225872569,0.293338378,-0.770006877,0.441295813,0.922560025,210.9,586.3
Ocrl,66.74401469,-0.567252926,0.73684558,-0.769839627,0.44139503,0.922630005,43.6,135
6330403K07Rik,18.0092488,-0.670943145,0.873352179,-0.768238932,0.442345248,0.922776599,11.2,38.3
A530032D15Rik,2.365021971,-2.084109543,2.712854231,-0.76823499,0.442347589,0.922776599,1.3,6.8
A730011C13Rik,33.20799542,0.82764199,1.07878372,0.767199185,0.442963098,0.922776599,31,40.4
Adar,125.0962341,-0.296012821,0.385744698,-0.767380143,0.442855531,0.922776599,86.4,237.8
Asah1,94.85340831,-0.44522277,0.578650953,-0.769415081,0.441646939,0.922776599,87.8,193.9
Dsg2,8.952873714,-1.457330136,1.899328899,-0.767286875,0.44291097,0.922776599,5.3,23.5
Fads2,12.94702162,1.579804545,2.057805291,0.767713326,0.442657517,0.922776599,27.2,11.9
Galnt9,13.49872218,-0.957131884,1.245984488,-0.768173194,0.442384297,0.922776599,10,36
Glipr2,475.5317145,0.20120693,0.262335072,0.766984482,0.443090742,0.922776599,437.8,782.2
Gm10136,10.87403793,-0.757131804,0.985054814,-0.768618958,0.442119548,0.922776599,9.7,21.5
Gm12490,12.35023138,1.374825043,1.787633903,0.769075279,0.441848623,0.922776599,14.5,11.1
Gm26049,5.302860947,-1.283080376,1.66982528,-0.768391993,0.442254336,0.922776599,4.2,14.2
Gm42883,10.29031644,1.621239887,2.112985726,0.767274415,0.442918377,0.922776599,16,9.5
Gstp1,62.90967464,0.345607275,0.44922808,0.769335869,0.441693949,0.922776599,59.8,97.8
Khdc3,13.39045367,-1.036679417,1.35219028,-0.766666816,0.443279638,0.922776599,3.4,31
Kif23,112.3141026,-0.383247578,0.498674505,-0.768532528,0.442170873,0.922776599,80,221.5
Pnpla2,133.3091683,-0.212443432,0.277116245,-0.76662208,0.443306244,0.922776599,102.9,259.6
Ppp1r12b,63.38140086,0.536040391,0.697628244,0.768375415,0.442264182,0.922776599,63.5,97.8
Prps2,148.6620515,0.334373322,0.435593201,0.767627503,0.442708518,0.922776599,127.2,235.9
Prrg4,6.05655816,-1.304533442,1.698335201,-0.768124832,0.442413025,0.922776599,3.6,16.5
Pvr,253.2234106,0.194206681,0.252509786,0.769105564,0.441830645,0.922776599,185.3,410.3
Rab11fip2,98.14465993,-0.326483039,0.425221276,-0.767795634,0.442608609,0.922776599,62.6,191.2
Rbpj-ps3,8.255866856,0.944897973,1.232342629,0.766749401,0.443230526,0.922776599,6.3,9.8
Rnf214,85.06774789,0.422711345,0.551357514,0.766673771,0.443275502,0.922776599,79.3,129.1
Sgcb,54.1733341,-0.624521849,0.812820574,-0.768339125,0.442285736,0.922776599,34.1,120.1
Sptssa,255.3349521,-0.210984138,0.275145737,-0.766808674,0.443195279,0.922776599,212.3,484.4
Stxbp2,168.3265251,-0.290977436,0.378570772,-0.768620977,0.442118349,0.922776599,143.5,322.5
Tbc1d14,115.1454218,0.256704393,0.334270282,0.767954578,0.442514171,0.922776599,88.6,184.8
Acaa2,134.8653302,0.294234121,0.384827965,0.764586121,0.444518036,0.922997947,116.3,215.4
Cramp1l,271.9447543,0.239901963,0.313497083,0.765244643,0.444125881,0.922997947,198.8,426.1
Cttnbp2nl,14.53468835,1.131631613,1.477278961,0.766024321,0.443661831,0.922997947,26.6,14.2
Ddx42,290.4583333,0.175637516,0.229462392,0.76543051,0.444015231,0.922997947,246.4,496.3
Dusp12,28.44008766,-0.640523553,0.836049424,-0.766131205,0.443598237,0.922997947,27.9,61.7
Gm15920,6.778492734,-1.053841155,1.376745214,-0.765458376,0.443998643,0.922997947,6,14.7
Gm38365,121.8362225,0.337877021,0.441378509,0.765504016,0.443971476,0.922997947,101.1,189.4
Gm49514,8.114657999,1.037492823,1.356665519,0.764737371,0.444427948,0.922997947,7.7,10.2
Gm8805,4.188227079,0.617192308,0.807023079,0.764776527,0.444404627,0.922997947,8.1,11.2
Mtf2,255.7498978,0.285608423,0.37300966,0.765686398,0.443862923,0.922997947,202.3,405.2
Nfkbia,1425.127379,0.184125308,0.240340749,0.766101083,0.443616159,0.922997947,1143.1,2374.9
Oxa1l,162.5195124,-0.185866952,0.243067197,-0.764673121,0.444466216,0.922997947,114.7,305.2
Prcc,94.10826414,-0.477164455,0.624189445,-0.76445454,0.444596417,0.922997947,78.9,195.4
Rn7sk,48.36985968,0.490037374,0.640256851,0.765376229,0.444047544,0.922997947,33.2,66.3
Smim26,75.00723245,-0.406630588,0.531860328,-0.764543935,0.444543165,0.922997947,62.5,152.4
Specc1,54.20894808,-0.443218894,0.579581364,-0.764722474,0.444436821,0.922997947,36.8,106.8
Spred2,56.5697665,-0.463704108,0.605991169,-0.765199449,0.444152788,0.922997947,30,116.6
Tctex1d2,12.6037569,-1.247459168,1.631628302,-0.764548621,0.444540374,0.922997947,12.1,33.7
Cenpp,15.78780498,-1.134142094,1.485232884,-0.763612297,0.445098319,0.923256421,10.9,38.7
G2e3,117.3208,0.295379491,0.386921713,0.76340893,0.445219556,0.923256421,96.3,191.4
Gm10521,3.736092858,1.66364686,2.181257944,0.762700654,0.445641941,0.923256421,1.7,7.8
Gm37082,85.11015718,0.464708926,0.608448633,0.763760327,0.445010083,0.923256421,63.1,144
Gm37390,210.4454696,-0.212641604,0.27877612,-0.762768361,0.445601553,0.923256421,141.8,410.5
Gm37802,6.898665409,-1.502347106,1.968089584,-0.763353009,0.445252897,0.923256421,4.7,19
Gphn,63.53371616,0.329906284,0.432133399,0.763436209,0.445203292,0.923256421,61.3,98.4
Mecom,6.097824814,1.817458789,2.381726843,0.76308448,0.445413015,0.923256421,13.8,4.9
Mthfs,13.77087713,0.842469547,1.103936661,0.763150257,0.44537379,0.923256421,14.6,17.4
Rangap1,492.9013281,0.16549417,0.216900635,0.762995321,0.445466186,0.923256421,388.7,818.6
Skil,921.9933156,0.156007833,0.20453763,0.762734141,0.445621965,0.923256421,680.5,1558.5
Snrk,156.4186414,0.294028726,0.384793299,0.764121224,0.444795005,0.923256421,122.5,250.6
Tmem8,83.51856633,0.329981486,0.43228085,0.763349766,0.44525483,0.923256421,60.2,133.2
Tti2,25.52533819,-0.782600888,1.024875791,-0.763605595,0.445102314,0.923256421,19,55.6
Epg5,70.41969213,0.578901876,0.759542645,0.762171656,0.44595756,0.923620923,53.1,100.4
Kras,420.7824057,0.142994976,0.187611286,0.762187492,0.44594811,0.923620923,352.6,722.3
Nmt2,136.2682221,-0.288085914,0.378131328,-0.761867353,0.446139177,0.923620923,92.5,259
Tbc1d10c,613.0795279,-0.135884691,0.178360461,-0.761854337,0.446146946,0.923620923,435.1,1126.4
Zdhhc14,2.596443278,-1.876721718,2.46308499,-0.761939489,0.44609612,0.923620923,5.9,7
Gm5257,7.948174168,1.235056765,1.621451101,0.761698435,0.44624001,0.92367733,12.3,9.1
Ak4,15.31086361,1.026781867,1.348368487,0.761499455,0.446358804,0.923786973,23.7,16.3
Gcfc2,55.78083959,0.536400291,0.704592004,0.76129205,0.446482648,0.923907031,41.5,77.8
Gabarapl1,119.3493869,0.334162917,0.439266033,0.760730154,0.44681826,0.924465202,104.8,186.3
Baiap2,98.29792568,-0.383210282,0.50393348,-0.760438227,0.446992681,0.924689753,68.9,193.1
Patz1,83.17752397,0.442213634,0.581754766,0.760137536,0.447172378,0.924925151,65.3,127.6
Atp5h,427.4080337,-0.136051675,0.179207414,-0.75918553,0.447741581,0.925587882,319.1,782.6
Fdxr,54.12815111,-0.503023971,0.662328621,-0.759477931,0.447566711,0.925587882,46.5,115.3
Lama4,16.54263442,1.255121976,1.653059758,0.759271992,0.447689868,0.925587882,32.2,16.2
Naa35,162.2055063,0.232823018,0.306727356,0.759055279,0.44781949,0.925587882,150.9,265
Tmem238,20.21737186,-0.728264309,0.959441617,-0.759050157,0.447822554,0.925587882,14.8,45.2
9430081H08Rik,23.85372302,0.79570781,1.049968763,0.757839507,0.448547068,0.925611718,17.8,33.4
Atp6v1d,432.0698068,0.161974447,0.213720866,0.757878487,0.44852373,0.925611718,341.5,728.4
Cdipt,316.3880972,-0.155200398,0.20453066,-0.758812386,0.447964795,0.925611718,241.4,585.5
Cep295,163.1588992,0.25372325,0.33471273,0.758032865,0.448431308,0.925611718,128.4,253.9
Chek1,35.6439868,-0.613613962,0.809492748,-0.758022804,0.448437331,0.925611718,19.5,79.3
Gm50008,23.8436771,-0.850180528,1.121714802,-0.757929311,0.448493302,0.925611718,12.1,52.9
Gm5781,41.61428746,0.261974139,0.345607974,0.758009534,0.448445275,0.925611718,37.4,66.1
Panx1,122.8397607,-0.401054131,0.528666722,-0.758614292,0.448083321,0.925611718,89.4,251.8
Ptpa,327.9625649,-0.202633043,0.267130224,-0.758555286,0.448118629,0.925611718,253,621.5
Saysd1,42.77982599,-0.64199908,0.847167233,-0.757818592,0.44855959,0.925611718,31.2,90.2
Tmem106c,13.75357036,-0.676341578,0.891957132,-0.75826691,0.448291213,0.925611718,6,30.8
Atp13a3,392.2206416,0.166111407,0.219408955,0.757085812,0.448998454,0.925635084,327.9,670.9
Drg1,161.0398825,-0.296804123,0.39174857,-0.757639328,0.44866693,0.925635084,137.1,312.6
Gm37399,14.26113924,1.42363608,1.881047001,0.756831743,0.449150673,0.925635084,15.6,12.4
Gm44066,3.867448505,-1.748104044,2.310425721,-0.756615557,0.449280218,0.925635084,12.8,12.1
Hsf2,59.41130026,0.365624526,0.482779457,0.757332403,0.448850743,0.925635084,42.8,93.8
Pmaip1,281.1798262,-0.256909286,0.339551229,-0.756614214,0.449281023,0.925635084,182.9,539.5
Rpl32l,3.398595761,-0.690602765,0.91243857,-0.756875902,0.449124214,0.925635084,2.1,7
Rps13-ps2,48.34170916,0.343528007,0.453974855,0.75671153,0.449222705,0.925635084,46,76.6
Rsph3a,3.475953369,-1.751325552,2.311967988,-0.75750424,0.448747827,0.925635084,2.7,10.1
Tmem230,47.23488716,0.535125809,0.707032751,0.756861416,0.449132894,0.925635084,47.1,66.2
Usp35,14.02975726,1.136350712,1.501940249,0.756588494,0.449296437,0.925635084,11.3,17.4
Dkc1,180.9226306,0.224467256,0.296797866,0.756296731,0.449471308,0.925859435,164,307.5
1700113A16Rik,9.833312746,-1.513099847,2.006440405,-0.7541215,0.450776269,0.925877268,4.5,21.2
4930539E08Rik,5.363223563,-1.172482766,1.554501007,-0.754250245,0.450698972,0.925877268,4.6,14.2
Abhd4,61.35151006,-0.44039234,0.583601663,-0.754611181,0.450482313,0.925877268,47.1,123.3
Acy1,24.53637769,0.624787568,0.828177433,0.754412693,0.450601452,0.925877268,23.2,32.9
Aptx,64.42530436,-0.53754535,0.711320963,-0.755700138,0.449829001,0.925877268,47.6,134.7
Atp13a2,115.8874737,0.4116388,0.544865412,0.755487119,0.449956758,0.925877268,130.8,171.1
Chd9,268.3881254,0.330282276,0.437410535,0.755085325,0.450197788,0.925877268,204.2,419.8
Ddx55,133.7401465,-0.372922159,0.493951732,-0.754976923,0.450262829,0.925877268,106.9,260.1
Fam72a,17.16346055,1.130575946,1.49841077,0.754516697,0.450539023,0.925877268,22.2,21
Gm11168,3.316676233,1.009568217,1.338802685,0.754082904,0.450799442,0.925877268,2.3,11.4
Gm37176,18.23147025,0.984742281,1.30556546,0.754264961,0.450690137,0.925877268,16.9,23.8
Gm37787,34.39834893,0.787268625,1.043676739,0.754322288,0.450655723,0.925877268,28.4,42
Gngt2,81.01345817,-0.328074302,0.43417914,-0.755619678,0.449877254,0.925877268,60.5,154.7
Gon7,40.22452402,0.529835246,0.702425572,0.754293789,0.450672831,0.925877268,30.1,60.4
Lppos,39.98175886,-0.501104035,0.664414595,-0.754203834,0.450726836,0.925877268,25.7,85.5
Lrpprc,89.93301796,0.388328692,0.514444221,0.754850917,0.450338439,0.925877268,75,134.8
Ncaph,94.29751569,-0.399879308,0.529218067,-0.755604038,0.449886634,0.925877268,64.5,188.9
Ociad1,297.2016435,-0.135045425,0.179055116,-0.754211488,0.450722241,0.925877268,211.7,551
Prkab2,45.11959089,0.58027063,0.769406612,0.754179417,0.450741495,0.925877268,36,59.9
Thap12,220.9093346,-0.26902288,0.356665606,-0.754272001,0.450685911,0.925877268,155.7,420.5
Gm10313,2.576821489,-0.905356561,1.20125374,-0.753676372,0.451043573,0.925972133,1.3,5.7
Nsa2,115.9492353,-0.455744624,0.604683756,-0.753690867,0.451034868,0.925972133,105.2,236.6
Zfp942,77.15979002,0.40451574,0.536577794,0.75388088,0.450920752,0.925972133,69.8,120
Casp7,112.3506209,0.334884915,0.444412419,0.753545357,0.451122266,0.925998228,70.8,178.1
Farp1,176.5361144,-0.273063894,0.3624449,-0.753394222,0.451213054,0.926049136,128.1,333.5
9930021J03Rik,140.9015286,0.386639031,0.513393694,0.753104363,0.451387203,0.926271092,133,216.2
Dmac2l,20.00425214,-0.943545805,1.254119138,-0.752357393,0.451836162,0.926379649,15.8,47.4
Eaf1,126.6617645,0.266214716,0.35373275,0.752587132,0.451698052,0.926379649,98.4,205.6
Gm38115,14.66608137,0.941716106,1.250792924,0.752895294,0.451512836,0.926379649,13.5,16.2
Mto1,51.14989507,0.592877526,0.787934722,0.752444979,0.451783506,0.926379649,50.1,68.8
Pctp,12.8586388,-0.982046686,1.304798626,-0.752642336,0.45166487,0.926379649,8.6,31.8
Usp47,357.2345723,-0.196727001,0.261457707,-0.752423796,0.451796241,0.926379649,246.7,679.9
Dclre1a,14.66546899,1.184009173,1.574346046,0.752064119,0.4520125,0.926491313,19.7,16
Rrp1,285.5582738,0.168264256,0.223770118,0.75195141,0.45208028,0.926491313,232,478.5
Sc5d,112.6469768,-0.319635647,0.425082762,-0.751937446,0.452088678,0.926491313,72.2,220
Sfn,38.92114137,-0.465001905,0.618975619,-0.7512443,0.452505644,0.927210426,25.3,78.1
Map3k5,154.8806839,-0.330965407,0.440654706,-0.751076528,0.452606601,0.927265032,126.6,297.5
Zfp287,48.54858783,-0.508813168,0.677531868,-0.750980421,0.452664439,0.927265032,28.9,91.4
Fbxw11,167.3695441,-0.279832794,0.372920925,-0.750381048,0.453025242,0.927306895,124,321.4
Gm18852,4.032250114,-1.852062462,2.46751621,-0.750577627,0.45290689,0.927306895,3,10.6
Gm18911,15.37647076,1.108217205,1.477445728,0.750089959,0.453200527,0.927306895,10,17
Il1rn,17.69284002,-0.933726097,1.245019277,-0.749969188,0.453273262,0.927306895,12.5,38.1
Myl6,343.7917976,0.164662666,0.219529537,0.750070666,0.453212145,0.927306895,297.8,579.9
Rpl30-ps11,4.094243823,-0.730568716,0.973880777,-0.750162374,0.453156917,0.927306895,2.2,8.2
Smg7,386.4703159,0.132171439,0.176170952,0.75024536,0.453106944,0.927306895,310.2,671.8
Wrb,20.95999429,-0.65289364,0.870298992,-0.750194642,0.453137485,0.927306895,13.2,42.1
Zdhhc6,113.8297364,-0.291131117,0.38819618,-0.749958737,0.453279557,0.927306895,83.8,229.1
Adrm1,58.95067106,0.464767602,0.619844451,0.749813281,0.453367168,0.927350946,50.1,84.4
Leprotl1,994.8414016,-0.105617823,0.140894425,-0.749623858,0.453481278,0.927449177,684.9,1866.2
4930431P19Rik,16.39023313,0.733992464,0.983051571,0.746646957,0.455276696,0.927603138,17.2,20.8
AW146154,26.7968632,0.663052326,0.888057684,0.746632046,0.455285699,0.927603138,20.7,33.5
BC055308,18.56605825,-0.831445602,1.112757778,-0.747193701,0.454946646,0.927603138,16.1,39.6
Blvra,143.4319977,0.288521198,0.386074794,0.747319437,0.454870763,0.927603138,104.8,236.2
Clcc1,77.86785805,0.470426042,0.630896434,0.745647013,0.455880675,0.927603138,68.3,120.4
E330034L11Rik,35.64348767,0.762776754,1.019855431,0.747926353,0.454504581,0.927603138,34.7,47.8
Fuom,16.67082665,0.912201641,1.221428251,0.746831949,0.455165008,0.927603138,16.1,19.8
Gm10132,10.25859628,1.30638658,1.747244199,0.747684028,0.454650767,0.927603138,16.5,11.7
Gm17995,29.32971463,-0.815689459,1.08935896,-0.748779317,0.453990228,0.927603138,16.8,62.6
Gm28112,42.65250235,0.674814939,0.902837439,0.747437921,0.454799262,0.927603138,29.2,59.7
Gm43411,56.3239913,0.512625366,0.687259252,0.745898094,0.455728977,0.927603138,51.2,85.5
Gm45311,11.75835098,1.592297325,2.134202608,0.746085362,0.455615851,0.927603138,7.5,9.5
Gnpat,141.3720701,0.318566037,0.426158298,0.747529823,0.454743808,0.927603138,111.6,227.3
Inhba,9.392376105,-1.105595212,1.482305233,-0.745862045,0.455750755,0.927603138,38.1,21.4
Jarid2,564.5963807,-0.155179631,0.207135521,-0.749169581,0.453755001,0.927603138,397.9,1056.4
Kctd2,118.6961265,-0.391968075,0.525501277,-0.745893668,0.45573165,0.927603138,76.5,237.6
Ncoa3,246.4616424,-0.24015872,0.322120563,-0.745555382,0.455936044,0.927603138,194,476.6
Nfkb2,219.8340987,-0.256762532,0.34318824,-0.748168211,0.454358703,0.927603138,166,405.6
Nudt4,171.8825024,0.241597663,0.322623919,0.748852298,0.453946235,0.927603138,128.9,273.2
Pdgfrb,15.50073528,1.417375169,1.893146475,0.748687536,0.454045558,0.927603138,34.6,13.5
Pet100,288.1868,-0.241029178,0.322324827,-0.747783473,0.454590773,0.927603138,188.9,550.2
Plppr3,38.74242752,0.469703434,0.628695648,0.747107819,0.454998481,0.927603138,27.3,58.5
Prxl2a,76.78403471,0.378581082,0.505764388,0.7485325,0.454139029,0.927603138,53.9,114.9
Ralgds,34.52909211,-0.531380189,0.712378997,-0.745923435,0.455713668,0.927603138,33.3,71.3
Rsad2,392.1418818,0.176061196,0.235387984,0.747961701,0.454483259,0.927603138,331.8,657
Ryk,128.3132557,-0.325733315,0.436354446,-0.746487901,0.455372737,0.927603138,107.1,252.3
Siah2,81.56723182,0.330989723,0.442358472,0.748238688,0.454316199,0.927603138,67.1,133.5
Stk4,750.3465131,0.102631593,0.137085863,0.748666499,0.454058241,0.927603138,610.8,1287.6
Syap1,146.214933,0.204581953,0.27394121,0.7468097,0.45517844,0.927603138,120.5,242.7
Tbrg4,77.36889472,0.341355908,0.457827688,0.74559909,0.455909633,0.927603138,69.9,122.3
Tubb3,6.168438155,1.296431758,1.73782095,0.746009972,0.455661391,0.927603138,8.6,6.2
Unkl,3.168109935,-1.589318198,2.122119647,-0.748929591,0.453899644,0.927603138,2.3,6.7
Usp3,257.2557117,0.183393523,0.245082891,0.748291822,0.454284156,0.927603138,220.8,428.9
Zbtb7b,60.5486844,-0.412873037,0.553193937,-0.746344111,0.455459571,0.927603138,47.9,124.3
Zfand2a,58.14099337,0.385311092,0.514414332,0.749028687,0.453839915,0.927603138,51.9,88.7
Zfp772,19.94769949,0.897197636,1.203051452,0.7457683,0.455807393,0.927603138,16.2,24
C130013H08Rik,3.162939951,-1.920662002,2.577244151,-0.74523867,0.45612745,0.927858042,1.4,9.8
2010109A12Rik,14.32302828,-1.292980532,1.737319863,-0.744238617,0.456732129,0.927955934,2.9,35.7
4833439L19Rik,111.1386677,-0.320437514,0.43402567,-0.738291617,0.46033726,0.927955934,70.8,218.3
8430406P12Rik,3.399353519,-1.742235889,2.355905454,-0.739518594,0.459592153,0.927955934,0.9,7.9
9230114K14Rik,26.75662196,0.799378387,1.083643626,0.737676453,0.460711084,0.927955934,20.2,33.3
Abi3bp,3.16564573,-2.098951097,2.871551126,-0.730946797,0.46481165,0.927955934,1.3,9.2
Acp6,62.88209807,-0.473349494,0.645565863,-0.733231914,0.463416993,0.927955934,47.9,124.8
Amer1,51.94294438,0.521282975,0.708831461,0.735411736,0.462088776,0.927955934,48.4,72.4
Ankmy2,72.30580956,-0.364025023,0.489909008,-0.743046192,0.457453715,0.927955934,57.9,138.1
Anxa11os,6.27406069,-1.561154563,2.14288879,-0.728528037,0.466290412,0.927955934,5.2,16.3
Arhgef40,7.909575598,1.001760898,1.35363604,0.740051881,0.459268515,0.927955934,15.7,9.4
Atp6ap2,151.5919229,-0.242654378,0.330588894,-0.734006442,0.462944812,0.927955934,123.2,294.2
Atp7a,68.67419033,-0.495230405,0.67697603,-0.731533146,0.464453566,0.927955934,61.3,132.3
Casp2,119.4919539,-0.28290544,0.385084792,-0.734657525,0.462548095,0.927955934,89.2,241.5
Casp4,221.2142519,-0.236708349,0.319135544,-0.741717285,0.458258645,0.927955934,161.8,433
Cbx8,46.41784538,-0.552728611,0.754774864,-0.732309246,0.463979837,0.927955934,21.7,91
Ccdc157,37.16257159,0.664055746,0.912986673,0.727344402,0.467015004,0.927955934,29.9,46.3
Cenpn,32.80810102,0.639578391,0.863789112,0.740433495,0.459037001,0.927955934,27.1,44.1
Cep78,12.4969847,0.990359603,1.357952186,0.729303736,0.465815887,0.927955934,15.9,15.6
Cplane1,179.5920937,0.254289508,0.346265161,0.734377976,0.462718406,0.927955934,124.8,294.1
Crkl,254.61035,0.258531365,0.350756402,0.737068129,0.461080919,0.927955934,229.3,411
Cryzl1,79.03495719,-0.504823961,0.688151339,-0.733594389,0.463195982,0.927955934,56.8,160
Cspp1,251.0866614,-0.248013978,0.337649635,-0.734530567,0.462625438,0.927955934,178.7,474.6
Cxcl2,223.314423,-0.604555231,0.821865766,-0.735588773,0.461980997,0.927955934,214.7,427.9
Cyb561a3,105.1729067,-0.411711169,0.554527112,-0.742454534,0.457811989,0.927955934,75.7,211
Dgcr2,150.6559095,-0.413587587,0.560833067,-0.737452213,0.460847393,0.927955934,123.2,306.8
Dmrta2,10.63530492,1.543012971,2.086284551,0.739598522,0.459543639,0.927955934,10.7,11
Dock9,98.68129923,0.363496447,0.495908026,0.73299166,0.463563516,0.927955934,82.4,159.9
Dxo,86.62352286,0.232840213,0.319893169,0.727868661,0.466693989,0.927955934,71,144.1
Dync1h1,435.5406118,-0.168457386,0.23046415,-0.730948334,0.464810712,0.927955934,363,803.3
Dyrk1b,9.621517661,-0.794598502,1.076449549,-0.73816604,0.460413557,0.927955934,7.9,21.7
Ect2,37.91876959,-0.724349982,0.988260916,-0.732954192,0.463586369,0.927955934,35.4,82.3
Eef1a1,2285.186833,0.095337995,0.12881286,0.740127924,0.459222376,0.927955934,1981,3871.9
Ehhadh,4.797925328,-1.104422562,1.493364424,-0.739553283,0.459571097,0.927955934,3.3,13
Eid3,17.69330296,1.020855556,1.403552481,0.727336933,0.467019579,0.927955934,9.9,18.1
Eif1-ps1,19.70993245,0.715403934,0.96164048,0.74394116,0.456912073,0.927955934,16.2,27.6
Emc2,191.9151565,0.200329609,0.270780781,0.739822112,0.45940794,0.927955934,179.2,327.7
Esf1,224.6183692,0.264674564,0.362646098,0.729842581,0.465486413,0.927955934,208.4,365.8
Fam196b,49.12565941,0.524734263,0.711764467,0.737230203,0.460982369,0.927955934,45.4,73.5
Fam220a,72.24461282,0.348034512,0.472747311,0.736195646,0.461611642,0.927955934,67.5,108
Fbxo42,96.85277123,0.419694284,0.573383017,0.731961483,0.464192078,0.927955934,84.3,139.8
Fkbp4,244.2019368,0.219927945,0.299363454,0.734651949,0.462551491,0.927955934,242.3,406.2
Flnb,98.48906741,0.334498385,0.450498919,0.742506521,0.457780503,0.927955934,92.3,159.1
Gabpb1,164.2453862,0.206539351,0.282137459,0.732052213,0.4641367,0.927955934,115.3,263
Gatc,49.44091117,0.511299772,0.701513353,0.728852515,0.466091884,0.927955934,47.3,75.1
Gimap4,2507.317481,0.087348597,0.118837014,0.735028538,0.462322114,0.927955934,1933.9,4376.2
Gm10076,62.68597366,0.35414832,0.481718381,0.735177094,0.462231647,0.927955934,51.1,97.6
Gm10269,60.10692675,0.272712372,0.368046717,0.740972165,0.458710318,0.927955934,49.2,99.1
Gm10874,4.968780561,-1.506187016,2.029589624,-0.74211407,0.458018226,0.927955934,4.4,13.9
Gm11713,4.860838322,-1.519373856,2.061006312,-0.737200002,0.461000732,0.927955934,1.3,13.5
Gm11953,2.355967347,-0.971479423,1.323835296,-0.733837077,0.463048041,0.927955934,1.6,5.8
Gm13563,2.260073411,2.148289739,2.927560206,0.733815733,0.46306105,0.927955934,8.4,5.2
Gm15032,3.589058466,0.712458814,0.978509863,0.728105909,0.466548757,0.927955934,3.7,4.9
Gm17092,10.47445163,1.214849001,1.654052609,0.734468175,0.46266345,0.927955934,8.3,12.6
Gm17767,42.91399675,-0.614202387,0.832252365,-0.73800017,0.460514346,0.927955934,32.5,95.8
Gm17794,4.160254459,-0.76973394,1.037756902,-0.741728568,0.458251808,0.927955934,3.8,10.4
Gm38057,21.37579108,1.048346287,1.428933912,0.733656244,0.463158273,0.927955934,15.1,23.4
Gm42829,10.75301227,1.36250462,1.829569638,0.744713178,0.456445131,0.927955934,6.5,9.5
Gm43445,10.84261187,-1.09802246,1.489504139,-0.737173151,0.461017059,0.927955934,9.9,23.7
Gm45205,6.579434356,1.398223002,1.914841245,0.730203094,0.465266052,0.927955934,4.3,5.2
Gm47166,3.426149835,1.904568219,2.593957601,0.734232594,0.462806991,0.927955934,4.5,2.4
Gm4734,10.76780657,0.990336076,1.348972483,0.734141051,0.462862777,0.927955934,12.2,13.8
Gm47445,13.04807807,-0.778298221,1.05116983,-0.74041149,0.459050349,0.927955934,5.1,24.8
Gm5687,18.42713526,0.69373265,0.941470309,0.73686089,0.46120695,0.927955934,13.4,25.4
Gm6030,43.12500385,-0.344906847,0.466159458,-0.739890269,0.459366579,0.927955934,33.8,86.8
Gm9332,16.37879466,1.199614455,1.614606095,0.742976543,0.457495882,0.927955934,24.2,17.1
Gm9843,82.11908051,-0.192445231,0.261840958,-0.734969931,0.462357807,0.927955934,61.7,157.4
Gpatch3,17.02539309,-0.882064566,1.202971058,-0.733238394,0.463413042,0.927955934,9.3,37.5
Grap,262.5227862,0.178866771,0.243986547,0.733100957,0.463496857,0.927955934,194.8,442.8
Grk6,803.8671056,0.139278022,0.191026394,0.72910355,0.465938323,0.927955934,581.1,1360.3
Gse1,57.82039884,-0.391000071,0.532355724,-0.734471433,0.462661464,0.927955934,46.4,109.4
Hectd2,10.29310988,1.331022795,1.816300769,0.732820697,0.463667796,0.927955934,21.3,11
Hells,256.8968618,-0.231453927,0.314515063,-0.735907289,0.461787121,0.927955934,180.6,511.8
Hemk1,70.08748928,0.380745703,0.514429313,0.740132208,0.459219777,0.927955934,51.6,114.3
Ica1l,6.220467473,1.458172035,1.968243298,0.740849486,0.458784707,0.927955934,9.5,11.5
Ift22,16.56661065,0.683984431,0.926297084,0.738407195,0.460267044,0.927955934,20.5,22.6
Il18bp,47.12082018,0.573990853,0.786123734,0.730153318,0.465296474,0.927955934,52.6,60.2
Ints5,65.56337271,0.423421066,0.581770339,0.727814804,0.466726961,0.927955934,64.8,97.8
Itgam,74.88488092,0.548844039,0.754236346,0.72768177,0.466808412,0.927955934,67.7,95.2
Kdr,6.468893114,1.347805383,1.847609097,0.729486224,0.465704292,0.927955934,11.2,5.7
Keap1,307.4549115,-0.246045257,0.333808514,-0.737085026,0.461070645,0.927955934,223.9,595.1
Kif2c,30.79542396,0.465040114,0.626219954,0.742614655,0.457715014,0.927955934,23.4,44.7
Lgals8,268.2810636,0.137341663,0.187851154,0.731119616,0.464706094,0.927955934,203.5,459.8
Lmbrd1,141.5847376,-0.241695946,0.328542442,-0.735661257,0.461936873,0.927955934,95.3,268.4
M6pr,551.295085,-0.181295545,0.245639334,-0.738055838,0.460480519,0.927955934,425.9,1061.7
Meak7,25.80375483,0.609042586,0.82526084,0.738000104,0.460514386,0.927955934,17.5,35.8
Mrpl35,87.95628159,0.28072092,0.383081843,0.732796201,0.463682738,0.927955934,74.4,145.5
Msrb2,13.20285879,1.053053982,1.44773318,0.727381259,0.466992432,0.927955934,8,17.6
Mtfr2,5.709376169,-1.068545857,1.453978148,-0.734911909,0.462393145,0.927955934,2.5,13.5
Myl6b,24.26710443,0.809062567,1.100195342,0.735380833,0.462107592,0.927955934,22.4,33.5
Nadk,182.2777419,-0.273078286,0.367404277,-0.743263764,0.457322006,0.927955934,157.6,344.1
Naprt,5.145533615,-1.610581952,2.212173063,-0.728054228,0.466580391,0.927955934,0.9,14.8
Neo1,3.27140353,2.088385811,2.852647045,0.732086998,0.464115469,0.927955934,7.6,6.8
Olfml2b,6.485277239,1.595527633,2.164602982,0.737099434,0.461061883,0.927955934,12.6,6.5
Osbp,100.1858803,-0.409476595,0.560761335,-0.730215458,0.465258495,0.927955934,86.5,203.1
Osbpl5,76.08977987,-0.51458517,0.699342563,-0.735812744,0.461844664,0.927955934,44.6,158.9
Pank3,146.2771413,-0.365525022,0.495504051,-0.737683218,0.460706973,0.927955934,105.8,297.8
Papss2,10.35909318,1.321509297,1.811346326,0.729572958,0.465651257,0.927955934,9.2,10.3
Pde4c,3.333642999,-1.90568074,2.559247725,-0.744625353,0.456498237,0.927955934,1.5,8.3
Pgk1,69.85110157,-0.436938309,0.597169916,-0.731681715,0.464362859,0.927955934,47.8,141.1
Pik3r5,185.2685733,0.284677362,0.384979444,0.739461201,0.459626991,0.927955934,158.7,297.2
Pim1,908.5640807,0.188122984,0.256770143,0.732651317,0.463771123,0.927955934,791.2,1551.9
Plin3,73.00178397,0.310357443,0.426445419,0.727777646,0.46674971,0.927955934,64.7,113.5
Plpp2,10.32241941,-1.064663103,1.456088278,-0.731180326,0.464669015,0.927955934,8.5,22.2
Plpp3,16.234734,1.380009394,1.894882063,0.728282473,0.466440689,0.927955934,31.7,14.9
Plxna1,14.4947688,1.167724358,1.584641733,0.736901177,0.461182449,0.927955934,22,17.8
Polr2d,116.2905734,-0.311228727,0.423358586,-0.735142116,0.462252947,0.927955934,90.5,225.7
Ppfia1,175.686362,-0.240292196,0.324104503,-0.741403449,0.458448854,0.927955934,117.8,331.8
Ppme1,134.3875478,-0.204247992,0.2793068,-0.731267524,0.464615763,0.927955934,104.1,254.7
Prmt5,169.1661409,0.295096805,0.396617971,0.744032864,0.456856593,0.927955934,176.7,273.6
Ptbp1,38.74798143,0.581349324,0.798779462,0.727797035,0.46673784,0.927955934,33.4,55.2
Ptdss2,39.93671913,0.525572578,0.722369496,0.727567514,0.466878373,0.927955934,39.4,60.2
Ptov1,32.84649828,0.818074843,1.113348006,0.734788079,0.462468568,0.927955934,40.7,43.8
Pus10,38.63135991,0.705006965,0.953928947,0.739056055,0.45987296,0.927955934,33.3,55.3
Rab23,31.87533078,0.862440977,1.179248051,0.731348231,0.464566477,0.927955934,31.3,42.2
Rbms2,80.97303575,-0.322905823,0.434423858,-0.743296707,0.457302065,0.927955934,46.8,163.6
Rdh11,68.4787099,-0.453090186,0.60860069,-0.744478593,0.456586987,0.927955934,50.9,140.9
Rfx3,77.63114017,0.360990657,0.488125341,0.739545003,0.459576123,0.927955934,55.7,127.1
Rnasel,203.7415017,-0.205888974,0.276647154,-0.744229504,0.456737642,0.927955934,124.7,400.4
Rnf170,52.18339575,0.415109265,0.563551186,0.736595495,0.461368376,0.927955934,43.4,75
Rras,66.87151942,-0.342505347,0.4698301,-0.728998305,0.466002699,0.927955934,47.7,133.4
Rtcb,295.2420277,-0.186101102,0.252914717,-0.735825513,0.461836893,0.927955934,242.4,553.1
Rtn1,6.168413374,-1.35400579,1.854141084,-0.730260389,0.465231036,0.927955934,3.8,16.8
S100a1,22.02371652,0.727292798,0.995217987,0.730787434,0.464909,0.927955934,30,24.9
Selenoo,17.6123483,-0.684358917,0.92158003,-0.742593042,0.457728103,0.927955934,16.2,42.4
Selenos,387.2676478,0.26292663,0.353571956,0.743629762,0.457100493,0.927955934,323.4,640.6
Slc19a2,22.18989645,-0.583217075,0.799792565,-0.729210424,0.465872956,0.927955934,19,46.3
Slc25a10,44.55750473,0.672100294,0.918469808,0.7317609,0.464314518,0.927955934,43.5,65.4
Snx27,238.1877437,0.269281723,0.369429201,0.728912936,0.466054921,0.927955934,174.8,377.9
Snx32,19.67537185,0.740170233,1.002185794,0.738555902,0.46017671,0.927955934,13.5,25.5
Sorcs2,6.137672823,1.471416983,1.998840695,0.736135194,0.461648426,0.927955934,12.4,5.4
Srpk2,436.5556528,0.164637168,0.22408681,0.734702628,0.46252062,0.927955934,329.2,721.7
Stk11ip,74.59085344,0.486080911,0.666012162,0.729837889,0.465489281,0.927955934,48.8,108.7
Stk16,163.5705863,0.169453969,0.231087911,0.7332879,0.463382853,0.927955934,124.9,270
Stx1a,21.34139285,0.795152697,1.087552647,0.731139499,0.46469395,0.927955934,22.5,30.9
Sucla2,127.3604175,0.235110768,0.322926139,0.728063603,0.466574653,0.927955934,108.1,217
Tcp11l1,8.95478531,-1.237841508,1.698020442,-0.728990934,0.466007208,0.927955934,5.7,18.6
Tlr1,27.50095074,0.608108125,0.832007843,0.730892299,0.46484494,0.927955934,30.1,34.9
Tmem14c,275.789917,-0.166619282,0.22883615,-0.728116089,0.466542526,0.927955934,214,511.8
Tmem219,111.8050272,0.346650659,0.473701491,0.731791361,0.464295923,0.927955934,100,177.8
Tmem234,588.4870247,0.108896625,0.149669483,0.727580687,0.466870306,0.927955934,480.1,994.9
Tpd52,120.2925089,0.18549561,0.254384361,0.729194237,0.465882856,0.927955934,99.8,189.4
Tppp3,8.500819286,-1.095055123,1.472941671,-0.743447717,0.457210664,0.927955934,8.1,19.5
Tprgl,322.6788316,-0.200587375,0.271670857,-0.738347045,0.460303585,0.927955934,242.7,616.5
Trappc12,160.0716347,-0.304473841,0.409562146,-0.743413043,0.45723165,0.927955934,96.3,306.5
Tsacc,4.888664697,-1.605109603,2.204344898,-0.728157197,0.466517364,0.927955934,3.4,14.6
Ttc4,75.32332381,-0.407025301,0.546608086,-0.744638274,0.456490424,0.927955934,57.5,154.7
Tubgcp4,148.6666345,-0.321333582,0.438362657,-0.733031377,0.463539292,0.927955934,111.7,295
Uba1,806.599262,-0.113783841,0.154317909,-0.737334003,0.460919259,0.927955934,633.2,1488.3
Ube2j1,236.3036516,0.214947662,0.292812669,0.734079106,0.462900527,0.927955934,184.4,382.6
Ube2v2,46.33787175,0.590588223,0.805407543,0.733278733,0.463388443,0.927955934,31.5,66.8
Ube4bos1,6.567852426,-1.309529669,1.796108097,-0.729092904,0.465944835,0.927955934,2.3,15.4
Usp25,663.2361279,0.124836875,0.168863341,0.73927754,0.459738485,0.927955934,517.2,1114
Usp38,297.6968476,-0.25074569,0.342576941,-0.731939777,0.464205326,0.927955934,246.6,584.3
Vasp,1485.627191,-0.100420465,0.135640643,-0.740342,0.459092502,0.927955934,1163.9,2779
Washc1,118.3754007,-0.241085442,0.329610009,-0.73142634,0.464518781,0.927955934,88.5,228.2
Wdr7,51.01300527,-0.474076125,0.641990728,-0.738446997,0.460242865,0.927955934,46.6,104.5
Xlr4c,16.48090866,0.704040365,0.963447477,0.730751163,0.464931158,0.927955934,15.5,25.6
Xpa,190.6909491,0.217255094,0.295838372,0.734370907,0.462722713,0.927955934,140.4,308
Zc3h3,11.98863525,-0.759783708,1.035233103,-0.733925245,0.4629943,0.927955934,9.5,25.3
Zfand2b,44.81065032,-0.473468467,0.641633003,-0.73791165,0.460568139,0.927955934,33.9,86.1
Zfp251,97.39704632,-0.337089815,0.454737567,-0.741284292,0.458521084,0.927955934,61.9,190.8
Zfp568,49.02676681,0.661928627,0.908535969,0.728566231,0.466267041,0.927955934,32,68.5
Zfp738,85.20285438,0.56815232,0.764773227,0.742902993,0.457540413,0.927955934,53.1,114.9
Zw10,134.0651105,0.307772762,0.419438699,0.733772928,0.463087143,0.927955934,99.1,219.9
Map7d3,11.07568733,-1.243991927,1.711460749,-0.726859747,0.467311878,0.92840528,7.5,27.7
Acaca,51.23586504,0.386609156,0.532492634,0.726036627,0.467816317,0.928942732,40.1,84.8
Gm20324,30.47732865,0.496341341,0.68365851,0.726007698,0.467834051,0.928942732,22.9,45.5
Golga7,66.3483192,-0.435424698,0.599823174,-0.725921766,0.467886732,0.928942732,38.9,135.8
Icosl,19.15907174,0.653033938,0.899646561,0.725878324,0.467913365,0.928942732,17,28.4
Tmem119,33.64734014,0.803932466,1.106881218,0.72630419,0.467652311,0.928942732,46.8,39.1
2310061I04Rik,141.2120694,0.303353444,0.418050502,0.725638273,0.468060552,0.928995698,112,220.5
Map1lc3a,42.10769981,-0.474996711,0.65464234,-0.72558202,0.468095047,0.928995698,36.3,86.7
Ogfod2,46.35697861,0.574155193,0.791380472,0.725510944,0.468138633,0.928995698,32.1,63.9
Rpl13a-ps1,42.2821507,-0.264986931,0.365322132,-0.72535143,0.468236462,0.929058463,27.7,79.9
Gm15198,8.880139456,-0.798314463,1.101015699,-0.725070918,0.468408525,0.929140566,7.6,18.1
Slc35b1,192.2431704,-0.303334259,0.418415063,-0.724960179,0.46847646,0.929140566,135.2,377.8
Trim47,21.35083904,-0.978770597,1.349906553,-0.725065446,0.468411882,0.929140566,20.7,42.5
Fbxo33,224.1739456,0.229079874,0.316052939,0.724814881,0.468565605,0.929186054,160.8,358.8
2010300F17Rik,37.94231667,0.515835229,0.712530026,0.72394876,0.469097193,0.92937033,36.9,55.7
Bsg,605.6963794,-0.183730134,0.253803081,-0.723908208,0.46912209,0.92937033,505.7,1126
Cenpb,197.3802747,-0.281262197,0.388392428,-0.724170134,0.468961291,0.92937033,141.4,386.6
Gm25363,17.28770784,1.070641366,1.478839539,0.723973993,0.469081701,0.92937033,12.2,19.3
Gprasp2,2.484880093,-2.132756972,2.944522637,-0.724313321,0.4688734,0.92937033,1.4,7.1
Lztr1,115.9999164,-0.325802338,0.449903582,-0.724160356,0.468967294,0.92937033,74.8,232.8
Plxnd1,19.41656856,0.63353796,0.874857478,0.724161336,0.468966692,0.92937033,18.9,25.2
Tmem94,111.3566722,-0.289108847,0.399535808,-0.723611856,0.469304061,0.929599603,79,219
Gm16580,50.54295013,-0.334370423,0.462379873,-0.723150903,0.469587179,0.929659864,39.9,101.2
Gm48114,82.42007795,0.394337388,0.545482169,0.722915266,0.469731944,0.929659864,68.7,127.3
Ints10,90.62749108,0.328275043,0.4539114,0.723213921,0.469548467,0.929659864,59.1,144.1
Lmbrd2,76.08816582,0.325570768,0.450261005,0.723071206,0.469636138,0.929659864,64.2,125.7
Nuf2,21.51123557,-0.81769778,1.131074678,-0.722938808,0.469717479,0.929659864,12.5,50.5
Stx19,22.16454604,-0.983336524,1.360138988,-0.722967677,0.469699743,0.929659864,11.1,50.1
Adcy5,8.418209755,-1.425114657,1.977068363,-0.720822144,0.471018949,0.929834046,4.4,20
Brpf1,201.2802712,-0.208608919,0.28946172,-0.720678777,0.471107173,0.929834046,146.1,388.3
Bysl,67.75291204,0.40012625,0.554054852,0.722178045,0.47018502,0.929834046,55.6,103.6
Csgalnact1,2.11289158,-2.12523205,2.947195405,-0.721103204,0.47084602,0.929834046,1.1,7.2
D3Ertd254e,29.63722816,-0.66581447,0.924226423,-0.720401899,0.471277581,0.929834046,19.7,64
Dtd2,60.1657711,0.576610129,0.799752906,0.720985351,0.470918528,0.929834046,52.4,88.7
Dus1l,79.86318632,0.429093812,0.595468323,0.720598889,0.471156338,0.929834046,76.1,123.1
Gm42727,8.560171144,-1.308401832,1.813207343,-0.721595264,0.470543352,0.929834046,5.5,21.4
Ifih1,247.0696093,-0.147947188,0.205324964,-0.720551389,0.471185571,0.929834046,202.7,458.7
Khdc4,378.0564923,0.148917578,0.2066674,0.72056637,0.471176351,0.929834046,298.2,638.5
Klf13,772.1039443,0.129768623,0.179706954,0.72211242,0.470225362,0.929834046,585.5,1337.6
Lmtk2,71.31763915,-0.329268294,0.456429286,-0.721400454,0.470663167,0.929834046,47.4,140.5
Lsm8,215.7743349,0.246802547,0.341723968,0.722227794,0.470154438,0.929834046,174.5,352.1
Morn3,32.71980814,0.764338731,1.059527646,0.721395741,0.470666066,0.929834046,25.2,43.4
Mrpl45,97.47440843,-0.425464184,0.590505013,-0.720509013,0.471211653,0.929834046,95.4,199.4
Napg,187.1472404,0.190893438,0.264792243,0.72091779,0.470960097,0.929834046,135.5,306.6
Nudt16,116.0743445,-0.239196458,0.331495906,-0.721566855,0.470560823,0.929834046,80.4,223.3
Rpl27a-ps1,12.18199294,-0.71526057,0.992450309,-0.720701644,0.471093101,0.929834046,5.2,28
Spn,1366.571273,-0.110859891,0.153463967,-0.722383847,0.470058515,0.929834046,939.8,2532.7
Stx17,86.65705247,0.386915063,0.535602576,0.722392088,0.47005345,0.929834046,66.2,134.4
Stx18,54.20135172,0.527422073,0.730987585,0.721519878,0.470589715,0.929834046,46.8,81
Ube2q1,543.4119695,-0.147555038,0.204206977,-0.722575889,0.469940486,0.929834046,381.3,1040.1
Bcat2,44.35160506,0.381853187,0.530647817,0.719598149,0.471772452,0.929973609,50.7,66.4
Ccnf,44.43583562,0.503451994,0.699738319,0.719486101,0.471841463,0.929973609,32.7,64.4
Dlgap5,62.47496389,-0.39467547,0.548205735,-0.719940424,0.471561677,0.929973609,38,133
Gab2,13.96588558,0.871067752,1.209813545,0.720001653,0.471523978,0.929973609,21,17.1
Hspa1a,142.8755915,0.520644448,0.723585607,0.719534003,0.471811959,0.929973609,108.5,202.9
Mtmr10,37.46459265,-0.680363319,0.945678589,-0.719444563,0.471867048,0.929973609,26.3,82
Rsl24d1,134.4841669,-0.311812137,0.433408391,-0.719441855,0.471868716,0.929973609,117.7,258
Sh3bp2,107.506433,0.341433828,0.474591964,0.719426063,0.471878443,0.929973609,107.7,160.8
Eef1akmt1,76.98953274,-0.34770196,0.48341759,-0.719257982,0.47198198,0.930047052,52.1,150.3
Cab39,530.8591188,0.162599424,0.22621547,0.718781187,0.472275751,0.930495281,423.6,901.2
Eef1d,691.8462895,0.144732454,0.201455907,0.718432415,0.472490706,0.930709988,602.5,1148.8
Rpl7-ps7,8.70067191,-0.635083871,0.88403876,-0.71838917,0.472517363,0.930709988,3.3,17.4
Eefsec,43.94042526,0.437157783,0.608692163,0.718191902,0.47263897,0.930750888,42.8,63.8
Txn2,279.7083447,0.140280917,0.195339146,0.718140323,0.47267077,0.930750888,224.1,474.6
Gm42868,7.851227159,-1.169877917,1.629389245,-0.71798554,0.472766203,0.930808205,6.9,21.5
Gas2l3,42.45401556,0.60102482,0.837864059,0.717329755,0.473170652,0.931343187,43.7,65.4
Trib1,128.4881247,-0.202856213,0.282765455,-0.717400975,0.473126718,0.931343187,90,239.8
Gm10362,4.404021871,-1.059163726,1.477858271,-0.716688296,0.473566449,0.931730204,3.2,10.3
Invs,74.32693879,-0.417093565,0.581909328,-0.716767279,0.473517705,0.931730204,38.8,152.9
Mrpl20,185.7801477,-0.303073982,0.422854628,-0.716733274,0.473538691,0.931730204,145,365.7
4930417O13Rik,67.18738444,0.452638631,0.632040588,0.716154373,0.473896033,0.931825012,41.1,100.1
A630072L19Rik,30.22112915,0.755211972,1.054733844,0.71602137,0.473978154,0.931825012,26.7,37.6
Arl8a,172.2656791,0.280951155,0.392166299,0.716408207,0.473739329,0.931825012,169.3,283.8
Glrx5,178.7879787,-0.17794235,0.248455436,-0.716194231,0.473871425,0.931825012,129.1,342.4
Gm48611,198.6989676,-0.266901375,0.372587252,-0.716345966,0.473777751,0.931825012,125.3,384.7
Gstm1,5.844056618,-1.154339758,1.612285405,-0.7159649,0.474013023,0.931825012,5,15.2
Atxn1l,81.37994717,0.403806407,0.564559309,0.715259496,0.474448711,0.932073668,80.1,128.6
Avpi1,28.59581794,0.645725805,0.902883446,0.715181796,0.474496716,0.932073668,37.1,38
Gm10717,64.04187808,-0.368751168,0.515730503,-0.715007482,0.47460442,0.932073668,37.2,126.3
Gm42967,2.39894866,1.742139183,2.436370574,0.715055091,0.474575002,0.932073668,5,1.9
Kansl1,533.7905839,0.128866447,0.180123267,0.715434764,0.474340438,0.932073668,458.4,910.2
Prep,102.6837371,0.190292638,0.265936641,0.715556294,0.474265369,0.932073668,88.7,168.1
Zfp263,158.596795,-0.255740636,0.357596007,-0.715166363,0.474506251,0.932073668,108.9,283
Cox5b,237.0387619,-0.2124817,0.297230619,-0.714871504,0.474688447,0.93210825,194.6,451
2310009B15Rik,25.37928042,-0.570347387,0.80077576,-0.712243572,0.47631396,0.932161327,19,51.9
Ap1s2,185.5060781,-0.219286211,0.307504396,-0.713115693,0.47577417,0.932161327,148.7,360
Arf4,663.6111846,0.140534861,0.197119568,0.712942214,0.475881516,0.932161327,548,1122.1
Cdkn2b,15.68360112,0.890684485,1.25074723,0.712121893,0.476389298,0.932161327,16.9,19.7
Chek2,49.11624221,0.706235726,0.989696879,0.713587908,0.475482037,0.932161327,44.2,58.6
Dapp1,133.1322439,0.246791891,0.345851146,0.713578352,0.475487948,0.932161327,119.9,215.1
Exoc4,314.1304904,-0.139783085,0.19626946,-0.712199876,0.476341014,0.932161327,246.6,576.4
Fchsd2,218.6482543,0.246577408,0.34535635,0.713979657,0.475239759,0.932161327,161.5,367
Gm13009,2.29332912,-0.75069114,1.050522798,-0.714588147,0.474863571,0.932161327,5,11.1
Gm9465,4.748531247,-1.342534112,1.880274863,-0.714009499,0.475221306,0.932161327,3,13.2
Kremen1,67.39356435,0.468884564,0.658158268,0.712419165,0.476205251,0.932161327,50.6,101.4
Lgmn,164.3813413,0.507601721,0.710681492,0.714246433,0.475074809,0.932161327,221.9,207.9
Mrpl2,89.05704288,-0.503051125,0.705390522,-0.713152657,0.475751298,0.932161327,60.9,180.1
Mx1,342.4412824,-0.186527786,0.261829336,-0.712402164,0.476215776,0.932161327,277,641.6
Ncmap,9.463061051,-1.039622725,1.460070306,-0.712036071,0.47644244,0.932161327,5.9,20.4
Ndufs4,260.0028688,-0.160904999,0.225825892,-0.712517939,0.476144107,0.932161327,203.1,486.6
Nelfa,170.1640373,-0.226172798,0.316651778,-0.714263473,0.475064275,0.932161327,139.9,306
Raver2,18.55381386,0.941802632,1.318101822,0.714514324,0.474909202,0.932161327,16.1,23.7
Rnf123,11.89956263,0.853561612,1.196161673,0.713583817,0.475484568,0.932161327,11.4,16.4
Sac3d1,24.45452192,0.752191981,1.056278334,0.712115318,0.47639337,0.932161327,23.6,30
Scrn3,22.49083487,0.956691767,1.340656391,0.713599527,0.47547485,0.932161327,22.9,25.2
Smpdl3a,252.4898761,-0.162688649,0.228151698,-0.713072271,0.475801037,0.932161327,186.2,479
Tpra1,127.4556403,-0.270534476,0.379314147,-0.713220106,0.475709567,0.932161327,103.3,250.9
Tradd,95.2755155,-0.223110531,0.312645045,-0.713622477,0.475460655,0.932161327,58.5,186.3
Trappc6a,137.887995,0.40770857,0.571721578,0.713124335,0.475768822,0.932161327,101.6,204.3
Ube2d2a,260.8371563,0.144440166,0.20280952,0.712196185,0.476343299,0.932161327,217.6,453.5
F11r,10.67035816,-0.686420133,0.964447279,-0.711723853,0.476635794,0.932279684,9.8,20.8
Fam102a,1066.11351,-0.101338215,0.142365304,-0.711818201,0.47657736,0.932279684,786.7,1991
Gm28151,4.356470022,-1.625524142,2.284613096,-0.711509596,0.476768506,0.932409311,6.7,12.4
5730455P16Rik,93.09772394,0.339571594,0.477433571,0.711243647,0.476933265,0.932471642,77.3,142.1
Fbxo10,11.00691233,1.236534317,1.738533307,0.711251439,0.476928438,0.932471642,16.3,11.2
Gm43379,40.29265959,0.589234499,0.828907556,0.710856711,0.477173034,0.932810469,35.3,59.7
A930037H05Rik,98.01714305,0.441579068,0.621431047,0.710584174,0.477341953,0.932882055,82.3,146
Oas3,174.0449422,-0.284474485,0.400339485,-0.710583132,0.477342599,0.932882055,138.6,345
3830408C21Rik,1.991755803,1.448513498,2.048602375,0.707074011,0.479520486,0.932944591,3,1.8
Abcb1b,204.4822644,0.266667913,0.377663652,0.706098961,0.480126598,0.932944591,147.2,326
Adcy6,2.554120601,1.533220439,2.17588337,0.704642749,0.481032588,0.932944591,5.5,6.5
Ahsa1,172.5548617,-0.252183309,0.355388695,-0.709598566,0.477953109,0.932944591,141.7,333.8
Alms1,31.65694057,0.538337324,0.764292975,0.704359901,0.481208671,0.932944591,26.9,46.9
Amotl1,10.85191532,1.193781214,1.69011512,0.706331303,0.479982131,0.932944591,16.5,10.8
Angel1,16.00393863,-0.788874484,1.120807313,-0.703844876,0.481529384,0.932944591,11.2,37
Api5,374.7561258,0.123877781,0.175416026,0.706194208,0.480067372,0.932944591,282.9,644.3
Arl6ip6,61.61738228,0.447779363,0.631291496,0.70930682,0.478134097,0.932944591,72,94.5
Aspn,19.22660289,1.21544388,1.715578866,0.708474501,0.478650642,0.932944591,41,21.1
B3gntl1,32.94390124,0.572412434,0.812127456,0.704830787,0.480915547,0.932944591,21.6,44.1
Cad,110.611718,-0.351084001,0.498749748,-0.703928177,0.481477503,0.932944591,82.2,214.3
Ccl12,39.21861915,-0.756955529,1.075322855,-0.703933266,0.481474334,0.932944591,39.3,73.8
Cyld,851.0462264,0.087660507,0.123767764,0.708266066,0.478780046,0.932944591,656.7,1468.2
Cyth1,337.3410182,0.195717845,0.276081541,0.708913187,0.478378351,0.932944591,298.4,554.4
Dcps,122.0349752,0.345539939,0.489178681,0.706367534,0.479959605,0.932944591,109,192.2
Depdc5,82.83987962,0.399527425,0.564928588,0.707217573,0.47943128,0.932944591,69.9,131.6
Dnajb12,68.64659036,0.422765685,0.598143779,0.706796092,0.479693204,0.932944591,71.7,109.9
Dnajb14,60.12288946,-0.491954136,0.696762939,-0.706056692,0.480152883,0.932944591,52.3,120.5
Dohh,50.77788873,0.524188194,0.739119902,0.709205898,0.478196714,0.932944591,41.9,76.2
Egr3,47.3117699,0.539302191,0.7650016,0.70496871,0.480829709,0.932944591,57.9,61.8
Ehmt1,353.3686165,-0.193259641,0.273003937,-0.707900565,0.479007009,0.932944591,264.6,679.4
Emc3,203.8654266,0.259302926,0.367093156,0.706368185,0.479959201,0.932944591,156.7,349.5
Fanca,20.35424082,-0.742065171,1.045791305,-0.709572901,0.477969029,0.932944591,13.3,39.2
Fermt3,728.8558182,-0.154837897,0.218164492,-0.709730054,0.477871551,0.932944591,535.7,1378.4
Flt1,13.91745641,1.096521908,1.557755436,0.703911463,0.481487912,0.932944591,15.4,13.4
Fn3krp,12.73236553,-0.977590789,1.386922355,-0.704863387,0.480895257,0.932944591,6.9,29.2
Glis2,9.400077195,-0.963073367,1.367483813,-0.70426674,0.481266675,0.932944591,10.8,22.5
Gm10676,6.770533506,-1.10430912,1.567584099,-0.70446563,0.481142847,0.932944591,4.9,16.1
Gm5674,12.63623026,0.92616737,1.306207667,0.709050631,0.478293058,0.932944591,12.9,12.7
Gm7183,15.2238674,-0.854615023,1.207937821,-0.707499185,0.479256319,0.932944591,7.3,36.9
Gtf3c5,76.11068587,-0.281741302,0.398074571,-0.707760111,0.479094241,0.932944591,44.1,144.7
Hgh1,28.86862439,-0.516749549,0.730931691,-0.706973792,0.479582765,0.932944591,19.4,56.8
Hist1h2ak,5.62469067,1.632552035,2.310713653,0.706514211,0.479868418,0.932944591,10.5,10.4
Ints1,103.6367147,0.347187086,0.491786764,0.705970781,0.480206308,0.932944591,89.7,158.7
Kif5c,61.30003873,-0.491130988,0.695951551,-0.705697095,0.480376528,0.932944591,33.4,123.4
Lhfpl2,31.13229357,0.926441725,1.305751821,0.709508278,0.478009117,0.932944591,39.3,30.5
Lonp1,151.5895843,0.271590374,0.384160223,0.706971618,0.479584116,0.932944591,119.9,245.7
Lsm1,95.38383846,-0.365939294,0.519130361,-0.704908288,0.480867312,0.932944591,60.9,190.3
Mrs2,108.8378036,0.355558385,0.501657116,0.70876775,0.478468614,0.932944591,81.4,172.5
Mtrr,42.34949643,0.561127605,0.792002501,0.708492213,0.478639646,0.932944591,30,62.5
Mvb12b,59.54946366,-0.524055585,0.741518598,-0.706732895,0.479732483,0.932944591,44.6,133.6
Nab2,155.8537725,-0.311719264,0.44275964,-0.704037215,0.481409598,0.932944591,130,303.9
Nup35,27.09613815,0.717390185,1.019322152,0.70379142,0.481562678,0.932944591,23.1,34.6
Pimreg,27.40961685,-0.759015198,1.078352892,-0.703865314,0.481516654,0.932944591,13.3,62.8
Psmb4,678.0385465,0.10718564,0.151034179,0.709678039,0.477903813,0.932944591,561.2,1154.9
Rab12,169.9436766,0.299305765,0.423718791,0.706378313,0.479952904,0.932944591,144.5,270.2
Rab1a,383.1710336,0.121248914,0.171712633,0.706115282,0.480116449,0.932944591,310.2,653
Rpl12,119.4179716,0.288350941,0.409164315,0.704731401,0.480977406,0.932944591,127.5,190.7
Rpl17-ps10,2.616433756,-0.630735579,0.895095396,-0.704657382,0.481023479,0.932944591,5.6,6
Sdc3,23.22403189,-0.785755162,1.116250139,-0.70392391,0.481480161,0.932944591,23.9,45.8
Selenok,356.7021759,-0.19048657,0.268274467,-0.710043605,0.477677096,0.932944591,253.2,677.3
Serf2,254.9883697,-0.159827903,0.225361266,-0.709207513,0.478195712,0.932944591,206.5,487.9
Smim14,312.6491578,-0.249307999,0.353247297,-0.705760529,0.480337072,0.932944591,232.9,596.7
Spp1,158.2860894,-0.449977429,0.639333477,-0.703822724,0.481543181,0.932944591,157.5,298.3
Stx16,381.6462188,-0.188622096,0.267123461,-0.706123285,0.480111472,0.932944591,283.5,723.4
Tbl3,67.66732303,-0.365819574,0.517285604,-0.707190712,0.47944797,0.932944591,46.3,135
Tlcd2,12.1929434,-0.892995273,1.263024404,-0.70702931,0.479548264,0.932944591,4.8,30
Tnip2,39.75702966,-0.442089037,0.623403505,-0.709153916,0.478228968,0.932944591,32.5,80.5
Vat1,43.30750334,0.488421348,0.693237145,0.704551612,0.48108932,0.932944591,62.6,66.3
Xpo7,193.9423436,-0.259252063,0.367058542,-0.706296227,0.480003939,0.932944591,156,382.3
Zbtb41,70.64044329,0.368015707,0.51999679,0.707726883,0.47911488,0.932944591,52.5,113.4
Zfp593,6.926367536,-1.101872699,1.551969566,-0.709983445,0.477714402,0.932944591,2,18.8
Abhd17c,57.57290459,-0.399193272,0.56778446,-0.703071852,0.482010973,0.933063606,45.3,127
Acbd6,179.0210117,0.256154995,0.364323369,0.7030979,0.481994741,0.933063606,182.3,292.2
Acvr1,20.34409311,1.07309546,1.525355848,0.703504996,0.481741094,0.933063606,23.8,22.5
Asap2,50.24748133,0.508026212,0.7226054,0.703047904,0.482025897,0.933063606,46.8,74.4
Gm47694,18.70948858,0.808394433,1.150009581,0.702945825,0.482089512,0.933063606,13.4,24.6
Gm5787,40.65789273,-0.456882196,0.649493761,-0.703443549,0.481779375,0.933063606,38.1,80.7
Pidd1,45.98945683,0.617413157,0.878159384,0.703076421,0.482008126,0.933063606,31.7,58.7
Atg5,156.4943163,-0.286448452,0.407832225,-0.702368362,0.482449471,0.933184397,120.3,297.1
Gm17546,6.902492585,-1.256545927,1.789300974,-0.702255208,0.482520022,0.933184397,5.6,14.6
Gm44226,6.272495882,0.967748102,1.378154712,0.702205705,0.482550888,0.933184397,5.2,7
Hint2,82.29602756,-0.350018552,0.498205403,-0.702558723,0.482330793,0.933184397,74.9,155.7
Mrpl42,142.1195551,0.259173576,0.369012559,0.70234351,0.482464965,0.933184397,109.7,225.2
Tbc1d10a,21.09617296,-0.521200019,0.742045549,-0.702382785,0.482440478,0.933184397,18.7,43.5
Sae1,216.7476405,0.181749801,0.258899371,0.702009436,0.482673279,0.933292476,162.2,362.2
Gm43289,2.962253743,-2.035465873,2.901247727,-0.701582927,0.482939302,0.933454374,1.2,8.9
Hck,33.8789717,-0.763802833,1.088583156,-0.701648587,0.482898343,0.933454374,32.6,65.1
Rsrc1,235.7978336,0.213020621,0.303640536,0.70155528,0.482956549,0.933454374,178.5,367.6
mt-Tp,61.03045948,-0.412806915,0.588579042,-0.7013619,0.483077192,0.933558981,45,124.4
Acrbp,31.25456235,0.702284925,1.001643485,0.701132624,0.483220253,0.933706874,24.5,43.8
Maco1,115.5684862,-0.366205564,0.522666757,-0.700648279,0.483522541,0.934162354,83.9,235.4
Nit2,55.82998426,0.318882929,0.455204546,0.700526679,0.48359845,0.934180405,50.6,84.4
Adam17,287.464837,0.215247915,0.307773409,0.699371382,0.484319968,0.934245955,262.7,468.8
Col14a1,5.100606494,1.571137708,2.248555598,0.698731981,0.484719543,0.934245955,8.2,3.4
Cr1l,356.5985032,0.177404164,0.253599492,0.699544637,0.484211728,0.934245955,239.2,602.6
Ddx51,26.19749539,-0.656132264,0.93741219,-0.699939974,0.483964792,0.934245955,22.9,53.2
Diexf,74.86723274,0.41641059,0.59553567,0.699220233,0.484414408,0.934245955,51,108.4
Efl1,95.78740424,0.391169231,0.559616398,0.698995297,0.48455497,0.934245955,98.1,151.4
Fam102b,45.88336311,0.588760643,0.841292568,0.699828651,0.48403432,0.934245955,61.8,66.6
Gm17151,29.31616367,0.648057422,0.926982243,0.699104462,0.48448675,0.934245955,23.4,40.2
Gm9568,7.111982222,-0.611053396,0.872875808,-0.700046204,0.48389845,0.934245955,10.3,14.3
Nudt3,217.1112938,0.178130301,0.2550374,0.698447761,0.484897216,0.934245955,176,352.3
Ofd1,103.2464098,0.360691933,0.516064082,0.698928575,0.484596669,0.934245955,109.4,162.9
Paqr8,8.712524732,-1.16316113,1.662177052,-0.699781728,0.484063627,0.934245955,3.1,22.4
Rab31,31.15777156,0.631845192,0.904570536,0.698502954,0.484862711,0.934245955,46,41.9
Sft2d2,163.2424797,-0.298081234,0.426768909,-0.698460519,0.48488924,0.934245955,120,311.3
Slc25a22,164.6982781,-0.228986649,0.327165417,-0.699910923,0.483982936,0.934245955,111.2,304.5
Trim2,15.06969198,-0.546936433,0.782357265,-0.699087817,0.484497152,0.934245955,19.3,29.8
Trmt1,94.97876334,0.293223031,0.418773487,0.70019483,0.48380564,0.934245955,77.4,151.9
Zfp143,79.74853863,-0.449802536,0.644002595,-0.698448329,0.484896861,0.934245955,54.1,165.7
Zfp248,5.254402485,1.456001406,2.082676941,0.69910094,0.484488951,0.934245955,10.1,5.1
Gm16238,13.53371475,0.777116495,1.113033352,0.698196953,0.485054031,0.934291556,19.4,19
Vps35l,177.3624933,-0.266197054,0.381209823,-0.698295369,0.484992495,0.934291556,138.2,338.5
Adam11,9.688044035,1.37783782,1.976216832,0.697209839,0.485671482,0.934582967,16.6,7.6
Crmp1,72.57360861,-0.402225521,0.576826096,-0.697308122,0.485609987,0.934582967,57.2,146.5
Csrp1,52.1643648,-0.201674342,0.2891416,-0.697493347,0.485494102,0.934582967,37.1,100.8
Fkbp3,292.0046246,0.157942454,0.226500733,0.697315421,0.48560542,0.934582967,218.4,489.7
Gm17300,12.55417382,1.143019073,1.637923386,0.697846482,0.485273207,0.934582967,12.2,15.1
Pus7l,24.79287001,0.911473779,1.306502472,0.697644129,0.485399777,0.934582967,20.7,28.3
Wdr37,104.1752672,0.28705943,0.411558634,0.697493397,0.48549407,0.934582967,92.4,164.8
Rps11-ps1,98.53421814,-0.390438559,0.560220729,-0.696937009,0.485842216,0.934783337,63.3,193.4
Scfd2,54.43374698,0.418510209,0.600597297,0.696823332,0.485913363,0.934792068,41.2,80.7
0610012G03Rik,94.36536618,0.388038027,0.55768776,0.695797998,0.486555343,0.934850943,104.5,152.4
Amd2,8.650465739,0.489039622,0.702528068,0.696113998,0.486357441,0.934850943,5.7,13
Arl4a,129.9606318,0.328075887,0.471638855,0.695608268,0.486674187,0.934850943,111.2,210.4
D830025C05Rik,26.68331621,-0.620585212,0.891800604,-0.695878887,0.48650468,0.934850943,11.5,57
Hmox2,10.90992603,-0.68218214,0.980704408,-0.695604235,0.486676713,0.934850943,11,22.3
Proser3,4.976256687,1.003160948,1.440874943,0.696216527,0.486293239,0.934850943,6.4,6.9
Slc25a18,12.61606729,-1.106886119,1.590830153,-0.695791513,0.486559405,0.934850943,2.8,27.4
Slc50a1,214.1908678,0.176918509,0.253978652,0.69658811,0.486060599,0.934850943,172.3,358.3
Tmem184b,106.1528168,0.309019147,0.44391318,0.696125191,0.486350432,0.934850943,85.4,176.8
Tor1b,265.3629658,0.149386131,0.214722566,0.69571696,0.486606102,0.934850943,232.1,447.6
Zfp292,1115.718502,0.088270451,0.126868348,0.695764174,0.486576529,0.934850943,851.4,1916.1
Slc12a5,2.266798393,-1.718823038,2.471873487,-0.69535235,0.486834514,0.935026081,1.1,5.5
Ccdc181,30.9086921,-0.602044883,0.865961389,-0.69523294,0.486909332,0.935037828,29.6,64.1
Gm3222,7.967487638,-1.144231348,1.646320131,-0.695023602,0.48704051,0.935037828,5.6,22.3
Rpl27a,150.397147,0.341475312,0.491279354,0.695073604,0.487009176,0.935037828,136.1,237.5
Pick1,44.90704933,-0.440621616,0.634107943,-0.694868469,0.487137734,0.935096562,31.1,95.7
4921531C22Rik,4.173550079,1.282523989,1.847390252,0.694235551,0.487534501,0.935106902,6.3,10.8
Cd93,50.51095314,-0.458191801,0.660168157,-0.694053168,0.487648866,0.935106902,51.6,96.4
Clspn,124.7044235,-0.330872073,0.476393243,-0.694535612,0.487346376,0.935106902,75.8,248.1
Eif3j1,80.43660588,-0.430266311,0.620256522,-0.69369091,0.487876068,0.935106902,53.4,157.2
Fbl,14.59549852,-0.734732174,1.058554819,-0.694089868,0.487625852,0.935106902,11,33.4
Ggcx,30.2203038,0.648202254,0.933197682,0.694603369,0.4873039,0.935106902,32.7,39.5
Gm4262,2.249727184,-1.717844144,2.475373616,-0.693973682,0.487698714,0.935106902,1.1,5.7
Msantd2,51.39503393,-0.525251254,0.757166394,-0.693706506,0.487866285,0.935106902,33.4,104.8
Pdcd10,135.477717,0.352747278,0.507866126,0.694567447,0.487326419,0.935106902,123.1,206.4
Tk2,99.17821184,0.324135836,0.467254901,0.693702378,0.487868874,0.935106902,61.2,156.1
Tmem50b,67.23681668,-0.498938071,0.718677514,-0.694244723,0.48752875,0.935106902,59.8,131.7
2810021J22Rik,15.51492514,1.095761519,1.580360366,0.693361807,0.488082524,0.935119474,19,14.9
Cltc,641.1140556,-0.130100356,0.187604634,-0.693481565,0.488007391,0.935119474,469,1179.4
Rcc1,33.45263326,-0.39697475,0.572517486,-0.693384499,0.488068288,0.935119474,22.2,65.8
Zwilch,37.81627143,-0.560369312,0.808565303,-0.693041503,0.488283506,0.93537684,23.3,81.8
Cdc14a,273.3986734,-0.203489783,0.293862643,-0.69246564,0.488644957,0.935727187,202,520.3
Gm44130,29.0450264,1.528497447,2.207435042,0.69243145,0.488666421,0.935727187,16.7,24.4
Zfp943,42.88935004,0.461633104,0.666635557,0.692481971,0.488634704,0.935727187,27.4,63.5
8430429K09Rik,8.467605916,-0.876792119,1.266690389,-0.692191341,0.488817176,0.935760503,6.4,19.3
Ctsw,1717.679719,0.06539869,0.094471496,0.692258429,0.488775052,0.935760503,1293.5,2953.5
Sf3b4,41.4068416,-0.509962702,0.737166799,-0.691787399,0.489070851,0.93611843,31.9,91.2
Ctsa,300.181294,-0.227712056,0.329277669,-0.691550256,0.48921981,0.936148188,249.4,543.9
Hsd17b11,91.57190942,0.49049222,0.709226358,0.691587692,0.489196293,0.936148188,88.6,130
Asl,63.6978096,0.456814084,0.661074693,0.691017353,0.489554636,0.936370307,57.6,89.4
Rcn2,102.3525733,0.355265457,0.514176438,0.690940755,0.489602773,0.936370307,78.7,160.4
Vps13c,183.0031848,0.296251034,0.428600798,0.691205046,0.489436693,0.936370307,135.4,277.5
Vps50,79.95080293,0.500851327,0.724838686,0.690983162,0.489576122,0.936370307,67.9,115.1
Ddx59,21.18752004,-0.921598111,1.334077119,-0.690813221,0.489682926,0.936395992,12.8,50.3
Apobec1,78.22654287,-0.426607045,0.618215558,-0.690061967,0.490155219,0.936399657,65.1,150.2
C87436,51.04205526,0.354227373,0.513003688,0.690496737,0.489881861,0.936399657,40.1,78
Eya2,37.4046539,-0.456889642,0.662197388,-0.689959898,0.490219406,0.936399657,29.1,76.6
Gna12,68.151017,-0.382918284,0.554411997,-0.6906746,0.489770055,0.936399657,53.5,132.5
Morf4l1,270.9041081,0.209422067,0.303540503,0.689931211,0.490237447,0.936399657,216.7,450.9
Rpsa-ps7,5.662737468,-0.927053135,1.343111116,-0.690228175,0.490050708,0.936399657,4.1,12.3
Scap,222.0360418,0.25729781,0.372973737,0.689855034,0.490285356,0.936399657,211,373.1
Tsr2,29.7130135,-0.607198939,0.879627403,-0.690291068,0.490011164,0.936399657,24.2,67.3
Uba3,101.8824914,0.223352834,0.323487742,0.690452233,0.489909839,0.936399657,76.7,162.4
Trpt1,13.86730032,-0.975487262,1.414643997,-0.68956378,0.490468551,0.936622078,10.2,33.8
Car9,7.451887953,-1.356147398,1.967297719,-0.689345281,0.490606009,0.936646616,4.2,19.7
E2f7,60.08299755,0.690518858,1.002036979,0.689115145,0.49075081,0.936646616,49.7,86.6
Gm10722,21.27718543,0.723678774,1.050226782,0.689069053,0.490779814,0.936646616,15,28.5
Gm44101,27.21114982,0.873448271,1.267680452,0.689012968,0.490815107,0.936646616,24.3,36.6
Zfp945,142.8935119,0.317948333,0.461372966,0.689135159,0.490738216,0.936646616,109.1,233.5
Mtcp1,29.36286808,0.709698659,1.030227109,0.688875931,0.490901347,0.936683822,33.5,38.9
B3galt6,23.58753943,-0.763347706,1.108438381,-0.6886695,0.491031274,0.936804363,12.5,54.9
B930036N10Rik,16.13896068,0.990663823,1.438815078,0.688527551,0.491120627,0.936847475,18.2,15.1
Hyls1,22.2159104,0.535407669,0.77784632,0.688320631,0.491250893,0.936968609,25.1,32.1
Gab3,76.39172913,0.369351404,0.536794053,0.688069106,0.491409264,0.937143309,74.1,121.8
Med19,150.6712456,0.292725994,0.425605439,0.687787249,0.491586767,0.937354442,133.7,238.1
4831440D22Rik,19.52940943,-0.937961561,1.372573051,-0.683360029,0.494379371,0.937365039,9.5,45.3
4931406P16Rik,44.25820093,-0.453076991,0.662698046,-0.683685419,0.494173833,0.937365039,31,91.8
5330438D12Rik,12.67101352,0.969943734,1.420482605,0.6828269,0.49471623,0.937365039,14,14.7
Abhd18,95.97617802,-0.410823407,0.601710253,-0.682759526,0.494758809,0.937365039,52.6,196.5
Aldh7a1,50.22416609,0.331116831,0.482458121,0.686312068,0.49251634,0.937365039,39.8,80
Angptl1,3.183150357,-1.790737884,2.611171907,-0.685798541,0.492840156,0.937365039,1.6,8.5
Atp5c1,655.5362251,-0.11546422,0.16819739,-0.68648045,0.492410188,0.937365039,475,1224
Bclaf3,124.7768202,0.270534867,0.39469481,0.685427983,0.493073891,0.937365039,91.3,206.9
Castor2,39.16727834,-0.640073232,0.933073311,-0.685983861,0.492723286,0.937365039,32.2,84.3
Cdyl,109.0290867,0.331105921,0.481976731,0.686974909,0.49209854,0.937365039,90.1,173.8
Clic4,294.4137053,0.301042684,0.439306426,0.68526811,0.493174751,0.937365039,295.5,456.1
Csnk1e,144.795734,0.275840998,0.402721176,0.68494287,0.493379972,0.937365039,96.4,230.8
Cybc1,163.7419502,-0.325777762,0.476175212,-0.68415523,0.493877149,0.937365039,135.2,312.8
Evi5l,28.72035939,-0.531402921,0.77412507,-0.686456158,0.492425502,0.937365039,22.4,64.3
Fyb,2113.323753,0.081789636,0.119640415,0.683628817,0.494209583,0.937365039,1559.4,3644.1
Gk,44.67942983,0.438867356,0.640801348,0.684872711,0.493424247,0.937365039,49.4,65.6
Gm11694,2.611253611,-0.93904638,1.366198474,-0.687342577,0.491866874,0.937365039,1.2,11.4
Gm13807,45.35767329,0.437444946,0.638792257,0.684800013,0.493470127,0.937365039,41.2,68.6
Gm26625,9.290933833,-1.072299888,1.568042679,-0.683846111,0.494072346,0.937365039,6.8,22.9
Gm26852,13.87988149,0.967149866,1.415479742,0.683266484,0.494438469,0.937365039,13.9,17.5
Gm47662,38.7168049,0.596848647,0.874474707,0.682522481,0.494908632,0.937365039,39.7,49.7
Gm6533,8.14598856,0.466200401,0.681766349,0.683812572,0.494093527,0.937365039,9.8,12.3
Gm7079,10.61549974,-0.595839569,0.868295911,-0.686217177,0.492576168,0.937365039,8.9,24.9
Gpr137c,3.631348855,1.965667146,2.861695772,0.68688893,0.492152724,0.937365039,7,7.6
Gsap,109.1293946,-0.320029828,0.468815516,-0.682634891,0.494837581,0.937365039,66.9,207.1
Klhl3,17.25138807,0.801564535,1.174211969,0.682640406,0.494834095,0.937365039,16.9,24.8
Lypla2,485.2244527,0.130084897,0.189868476,0.685131624,0.493260866,0.937365039,391.7,844.8
Mtus1,7.697924555,-1.213265105,1.765488439,-0.68721215,0.491949049,0.937365039,7.8,18.2
Nap1l3,17.08377951,-1.030310627,1.501516379,-0.686180079,0.492599559,0.937365039,4.3,42.8
Ncaph2,199.816522,0.145666713,0.212522603,0.685417511,0.493080497,0.937365039,171.8,335.5
Nsun5,26.95626108,0.610306769,0.89331886,0.683190288,0.494486609,0.937365039,24.1,37.9
Osmr,5.46724668,-1.20094942,1.752278958,-0.685364287,0.493114074,0.937365039,17,14.6
Parpbp,13.54972085,1.059250438,1.542007989,0.68692928,0.492127294,0.937365039,13,14.1
Pde8a,20.17269493,0.814874984,1.192319396,0.683436827,0.494330856,0.937365039,25,24.6
Plcb4,10.23457675,1.06190863,1.552254813,0.684107159,0.493907501,0.937365039,15.3,11.8
Podnl1,88.6346696,-0.330346803,0.484014171,-0.682514733,0.49491353,0.937365039,44.3,171.9
Qpct,26.46415298,0.771880382,1.128869401,0.683764111,0.494124133,0.937365039,35.5,31
Rbm5,818.8217092,0.144416492,0.21006134,0.687496766,0.491769738,0.937365039,601.5,1365.1
Rpl31,47.8516456,0.400444744,0.58403614,0.685650625,0.49293345,0.937365039,55.5,72.8
Rps6-ps1,13.66182125,0.850958349,1.24578192,0.68307168,0.49456155,0.937365039,7.8,16.2
Sin3b,403.9835436,-0.134958086,0.197744958,-0.682485598,0.494931947,0.937365039,321.3,744.1
Slc2a9,27.34211062,-0.792313553,1.158343225,-0.68400586,0.493971466,0.937365039,20.8,62.2
Slc35d2,60.18474526,-0.408136285,0.594036532,-0.687055867,0.492047524,0.937365039,47.9,127.1
Star,27.43033549,-0.793180027,1.155836595,-0.686238894,0.492562475,0.937365039,14.5,61.9
Suv39h2,36.46454328,0.652192827,0.951777922,0.685236347,0.493194791,0.937365039,38.4,53.1
Trim56,720.1676964,0.134343574,0.196012286,0.685383436,0.493101994,0.937365039,558,1208.7
Zfp282,69.76578107,-0.41326613,0.603087493,-0.685250707,0.493185732,0.937365039,50.8,147.4
Zfp846,37.77192365,-0.611691849,0.894954026,-0.683489689,0.494297463,0.937365039,17.1,78.5
Zfp91,664.4407489,-0.106140837,0.155489411,-0.682624216,0.494844328,0.937365039,532.5,1229.5
Zfp959,39.2012477,-0.678949727,0.991571014,-0.684721233,0.493519848,0.937365039,25.4,85.4
Mical2,38.68239036,-0.522406433,0.765588001,-0.682359745,0.495011503,0.93738921,27.7,84.3
Bnip3l,217.0006807,-0.216843306,0.318122028,-0.681635619,0.495469386,0.937415155,159.6,411.2
Btbd2,50.81819268,-0.320088337,0.469399811,-0.681909812,0.495295981,0.937415155,33.4,103.5
Mbnl1,4153.598029,-0.069368007,0.10173003,-0.681883291,0.495312751,0.937415155,3062.9,7630.4
Msra,59.64661604,0.424241505,0.622421291,0.681598638,0.495492776,0.937415155,56.9,89.9
Pdhb,312.3200061,0.183818311,0.269643091,0.681709701,0.495422532,0.937415155,268.8,506.5
Pigq,186.641959,-0.236140632,0.346345774,-0.681806015,0.49536162,0.937415155,133.6,348.6
Slc35b3,90.54812786,-0.382330616,0.56055953,-0.682051763,0.49520622,0.937415155,79.3,181.5
Etaa1,96.81626041,0.376456518,0.552574983,0.681276803,0.495696359,0.937597554,83.5,147
Gm45242,14.99135827,1.299596379,1.908889867,0.680812655,0.495990041,0.937597554,14.1,15.5
Layn,2.078817287,1.995307607,2.929237341,0.681169661,0.495764143,0.937597554,4.9,6.1
Timm8a2,12.96595149,0.953171424,1.399488783,0.681085433,0.495817434,0.937597554,10.4,15
Trbc2,5024.950461,-0.084592107,0.124232942,-0.680915266,0.495925108,0.937597554,3518.3,9163.9
Umps,89.85348164,0.491522386,0.72188366,0.680888644,0.495941954,0.937597554,87.1,134.3
5031425E22Rik,229.8876756,0.223245933,0.328067012,0.680488817,0.496195,0.937740322,153.8,382.5
9430087J23Rik,71.30774628,0.486768886,0.71532937,0.680482175,0.496199204,0.937740322,56.7,103.7
Gcc2,288.4818617,0.193204733,0.284071767,0.680126487,0.496424375,0.937933476,245,480.8
Lrrc47,48.05831485,0.439006838,0.645494267,0.680109585,0.496435076,0.937933476,37,74.9
Irf2bpl,333.4737589,0.126209865,0.185763596,0.679411185,0.496877365,0.938250625,277.6,577.3
Nhp2,177.9006648,-0.164147848,0.241580811,-0.679473868,0.49683766,0.938250625,138.4,322.2
Nsd2,476.6489109,-0.224175001,0.330000721,-0.679316702,0.496937216,0.938250625,346.2,929.1
Ticrr,45.54539108,0.467970697,0.688712906,0.679485883,0.496830049,0.938250625,41.4,65.8
Tnfaip8,478.0526603,0.135161025,0.198878137,0.679617309,0.496746807,0.938250625,386.8,809.4
Fryl,1016.356184,-0.111920353,0.164853322,-0.678908695,0.497195716,0.938486171,657.8,1851.6
L3mbtl2,108.491963,0.386785421,0.569700286,0.678927904,0.497183544,0.938486171,88.9,171.4
Alg13,61.38481244,0.497532181,0.733545551,0.678256695,0.497608951,0.938508805,42.7,89.8
Elp3,55.9918951,-0.470811878,0.694102345,-0.678303253,0.497579437,0.938508805,39.3,112.9
Gm14305,2.304019189,-1.701378887,2.507773174,-0.678442095,0.497491426,0.938508805,1.1,6.9
Rab10os,78.28010467,0.404310674,0.595863375,0.678529157,0.497436243,0.938508805,69.2,120.3
Rprd1a,57.94117264,0.325507184,0.479678146,0.678594984,0.497394522,0.938508805,51.1,94
Shld1,38.23937093,-0.577019785,0.850180898,-0.678702364,0.497326468,0.938508805,24.5,74.9
Setmar,6.469550918,-1.350419474,1.991407855,-0.678123002,0.497693707,0.938542527,4,15.1
Ifngr1,2974.665707,-0.075134085,0.110836236,-0.677883768,0.497845393,0.938600754,2156.5,5480.4
Ostf1,1363.594516,0.097059672,0.143204137,0.677771424,0.497916632,0.938600754,1057.1,2325.1
Zbtb14,9.51980804,-1.105076016,1.630487907,-0.677757873,0.497925226,0.938600754,5.3,26.8
Dad1,926.0383638,0.097374606,0.1439596,0.676402313,0.498785249,0.938693822,717.1,1594.1
Dcaf6,75.26400274,0.408051464,0.602508477,0.677254313,0.498244613,0.938693822,53.9,118.6
Erlin2,58.44279913,-0.444972969,0.657801354,-0.67645493,0.498751852,0.938693822,46.4,113.4
Gm12042,33.00736913,-0.74502715,1.100850434,-0.67677418,0.498549242,0.938693822,16.1,72.9
Gm12632,10.25969144,-0.818405331,1.209276406,-0.67677276,0.498550144,0.938693822,9.4,24.2
Gm37809,2.809041499,1.35872083,2.009022094,0.676309551,0.49884413,0.938693822,8.7,11
Gm6109,6.046620935,-0.932218933,1.376802329,-0.677089886,0.498348925,0.938693822,4.2,16.4
Mipol1,9.615393852,1.071927987,1.583031292,0.677136323,0.498319465,0.938693822,14.7,10.6
Pygm,9.313825745,0.935272692,1.382868182,0.676328159,0.498832318,0.938693822,9.3,12.3
Tbc1d9,16.91354622,-1.115713739,1.647711241,-0.677129409,0.498323851,0.938693822,14.2,33
Themis,904.7066041,-0.120367124,0.177932403,-0.676476695,0.498738037,0.938693822,587,1662.3
Trem1,26.40758532,0.956797554,1.41361897,0.676842611,0.498505819,0.938693822,27.8,27.4
Yeats2,153.1768244,0.305375573,0.450893879,0.677267064,0.498236524,0.938693822,105.7,236.1
Gm43359,39.34474455,-0.603245923,0.892474768,-0.675924906,0.499088324,0.938775706,37.5,91.6
Ldah,151.3591873,0.253014596,0.374307203,0.675954387,0.499069605,0.938775706,115.2,235.1
Ndrg3,163.6572247,-0.20827261,0.308038686,-0.67612485,0.498961381,0.938775706,102.9,293.1
Wdr33,397.5105951,-0.149959071,0.221989842,-0.675522221,0.499344038,0.939130827,301.6,733.1
5031434O11Rik,24.45840947,-0.598718212,0.887741833,-0.674428296,0.500039058,0.939354044,14.2,49.5
Abtb2,118.5481935,0.341839675,0.506336577,0.675123406,0.499597364,0.939354044,100.6,187.5
Dhdds,73.02645016,0.312531469,0.463332947,0.674528914,0.49997511,0.939354044,49.8,109.4
Gm26551,26.48805917,0.941291584,1.394984787,0.674768351,0.499822951,0.939354044,25.5,34.3
Klra3,19.33293027,-0.743529947,1.102644105,-0.674315442,0.500110788,0.939354044,15.6,41.9
Mark3,392.5288968,-0.120414264,0.178581469,-0.674281967,0.500132066,0.939354044,277.2,722.1
Rad21,517.1312598,-0.136112134,0.201596545,-0.675170966,0.499567151,0.939354044,370,954.1
Rpsa-ps1,24.4280143,-0.55253348,0.819422679,-0.674296055,0.500123111,0.939354044,17.4,49.9
Rufy1,63.74574584,0.403391886,0.598195795,0.674347578,0.500090362,0.939354044,64.4,101.1
Uqcrfs1,319.6356168,-0.228735791,0.339047931,-0.674641461,0.499903584,0.939354044,268.7,617.1
Atp8a1,155.7146708,0.345781589,0.51367042,0.673158459,0.500846486,0.93943493,99.5,247.7
Cytip,1373.328747,0.094855896,0.140956397,0.672944951,0.500982313,0.93943493,1041.7,2450.2
Dync1li2,146.5665857,-0.269032624,0.399757235,-0.672990007,0.500953648,0.93943493,119.1,281.5
Eif4a3,321.1359038,0.14739859,0.219135916,0.67263547,0.50117923,0.93943493,296.8,540.4
Erg28,257.3590078,-0.173546357,0.257827812,-0.673109529,0.500877612,0.93943493,187.2,481
H2-T24,103.5543741,0.374058163,0.555279526,0.673639392,0.500540603,0.93943493,85.2,159.1
Lcp1,3885.151202,0.04832691,0.071839215,0.672709321,0.501132236,0.93943493,2992.1,6778.1
Man1a,276.4610448,0.1587084,0.235652974,0.673483545,0.500639714,0.93943493,202.9,448.5
Med11,117.5973751,-0.306176341,0.45431909,-0.673923566,0.500359909,0.93943493,101.8,220.8
Pef1,111.2273973,-0.332027668,0.493224896,-0.673177026,0.500834675,0.93943493,108,212
Sdhc,256.6681836,-0.276169676,0.409854462,-0.673823763,0.500423365,0.93943493,228.3,495.4
Slc10a3,52.67975736,-0.47890488,0.710600209,-0.673944186,0.500346799,0.93943493,45.7,107.7
Tent5a,430.746661,0.152508626,0.226443306,0.673495846,0.500631891,0.93943493,340.5,734.3
Tmem106b,191.6438714,0.293763117,0.436504788,0.67298945,0.500954003,0.93943493,165.6,295.1
Txn-ps1,4.294642679,-0.647789779,0.962946119,-0.672716537,0.501127645,0.93943493,2.8,7.8
Rnf113a1,6.688314705,-1.310948938,1.949309587,-0.672519618,0.501252955,0.939447646,4.4,16.2
Ube2b,538.5429929,0.124146565,0.184643208,0.672359229,0.501355032,0.939513488,422.7,920.8
Tuba1b,233.7694226,-0.207219117,0.308248601,-0.672246739,0.50142663,0.939522207,189.6,456.7
4632418H02Rik,26.30400817,-0.666309259,0.991374229,-0.672106698,0.501515773,0.939563791,16,53.5
Ccni,603.0226596,-0.131203818,0.195335786,-0.671683465,0.50178523,0.93970809,449.9,1131.6
H3f3a,102.1278038,0.239570383,0.356678593,0.671670203,0.501793674,0.93970809,70.6,165.3
Kcna2,9.870595798,1.111771426,1.655021328,0.671756555,0.501738691,0.93970809,15.2,10.4
Arhgdia,1322.684774,-0.115711689,0.172426387,-0.671078776,0.502170347,0.939786458,1020.9,2434.2
Cabp4,2.31804178,1.962796919,2.924497329,0.671157022,0.502120504,0.939786458,6.8,6.4
Nckap1,76.67766159,0.347942299,0.518422202,0.671156246,0.502120999,0.939786458,79.3,122.1
Rgs12,12.40229997,-1.075573133,1.602082281,-0.671359484,0.501991549,0.939786458,8.7,30
Tnp2,11.27802026,-0.804462493,1.19801291,-0.671497349,0.501903748,0.939786458,9.3,30.3
Atg9a,9.338406756,1.235087172,1.842886116,0.670191805,0.502735527,0.939794675,10.5,7.8
Cep72,7.968661305,-1.059207456,1.578730889,-0.670923375,0.502269345,0.939794675,4,21.9
Dnmt3a,438.2482694,0.168999299,0.251962155,0.670732868,0.50239072,0.939794675,335.6,737.5
E130102H24Rik,12.49457829,-1.037085029,1.547596904,-0.670126069,0.502777428,0.939794675,10.9,29
Fahd2a,47.20285049,-0.515900471,0.769290613,-0.67061844,0.502463632,0.939794675,25.7,98.3
Gpt,19.18557762,-0.717393473,1.069941362,-0.670497934,0.502540423,0.939794675,12.7,42.2
Mier2,53.98789497,-0.458043436,0.683409384,-0.670232874,0.50270935,0.939794675,39.6,108.2
Rhbdf2,113.9813131,0.314953754,0.46995725,0.670175328,0.50274603,0.939794675,93.4,180.2
Scrn2,14.85436206,0.690409393,1.02997314,0.670317862,0.502655183,0.939794675,14.3,18.9
Acer2,3.082847187,-1.741614706,2.600062188,-0.669835788,0.502962477,0.939899859,2.4,9.5
Gm37039,33.62254508,0.584970822,0.873315389,0.669827681,0.502967646,0.939899859,27.7,47.8
Patl1,211.341702,0.268208123,0.40056022,0.669582522,0.503123959,0.940056861,189.3,350.5
S1pr4,327.1261818,-0.152440568,0.227697983,-0.669485808,0.503185631,0.940056861,259.9,636
C230096K16Rik,71.38433006,0.4044068,0.604277268,0.669240466,0.503342097,0.94009888,78.2,109.5
Epc2,242.698553,0.174771542,0.261119326,0.669316764,0.503293435,0.94009888,185.6,387.1
Bach2it1,22.1354278,0.951218166,1.421901464,0.668976149,0.503510692,0.94028863,19.1,24.8
Cbfa2t3,20.48391122,0.871102532,1.302490188,0.668797769,0.50362449,0.94037601,23.3,22
Plekhm1,65.49603446,-0.322912984,0.483178677,-0.668309675,0.503935939,0.940832376,53.6,133.1
Rnf126,170.2612692,0.211124376,0.315970447,0.668177604,0.50402023,0.940864579,140.9,275.9
4930469K13Rik,7.127770498,-1.227028099,1.84541458,-0.664906473,0.506110315,0.94109169,2.1,15.6
6430590A07Rik,52.86001669,0.490594382,0.737362637,0.665336643,0.505835199,0.94109169,38.5,76.9
Adh5,200.7614814,0.154699228,0.23288739,0.664266229,0.506519931,0.94109169,158.8,344.5
Arhgap10,40.2598335,-0.481920477,0.725447015,-0.664308305,0.506493006,0.94109169,28.2,87
Col4a4,9.980703934,1.432459019,2.147165294,0.667139611,0.504682961,0.94109169,6.6,8.8
Ctsl,144.4765033,0.607677031,0.910605625,0.667332833,0.504559559,0.94109169,226.8,189.3
Cuedc2,148.048092,-0.297068691,0.447567751,-0.663740161,0.506856631,0.94109169,113.6,281.8
Cul4b,61.7699289,0.404481834,0.608673354,0.664530213,0.506351018,0.94109169,57.7,92.9
Dcaf10,82.120039,-0.301887649,0.454213339,-0.664638448,0.506281771,0.94109169,64.3,158.5
Efemp2,26.96266076,0.609765375,0.917311333,0.664731103,0.506222496,0.94109169,34.9,35.7
Gm16148,4.149437088,-1.54693392,2.317058323,-0.667628391,0.50437083,0.94109169,2.2,10.3
Gm39556,7.665196193,-1.009754697,1.516815484,-0.665707008,0.505598393,0.94109169,11.8,17.4
Gm42671,4.144652923,-1.641024678,2.464864307,-0.665766742,0.505560206,0.94109169,2.3,13.7
Gm43088,22.13433739,0.775453639,1.162576142,0.667013205,0.504763699,0.94109169,21.5,27.9
Gm43728,7.82127501,-1.43119573,2.155871303,-0.663859539,0.506780214,0.94109169,6.9,18.6
Gm44027,6.619754496,-1.321122198,1.981126916,-0.666853894,0.504865464,0.94109169,5,15.7
Gm44291,27.86466122,0.75734922,1.134563943,0.667524492,0.50443717,0.94109169,24.9,34.4
Gm49705,24.62845307,0.765393266,1.148849197,0.666226053,0.505266623,0.94109169,16.2,30.7
Gpr34,28.6275278,0.752522324,1.130579843,0.665607412,0.505662068,0.94109169,35.4,35.8
Klc1,374.4384964,-0.128032841,0.192836474,-0.663945145,0.50672542,0.94109169,291.1,693.5
Lsm12,166.2566621,-0.151850028,0.228149982,-0.665571072,0.505685302,0.94109169,124,312.4
Lsm7,42.45469924,-0.411045257,0.618063471,-0.665053472,0.506016293,0.94109169,28.7,86.5
Morc2a,104.6864567,-0.220654057,0.330608145,-0.667418695,0.504504728,0.94109169,76.9,192.1
Nars2,38.75991661,0.578270093,0.868955266,0.665477402,0.505745193,0.94109169,44.3,55.6
Orc4,109.1999155,0.312774902,0.470243008,0.665134616,0.505964396,0.94109169,89.1,171.2
Pdia6,260.1171264,0.196976733,0.296510134,0.664317034,0.506487421,0.94109169,272.9,426
Plau,2.849894827,-0.975694,1.468546279,-0.664394452,0.506437883,0.94109169,6.1,7.5
Plaur,21.0709678,-0.558578278,0.841331339,-0.663921872,0.506740317,0.94109169,20.8,42.9
Pycard,200.918017,-0.2827308,0.423886584,-0.666996339,0.504774472,0.94109169,150.2,401.4
Rbm6,376.543036,0.147761595,0.222574471,0.663874856,0.506770411,0.94109169,297.1,651.4
Riox1,33.49921665,0.416599301,0.626943668,0.664492398,0.506375213,0.94109169,32.9,51.4
Sik2,60.25879247,0.378100027,0.569697114,0.66368605,0.50689127,0.94109169,54.4,94.9
Stx6,229.3762419,0.208854358,0.312860659,0.667563504,0.50441226,0.94109169,199.4,383.2
Sv2a,8.464292968,1.102840765,1.65964438,0.664504263,0.506367622,0.94109169,13.8,10.9
Tcrg-C1,37.82889887,-0.647495541,0.974965416,-0.664121548,0.50661252,0.94109169,22.9,83.1
Tmem106a,32.37488539,0.647440099,0.974802493,0.664175671,0.506577883,0.94109169,53.6,45.6
Tmem273,52.6488332,-0.460431362,0.69249728,-0.664885445,0.506123766,0.94109169,25.5,100.1
Tor1aip2,303.4882436,-0.187823869,0.281364383,-0.667546715,0.504422981,0.94109169,215.5,577.4
Traip,25.68146224,-0.737154262,1.106151452,-0.666413501,0.505146835,0.94109169,10.3,57.9
Vps4b,319.3774875,0.217724484,0.326757149,0.666318963,0.505207248,0.94109169,290.5,517.3
Zbtb6,72.94168986,0.30010121,0.451097832,0.66526857,0.505878729,0.94109169,50.9,118.4
Rwdd1,39.73234455,-0.516101022,0.777761038,-0.663572738,0.506963811,0.941101867,33.7,84.6
5530601H04Rik,47.12553678,-0.42213027,0.63667445,-0.663023733,0.507315354,0.941256436,37.1,97.7
9230116N13Rik,4.258164941,1.67325648,2.52328006,0.663127532,0.507248879,0.941256436,5.3,3.6
Fam71f2,20.07316438,0.98862711,1.490727887,0.663184152,0.50721262,0.941256436,10.5,21.4
Pin1,138.9801431,-0.33508877,0.505279232,-0.663175426,0.507218208,0.941256436,113.7,268.5
Efr3a,654.1208496,-0.100166761,0.151196915,-0.662492095,0.507655899,0.941510346,512.7,1190.9
Glb1l,9.947018056,-1.038135084,1.567253794,-0.662391176,0.507720557,0.941510346,7.5,23.7
Mrps10,44.59839143,0.59395786,0.896460027,0.662559224,0.507612893,0.941510346,42.9,64.5
Stac2,3.700258413,1.882332629,2.840930803,0.662576021,0.507602132,0.941510346,24.8,3.9
6430550D23Rik,13.79361131,-1.203646797,1.822362285,-0.660487109,0.508941288,0.94156293,4.3,27.7
B230307C23Rik,51.51997771,0.393413755,0.595433028,0.660718731,0.508792709,0.94156293,43.5,76.3
Cd244a,182.4867614,-0.208837685,0.315717009,-0.661471125,0.508310226,0.94156293,114.4,343.4
Cyfip2,733.7469134,0.119052138,0.18046766,0.659686829,0.509454821,0.94156293,570.4,1291.7
Dip2a,58.92716958,-0.46758351,0.70652748,-0.661805129,0.508096119,0.94156293,43.9,122.4
Dynll1,338.660599,0.164073059,0.248446856,0.66039499,0.509000386,0.94156293,273,564.9
Gm15545,10.69339514,0.717665968,1.086607086,0.660465018,0.50895546,0.94156293,13,15.9
Gm26244,15.193993,1.208376781,1.829495416,0.660497299,0.508934751,0.94156293,9.8,16.5
Ints11,32.88367209,-0.539963691,0.817994584,-0.660106682,0.509185371,0.94156293,20.2,66.2
Isy1,526.8642947,-0.134556609,0.203410706,-0.661502101,0.508290368,0.94156293,391.9,1005.7
Kdm4b,67.1506843,-0.363989342,0.55112096,-0.660452729,0.508963344,0.94156293,43.4,129.6
Lrig1,29.72080754,0.714802788,1.082977087,0.660035006,0.509231365,0.94156293,32.2,34.1
Mvd,21.45967114,0.623254984,0.944482403,0.65989052,0.509324088,0.94156293,29.3,31.4
Ndufaf5,56.09121938,0.409578709,0.620062283,0.660544464,0.508904494,0.94156293,47.1,87.8
Nenf,30.98649458,-0.690315683,1.045974118,-0.659973962,0.509270539,0.94156293,35.8,65.3
Prpf40a,805.343377,0.11155873,0.169060972,0.659872759,0.509335487,0.94156293,626.4,1378.6
Rab19,150.8755246,0.272114065,0.412592623,0.65952237,0.509560386,0.94156293,100.6,236.3
Rab32,30.98817234,0.831960419,1.259584171,0.660504028,0.508930434,0.94156293,55,36.2
Rhot2,160.6456839,0.236273254,0.357999048,0.659982911,0.509264796,0.94156293,133.7,260.9
Rnf168,129.5708376,-0.313922365,0.475936814,-0.659588323,0.50951805,0.94156293,95.9,249
Rps28,95.64883655,0.211097845,0.319491412,0.660730888,0.508784911,0.94156293,80.1,156.4
Slc39a6,145.353616,-0.262044132,0.397310871,-0.659544331,0.509546289,0.94156293,111.8,285.3
Tmem173,242.7443725,0.169148791,0.255484884,0.662069661,0.507926578,0.94156293,202.5,402.6
Trmt1l,230.0860942,-0.247001469,0.373973769,-0.660478058,0.508947095,0.94156293,166.6,449
Ufsp2,160.6472378,0.335272857,0.507126711,0.661122458,0.508533784,0.94156293,152.6,246.3
Vamp1,94.64305839,-0.346544695,0.525187313,-0.659849707,0.509350281,0.94156293,67.4,192.4
Zfp874a,15.52601278,-0.696528958,1.055886962,-0.659662429,0.509470482,0.94156293,8.4,34.6
9930120I10Rik,73.34651166,0.35715031,0.54243884,0.658415814,0.510270976,0.941634384,61.9,111.7
Bace2,14.96666593,-1.104338937,1.67813442,-0.658075375,0.510489698,0.941634384,8.7,29.8
Cwc27,110.6934904,0.319512121,0.485614651,0.657954038,0.510567666,0.941634384,77.1,168.6
Etfrf1,61.232424,-0.508954014,0.773344055,-0.658121066,0.51046034,0.941634384,32.2,121.3
Fcgrt,39.56581846,0.560415697,0.852069029,0.657711615,0.510723458,0.941634384,47.8,54.7
Gm49474,33.86839355,0.685148988,1.041285337,0.657983901,0.510548476,0.941634384,22.6,41.1
Golim4,151.2064017,0.246430005,0.374138538,0.658659773,0.51011427,0.941634384,142,252.9
Heatr6,165.2393053,-0.322802837,0.48988557,-0.658935183,0.509937392,0.941634384,110.6,330.5
Msh2,113.2715278,0.26264593,0.399067662,0.658148867,0.510442478,0.941634384,84.3,183.6
Mtrf1l,60.68809774,-0.273876905,0.41562526,-0.658951538,0.509926889,0.941634384,39,115.7
Phf20,153.2030438,-0.30020255,0.456287833,-0.657923636,0.510587202,0.941634384,128.1,300.3
R3hdm4,389.6387179,-0.202815861,0.30814588,-0.658181315,0.51042163,0.941634384,286,759.8
Rad50,362.9473169,0.126556034,0.192198886,0.658463928,0.510240068,0.941634384,284.8,612.9
Tmem159,41.07054778,-0.576348191,0.876326833,-0.657686345,0.510739699,0.941634384,27.4,85.5
Ttc32,19.23274479,1.021089149,1.551254229,0.658234563,0.510387419,0.941634384,13.2,27.6
Vti1a,132.4968192,-0.354455117,0.538839234,-0.657812376,0.510658701,0.941634384,93.4,262.8
Zbtb18,22.72545184,0.76073188,1.156346966,0.657875103,0.51061839,0.941634384,36.7,27.6
1700018L02Rik,15.01687662,1.087297346,1.664552549,0.653206982,0.51362285,0.941805914,8.2,17.1
Acsl5,339.1448781,-0.193966524,0.297561807,-0.65185289,0.514496078,0.941805914,210.4,660.7
Ahnak2,9.668966577,1.378746668,2.104072668,0.655275214,0.512290576,0.941805914,19.8,9.6
Ankrd44,1387.924954,0.081614732,0.124142794,0.657426254,0.510906875,0.941805914,1048.7,2400.4
Arap1,127.7604953,-0.237556437,0.365128128,-0.650611166,0.515297521,0.941805914,105.2,249.8
Arhgef2,423.6165669,0.149500507,0.227772236,0.656359661,0.511592739,0.941805914,395.4,740.2
Atat1,31.6614076,-0.588675547,0.902753929,-0.652088602,0.514344016,0.941805914,33.6,61.4
Casc4,45.788069,-0.462645485,0.710546241,-0.651112423,0.514973918,0.941805914,36,96.2
Ciao2b,172.4752679,-0.295394586,0.452616857,-0.652637173,0.513990215,0.941805914,135.4,339.9
Coq10a,54.27148269,0.36949303,0.566266383,0.652507444,0.514073872,0.941805914,44.3,80.2
Cox7a2,675.6766624,-0.095326889,0.146052681,-0.652688391,0.513957188,0.941805914,527.1,1246
Fahd1,7.229946435,-1.118000952,1.707580296,-0.654728188,0.512642773,0.941805914,4.4,16.1
Fam160a2,123.8854209,-0.226496822,0.346143036,-0.654344586,0.512889827,0.941805914,86.5,243.5
Fbxo25,60.18872327,0.547981891,0.842042315,0.650777142,0.515190358,0.941805914,57.6,87.7
Fez2,96.79937996,0.378447527,0.578798908,0.65384976,0.513208604,0.941805914,74.5,148
Fgd3,145.1703621,-0.232210763,0.355588212,-0.653032792,0.513735138,0.941805914,94.7,277.6
Frat1,24.2979923,-0.699928911,1.074895499,-0.651159961,0.514943234,0.941805914,12.2,49.2
Ganab,420.3129876,0.173631162,0.265572926,0.653798432,0.513241677,0.941805914,322,693.9
Gcsh,28.46978315,-0.504045192,0.768515996,-0.655868186,0.511908939,0.941805914,24.6,61.2
Gfm2,100.5909252,0.278943446,0.428422807,0.65109383,0.514985919,0.941805914,73.7,155.1
Gm12005,3.634936802,0.633697207,0.971732819,0.652131115,0.514316593,0.941805914,7,5.3
Gm12655,13.80663483,-1.143988127,1.743797685,-0.656032599,0.51180315,0.941805914,5.5,31.6
Gm13870,5.980848371,-0.455041219,0.698994766,-0.650993743,0.515050526,0.941805914,3.9,12
Gm15846,9.478065457,1.288608994,1.967885492,0.654819093,0.512584236,0.941805914,10.9,9
Gm18829,16.9817153,1.233416221,1.896832098,0.650250606,0.515530357,0.941805914,11.1,16
Gm34680,3.846771084,-1.182627751,1.813045785,-0.652287858,0.514215492,0.941805914,2.6,10.5
Gm42462,15.2536582,0.9246816,1.413676854,0.654096866,0.5130494,0.941805914,23.6,17.9
Gm43176,14.00213543,0.992673118,1.515818533,0.65487596,0.512547619,0.941805914,11.3,17.7
Gm43696,44.06532878,-0.476937999,0.727940093,-0.65518853,0.512346378,0.941805914,29.7,90.6
Gm7676,2.487913476,0.800143536,1.221921003,0.654824276,0.512580899,0.941805914,2,3
Gt(ROSA)26Sor,67.34329625,-0.516007247,0.789782373,-0.653353715,0.513528271,0.941805914,29,147.2
H2-DMb1,56.77161735,0.549385116,0.841708094,0.652702665,0.513947984,0.941805914,67.4,69.5
Hadhb,133.0831706,0.200234526,0.306497392,0.653299283,0.513563355,0.941805914,93.3,217.9
Ifi30,174.9222337,0.303581161,0.4664992,0.65076459,0.515198461,0.941805914,205,259.8
Klhl25,87.55344729,-0.436438036,0.668061378,-0.653290327,0.513569127,0.941805914,67.7,185.6
Kmt5c,51.887815,-0.428915466,0.659209098,-0.650651618,0.515271402,0.941805914,32.5,98.3
Lrrc39,15.05532729,1.130162014,1.733081426,0.652111319,0.514329363,0.941805914,15.9,16.7
Lss,54.27368864,0.389689811,0.595100918,0.654829792,0.512577347,0.941805914,55.6,84.8
Mfn1,61.20314665,0.293942241,0.448447084,0.655466947,0.51216716,0.941805914,53.9,102.9
Naa80,22.1800299,0.474027835,0.7272136,0.651841268,0.514503576,0.941805914,18.7,31.3
Ndufv2,321.9123293,-0.154516866,0.236069697,-0.65453918,0.512764494,0.941805914,254.2,589.3
Neu1,122.2230223,-0.382617061,0.588312287,-0.650363879,0.515457203,0.941805914,90.8,242.4
Nubp1,50.97604651,-0.340203021,0.522783405,-0.65075329,0.515205757,0.941805914,42.2,99.5
Phkg2,45.61741977,0.505694823,0.772587775,0.654546757,0.512759614,0.941805914,36.4,64.4
Pla1a,5.847223447,-1.009146518,1.55160384,-0.650389289,0.515440795,0.941805914,5,15.1
Ppox,59.16168328,-0.48017376,0.734801646,-0.653473985,0.513450756,0.941805914,37.4,123.9
Ppp2r2d,241.4091113,-0.14792185,0.225305533,-0.656538916,0.511477437,0.941805914,178.5,456.6
Pqlc3,138.8045817,-0.32682419,0.501232137,-0.652041571,0.514374355,0.941805914,100.1,280.5
Psmb3,252.9148227,-0.200052737,0.306284452,-0.653159948,0.513653168,0.941805914,182.6,489.4
Ptgr2,45.49797067,0.64312868,0.984284974,0.653396828,0.513500483,0.941805914,43.1,59.1
Rbm33,363.2111601,0.193451142,0.295957064,0.653645968,0.513339921,0.941805914,257.1,595.9
Rnf166,650.7993187,-0.118282205,0.180057367,-0.656913999,0.511236216,0.941805914,449.8,1197.9
Rnf20,428.4906014,-0.121464731,0.186259628,-0.652125922,0.514319943,0.941805914,309.9,790
Rpap3,65.41820859,0.499336954,0.764962421,0.65276011,0.513910944,0.941805914,64,95.7
Rpgr,11.81136918,1.203885308,1.85019389,0.65068062,0.515252676,0.941805914,10.3,15.6
Rpn2,418.9879323,0.131966186,0.201418691,0.655183416,0.51234967,0.941805914,368,694.7
Slc35c2,113.5223794,0.23262235,0.355252018,0.654809371,0.512590497,0.941805914,108,178.9
Snapc3,228.0461122,0.155204035,0.237985118,0.652158574,0.514298881,0.941805914,164.7,385.2
Socs2,135.5296691,-0.220574247,0.336319848,-0.655846653,0.511922795,0.941805914,92.1,253.6
Tmem177,12.87299858,-0.764402384,1.171291769,-0.652614834,0.51400462,0.941805914,7.5,28.9
Tnfrsf25,8.426879637,-1.180404542,1.801161147,-0.655357542,0.512237581,0.941805914,1.7,21.6
Traf3ip1,33.96140786,0.469235809,0.719280584,0.652368241,0.514163647,0.941805914,26.6,52.7
Trmt44,14.67059387,-0.810247473,1.244518192,-0.651053137,0.515012186,0.941805914,11.1,36.2
Trmt61a,20.77892886,-0.601876333,0.917714988,-0.655842327,0.511925579,0.941805914,20.4,42.6
Ttc33,54.19386577,0.381251654,0.582465018,0.654548587,0.512758435,0.941805914,50.7,89.1
Ubtd1,22.21950828,0.554634319,0.852845213,0.650334094,0.515476439,0.941805914,24.6,34.6
Vdac3,60.39601955,0.337074381,0.517893782,0.650856203,0.515139316,0.941805914,55.6,98.5
Vps53,153.9593974,0.352556727,0.540758998,0.651966454,0.514422813,0.941805914,134,246
Zbtb22,59.80282483,-0.494868658,0.759081786,-0.651930618,0.514445932,0.941805914,44.6,131.1
Zfp68,93.6835918,0.298135072,0.458448959,0.650312463,0.515490408,0.941805914,79.6,146.3
Enox2,28.94557229,-0.589826812,0.90864892,-0.64912509,0.516257526,0.941850482,23.1,59.1
Gbp9,396.6325141,-0.150624067,0.231928242,-0.649442542,0.516052374,0.941850482,298.2,733
Gm38302,18.29542901,-0.812635693,1.250210158,-0.649999272,0.515692692,0.941850482,9.3,40.6
Gm48159,2.470493542,-0.571481685,0.879819351,-0.649544346,0.515986593,0.941850482,1.9,5.6
Gm49728,3.73161747,-1.496667103,2.303556227,-0.649720239,0.515872948,0.941850482,3.3,8.3
Hist1h4c,10.89789257,-0.919739986,1.417011516,-0.649070226,0.516292985,0.941850482,8.8,24.4
Inafm1,66.67854374,0.545076052,0.839589433,0.64921738,0.516197879,0.941850482,60,102.5
Ntan1,190.7786407,0.24926486,0.383926495,0.64925152,0.516175816,0.941850482,172.6,313.3
Slc37a1,114.0589647,-0.288919982,0.444993986,-0.649267161,0.516165708,0.941850482,79.4,216.7
Trpv2,375.9783789,-0.16119718,0.248212082,-0.649433254,0.516058376,0.941850482,293.4,691.6
Zfp426,61.20686544,-0.347395055,0.535005929,-0.649329355,0.516125516,0.941850482,37.7,120.3
Ddx6,1302.880813,0.08981637,0.138438879,0.648779955,0.516480615,0.941886412,1007.4,2275.5
Esrra,195.7365436,-0.238424979,0.367427682,-0.648903148,0.51640098,0.941886412,133.6,371.9
Rpl5-ps1,3.272852202,0.794540356,1.224766032,0.648728275,0.516514025,0.941886412,9.4,4.5
Gm4600,3.752057406,0.569382888,0.87803293,0.648475551,0.516677419,0.941933352,3.8,5.4
Phospho2,58.23662216,0.305088544,0.470541873,0.648377035,0.51674112,0.941933352,43.3,92.7
Pot1b,33.60865143,-0.622296421,0.959604605,-0.648492533,0.516666439,0.941933352,21.1,69
4930414N06Rik,8.862021448,1.364353977,2.104739776,0.648229293,0.516836658,0.941985151,11.4,10.3
Uap1,143.4479641,0.27862324,0.429907354,0.64810066,0.516919847,0.942014431,122.6,236.5
BC024978,47.91401452,0.576579395,0.890346292,0.647590044,0.517250138,0.942371601,28.3,66.6
Mff,200.4611616,0.257207141,0.397170171,0.647599342,0.517244123,0.942371601,161.6,317
A430005L14Rik,71.52195472,-0.480498965,0.747314147,-0.642967843,0.520244966,0.942521112,51.4,148.1
Abhd13,116.8064518,0.208396229,0.324234861,0.642732335,0.520397796,0.942521112,84.4,189.1
Alox5ap,48.52333227,0.652870944,1.014375256,0.64361876,0.519822682,0.942521112,56.8,58.4
Ap5m1,137.9779967,0.226732402,0.351604514,0.644850658,0.51902397,0.942521112,120.6,214.7
Atp5a1,1347.685584,0.093014116,0.144915895,0.641848956,0.52097126,0.942521112,1172.9,2341
B9d2,52.14668451,-0.301643093,0.468753945,-0.643499848,0.519899813,0.942521112,36.1,102.5
Bag1,410.0815933,0.157957293,0.24543083,0.643591895,0.519840108,0.942521112,363,690.1
C030034I22Rik,25.43037614,-0.509461968,0.790490933,-0.64448806,0.519258998,0.942521112,17.5,52.5
Camk1,17.2794167,0.818708051,1.279518272,0.639856475,0.522265913,0.942521112,18.9,21.2
Capg,786.7459648,-0.133429315,0.207962147,-0.641603856,0.521130429,0.942521112,662.3,1433.9
Ccdc43,71.63592593,-0.298142958,0.463574328,-0.643139492,0.520133591,0.942521112,57.4,142.8
Cept1,212.6986268,-0.187965634,0.291302495,-0.645259267,0.518759185,0.942521112,157.1,410.5
Ckap2l,54.85207774,0.459905968,0.714002701,0.64412357,0.519495307,0.942521112,41.5,83.4
Cnep1r1,90.71782661,0.227375581,0.353782942,0.642697976,0.520420095,0.942521112,75.6,149.5
Cox17,112.6717235,0.28498165,0.441735704,0.64514063,0.518836056,0.942521112,77.8,179.8
Crls1,52.80532372,0.398355892,0.619049052,0.64349649,0.519901991,0.942521112,56.1,85.2
Cx3cr1,317.2088101,0.173375121,0.268711869,0.645208272,0.518792226,0.942521112,275.9,498.5
D130040H23Rik,42.20206946,0.62042048,0.969316112,0.64006001,0.522133586,0.942521112,52,63
Ddr1,15.28768419,0.806900666,1.252323282,0.644322977,0.519366019,0.942521112,17.7,17.6
E2f4,204.6589359,-0.207131248,0.323444227,-0.640392471,0.521917477,0.942521112,148,400.9
Eif4h,577.632603,-0.104255568,0.161956693,-0.643724971,0.519753795,0.942521112,468,1078.1
Fbxo9,124.042511,-0.236875665,0.369088684,-0.641785227,0.521012643,0.942521112,73,233.1
Gipc3,5.936096415,-0.997753011,1.549018029,-0.644119689,0.519497824,0.942521112,5.5,14.9
Gm13216,3.378338265,0.763970582,1.181316948,0.64671093,0.517819048,0.942521112,2.1,12.9
Gm16379,2.949766579,-0.75614738,1.17987441,-0.640871073,0.521606451,0.942521112,2,7.6
Gm16845,9.77298425,-1.004411851,1.557597583,-0.644846822,0.519026456,0.942521112,7.3,25.5
Gm26518,28.61041331,0.797169132,1.245925489,0.639820871,0.522289062,0.942521112,20.8,35.9
Gm42809,15.0632211,1.259302156,1.95706485,0.643464705,0.51992261,0.942521112,9.1,15.4
Gm43423,11.15299164,1.276110383,1.974488027,0.646299377,0.518085491,0.942521112,4.9,11.2
Gm43667,10.78748701,-1.147798057,1.79095239,-0.640886974,0.52159612,0.942521112,9.5,24.3
Gm44559,8.674607481,-0.988891597,1.543355452,-0.640741312,0.521690769,0.942521112,3,19.7
Gm44830,9.071192367,1.014002482,1.581622189,0.641115488,0.521447652,0.942521112,6.9,11.6
Gm45728,5.306946815,1.264349316,1.976160495,0.639800927,0.52230203,0.942521112,3.9,10.5
Gm47690,6.912002177,-1.392620519,2.154368711,-0.646416981,0.518009346,0.942521112,4.2,19.2
Gpr22,14.89586592,-0.970356791,1.515067599,-0.640470955,0.521866466,0.942521112,11,33
Hacl1,2.713964935,-1.709078142,2.66552219,-0.641179484,0.521406078,0.942521112,4.4,7.1
Ino80b,114.0412087,-0.236203571,0.365025096,-0.647088579,0.517574617,0.942521112,91.5,214.9
Iqcb1,60.78535995,-0.246288294,0.381604532,-0.645401911,0.518666765,0.942521112,41.5,120
Itga2b,3.687976965,-1.359421647,2.120498389,-0.641085913,0.521466866,0.942521112,1,9.3
Kctd9,81.07662106,-0.395074458,0.613561441,-0.643903661,0.519637908,0.942521112,65.9,161.9
Klhdc2,119.7466645,-0.275302372,0.426652135,-0.645261911,0.518757471,0.942521112,86.8,229
Lemd2,125.9791605,-0.327862211,0.510710196,-0.641973105,0.520890646,0.942521112,92,247.1
Limk1,200.1846192,-0.161715869,0.250656924,-0.645168171,0.51881821,0.942521112,154.4,377.4
Lrrtm2,9.318917825,1.249475922,1.93825348,0.644640103,0.51916044,0.942521112,14.2,9.6
Mafa,15.79060421,0.884747382,1.368943147,0.646299581,0.518085359,0.942521112,13.9,22.8
Mak16,155.2210891,0.33852602,0.528918112,0.640034842,0.522149948,0.942521112,138.2,244.7
Milr1,45.06754983,-0.495267731,0.772618184,-0.641025206,0.521506307,0.942521112,26.7,90.1
Mrpl38,75.69662902,-0.308641465,0.481972184,-0.640371946,0.521930817,0.942521112,57.9,146.1
Nacc1,35.48653032,-0.508841543,0.791807599,-0.642632811,0.520462387,0.942521112,32.4,70.1
Napsa,104.64965,-0.345960461,0.536830063,-0.644450609,0.519283276,0.942521112,80.8,208.5
Ndel1,302.2137428,-0.235578055,0.367934704,-0.640271364,0.521996195,0.942521112,213.9,564.3
Nespas,3.022797318,1.865336887,2.9151857,0.639868975,0.522257785,0.942521112,3.3,6.1
Osgepl1,35.46705465,0.713269657,1.110702039,0.642179119,0.520756889,0.942521112,26,43.7
Pex11g,59.33046762,-0.483519995,0.755006534,-0.640418292,0.521900694,0.942521112,41.2,122.8
Piezo1,25.48623214,0.909682525,1.414556035,0.643086949,0.520167683,0.942521112,18.1,35.1
Pla2g7,52.99064979,-0.516907356,0.804781507,-0.642295271,0.520681484,0.942521112,43.9,94.5
Poglut1,49.33294558,0.537003063,0.832138636,0.645328843,0.518714105,0.942521112,40,72.4
Polr3gl,22.86358773,-0.403473648,0.628741499,-0.641716268,0.521057425,0.942521112,17,48.9
Rbmx2,45.99133161,0.442761216,0.685139969,0.646234691,0.518127376,0.942521112,35.5,65.6
Rdm1,67.35273923,-0.419915719,0.652908508,-0.643146342,0.520129147,0.942521112,53.6,134.5
Rpl23a-ps3,2.415407105,-1.122429202,1.742548886,-0.644130681,0.519490696,0.942521112,0.9,7.2
Sdf2,255.1331164,-0.251557071,0.391616106,-0.642356295,0.52064187,0.942521112,194.6,493
Sec22b,205.3498787,0.203919149,0.318220458,0.640810933,0.521645529,0.942521112,167.8,347.3
Serpine1,16.36158622,0.993756807,1.535435987,0.647214742,0.517492972,0.942521112,33.2,22.6
Sh3pxd2b,14.51423828,-0.824205759,1.280139394,-0.643840634,0.519678781,0.942521112,39.5,28.1
Slain2,183.7691826,-0.220369262,0.342968863,-0.642534311,0.520526319,0.942521112,134.8,361.9
Slc1a4,8.036765415,1.09282399,1.695041399,0.64471817,0.519109839,0.942521112,16.4,8.4
Spink10,6.717379842,-0.726788847,1.135941269,-0.639811993,0.522294835,0.942521112,3.1,14
St3gal6,189.361131,0.205139669,0.318302063,0.644481116,0.519263499,0.942521112,152.8,310.7
Stx3,15.30625426,-0.637855626,0.986343954,-0.646686811,0.517834661,0.942521112,12.6,31.8
Tbc1d13,90.22442424,-0.259884535,0.40360339,-0.643910684,0.519633353,0.942521112,68.5,169.5
Usp5,191.4770064,0.259922149,0.401683536,0.647081908,0.517578934,0.942521112,169.7,294.4
Zfp1,87.80762913,-0.269430666,0.417471386,-0.645387145,0.518676332,0.942521112,56.2,161.7
Zfp386,86.62525954,0.282875508,0.441672212,0.640464808,0.521870461,0.942521112,74.5,138.3
Arhgap27,183.8432059,-0.30941664,0.483749011,-0.639622269,0.522418202,0.942609545,133.5,373.8
Gm26621,7.426780433,-1.289122459,2.016954342,-0.639143104,0.522729841,0.943050597,2.6,15.6
Flnc,9.831934245,1.076510617,1.684714817,0.638986852,0.522831486,0.943112734,19.8,11.1
Srgap2,309.986991,-0.204407704,0.320025655,-0.638722867,0.523003234,0.943301297,213.6,575.9
Gm47234,23.48304237,-0.635261077,0.994751911,-0.638612573,0.523075,0.943309502,18.6,53.4
Gm24924,4.824279112,-1.423069684,2.229192698,-0.638378946,0.523227033,0.943341236,9.7,13.3
Hcn3,5.971771876,1.112664805,1.742743515,0.638455857,0.52317698,0.943341236,10.1,6.3
Ttll3,45.02943199,-0.493265738,0.773096427,-0.638039086,0.523448237,0.943497632,30.5,98.3
Zc3h10,14.39701389,-0.580632488,0.910003297,-0.638055367,0.523437639,0.943497632,11.7,29.9
Apba3,73.10957566,0.375034264,0.588002571,0.637810585,0.523596989,0.943523387,78.7,113.9
Gemin2,52.04924247,-0.353295161,0.553834257,-0.637907744,0.523533736,0.943523387,32.9,103.8
Adam22,5.536276431,-1.161715722,1.822915183,-0.637284572,0.523939499,0.943534829,2.4,14.4
Clasp2,162.9358426,0.251021777,0.393890541,0.637288156,0.523937165,0.943534829,133.7,261.9
Plcg2,32.66604574,0.512229326,0.803707692,0.637332864,0.523908048,0.943534829,48.7,47.3
St6galnac4,165.1381103,-0.257710766,0.404198019,-0.637585425,0.523743586,0.943534829,112,318.9
Zcchc2,474.4310189,-0.133191834,0.208925986,-0.637507265,0.523794479,0.943534829,341.3,914.3
Bax,39.958115,-0.43127654,0.677093253,-0.636952942,0.524155496,0.943609,31.5,87.9
Cenpi,21.24645583,-0.578754986,0.908961199,-0.636721333,0.524306375,0.943609,18.5,49.5
Gm16120,8.074459784,1.495168639,2.348290212,0.636705221,0.524316872,0.943609,6.9,7.4
Mcm3,316.5302861,0.155743846,0.244585215,0.636767214,0.524276485,0.943609,291.5,540.8
Pspc1,115.0544103,-0.305154706,0.478965979,-0.637111442,0.524052256,0.943609,92.8,233
Gars,365.8816591,-0.207335468,0.325840653,-0.636309394,0.524574783,0.943680752,287.7,696.1
Sugt1,535.1312116,0.104622892,0.164419023,0.636318658,0.524568746,0.943680752,433.9,907.3
Tatdn3,16.97979817,0.827840484,1.301120931,0.636251761,0.524612341,0.943680752,11,22.6
Ube2cbp,12.28539988,1.239860877,1.948758233,0.636231245,0.524625711,0.943680752,8.9,11.1
Dnajc14,77.17340046,0.319912027,0.503074139,0.635914276,0.524832297,0.943722868,62,115.1
Pdlim4,12.82812136,1.140289809,1.793230507,0.635885796,0.524850861,0.943722868,13.6,12.4
Psmd10,108.9313882,-0.273017729,0.429349304,-0.635887205,0.524849943,0.943722868,80.6,204.5
Gm32772,8.44000147,-1.070780633,1.68429781,-0.635743054,0.52494391,0.943769258,2.9,19.7
Rhox5,23.72927977,0.771225613,1.213322738,0.635631056,0.525016923,0.94377962,37,29.9
AW209491,22.54176292,0.690259741,1.086596224,0.63524953,0.525265684,0.943864099,16.2,29.5
Calu,311.1081701,-0.168402787,0.265081264,-0.635287401,0.525240989,0.943864099,265.3,598.3
Paqr4,34.49209739,0.588442209,0.926151762,0.635362619,0.525191942,0.943864099,28.6,52.8
Crybg2,22.37356743,0.657440226,1.035136031,0.635124473,0.525347237,0.943889786,17.3,28.6
Abcf3,104.1157328,0.215547253,0.339897488,0.634153708,0.525980515,0.944034093,76.2,169.3
Ccl25,25.51433331,-0.500241854,0.789506834,-0.633613076,0.526333365,0.944034093,20,54.4
Coprs,2.832590175,1.106408669,1.747069819,0.633293906,0.526541732,0.944034093,5.3,10
Gm16008,11.12592835,0.92041066,1.45305274,0.633432383,0.526451324,0.944034093,7.4,13.1
Gm20300,28.77201123,-0.403976114,0.638045852,-0.633145898,0.526638372,0.944034093,19.8,55.6
Gm37621,35.42966205,0.677544145,1.069959177,0.633242987,0.526574978,0.944034093,30,42.5
Gm42690,3.973628152,-1.203971893,1.900913691,-0.633364839,0.526495421,0.944034093,3.4,10.6
Gm43138,16.98585022,-0.808743417,1.276462724,-0.633581696,0.52635385,0.944034093,8.1,38.7
Gm45731,22.47781872,0.639991809,1.009209909,0.634151334,0.525982064,0.944034093,22.5,28.9
Gm48855,14.56614977,-0.795451557,1.253383515,-0.634643385,0.525661026,0.944034093,9.5,32.4
Hbegf,14.22022491,0.925537408,1.461214274,0.633402934,0.526470549,0.944034093,18.2,16
Mtm1,34.33658366,0.641075887,1.012046001,0.633445403,0.526442824,0.944034093,38.8,48.7
Pgap3,26.96637198,-0.500772092,0.790368899,-0.633592861,0.526346561,0.944034093,20.1,54.5
Phf11a,63.0200996,-0.429333155,0.676730386,-0.634422754,0.525804964,0.944034093,55,131.3
Prox2,5.346834508,1.106037744,1.743145786,0.634506736,0.525750172,0.944034093,8.1,5.6
Sh2d4b,4.746331922,-1.589397042,2.507314066,-0.63390425,0.526143312,0.944034093,1.2,10.1
Slc22a17,4.283784635,1.432235004,2.25825687,0.634221475,0.525936294,0.944034093,7.1,4.2
Stk19,80.92420071,-0.379349739,0.597973322,-0.634392414,0.525824759,0.944034093,65.2,159.5
Zcchc4,111.9344749,-0.186340376,0.294474143,-0.632790284,0.526870602,0.944329762,91,212
Pknox1,167.0789428,0.251184803,0.397123305,0.63251086,0.527053114,0.944399224,150.5,262.3
Spop,301.5314932,0.189142457,0.299016882,0.632547755,0.527029014,0.944399224,258.8,505
Tmem170b,69.53381521,-0.45867431,0.725266349,-0.632421883,0.527111238,0.944399224,31.6,139.9
1600014C10Rik,169.8873787,-0.181103981,0.286627923,-0.63184347,0.527489165,0.944775755,133.5,311.9
Amacr,10.40904375,1.452671035,2.303641815,0.630597615,0.528303659,0.944775755,15.1,13.4
Cd7,153.1250306,0.232564998,0.36880465,0.630591283,0.5283078,0.944775755,122,255
Clk4,319.9160121,-0.140811514,0.223228833,-0.63079447,0.528174919,0.944775755,207.7,587.4
Crat,13.58350849,0.953937612,1.511926185,0.630941921,0.5280785,0.944775755,22.6,14.9
Gm10505,2.884824377,-1.365347686,2.163225804,-0.631162814,0.527934073,0.944775755,2.5,7.7
Gm9354,3.831180622,-0.704959528,1.116117518,-0.631617654,0.527636748,0.944775755,4.9,7.9
Klhl42,36.42661591,0.459544799,0.728558612,0.630758859,0.528198207,0.944775755,40.8,50.4
Lyz2,545.4174843,0.434918331,0.68907925,0.631158653,0.527936794,0.944775755,767.2,725.4
Naip6,16.3772469,-0.894441035,1.418190217,-0.630691867,0.528242018,0.944775755,8.8,39.6
Rap2b,110.5269037,0.350022664,0.554937302,0.630742721,0.528208761,0.944775755,112,176.8
Rassf1,17.18133547,-0.745314373,1.181408609,-0.630869258,0.528126014,0.944775755,9,37.6
Sart1,211.258782,-0.160422306,0.254414253,-0.630555498,0.528331204,0.944775755,159,400.3
Sirpb1c,4.126182719,-1.565453785,2.477031745,-0.631987777,0.527394865,0.944775755,3.6,9.5
Txlna,161.0070201,-0.144002501,0.227938644,-0.631759926,0.527543763,0.944775755,113.3,291.3
Acot9,103.8547127,-0.308185866,0.488889084,-0.630379928,0.52844604,0.944860712,77.3,198.6
Diablo,54.59146067,0.334089846,0.530199894,0.630120545,0.528615719,0.945043694,43.6,84.2
Arhgap11a,77.75235907,0.255703068,0.406181725,0.629528737,0.529002961,0.945256004,66.2,131.7
Gm11110,52.29924722,0.324014447,0.514694822,0.629527311,0.529003894,0.945256004,49.7,82.6
Gm47652,4.504617311,-1.033764163,1.641842302,-0.629636696,0.528932309,0.945256004,3.2,9.9
Trim30c,25.55163803,0.917653941,1.45747966,0.629616979,0.528945212,0.945256004,31.8,29.9
Arl1,106.6560804,0.286320171,0.45561084,0.628431427,0.529721355,0.945334371,77.5,172.9
Eml5,76.16977319,-0.390895631,0.621554196,-0.628900318,0.529414318,0.945334371,45.4,147.7
Hint3,86.20329031,-0.303164996,0.482387769,-0.62846742,0.529697783,0.945334371,62.5,169
Ltbp1,9.451261915,1.226904652,1.950756634,0.628937834,0.529389756,0.945334371,18.2,11.2
Mier1,843.1972947,0.124587295,0.198125282,0.628830875,0.529459785,0.945334371,680.9,1429.5
Ninj1,53.62644018,0.354382852,0.563607837,0.628775594,0.52949598,0.945334371,50.9,78.5
Parp14,721.1986438,-0.10946804,0.174184633,-0.628459805,0.52970277,0.945334371,526.7,1346.8
Phf10,73.10359889,0.444495111,0.706339565,0.629293803,0.529156728,0.945334371,57.5,100.6
Rpl9-ps7,2.793006409,-0.797686605,1.268757197,-0.628714939,0.529535696,0.945334371,1.1,6.9
Yif1a,123.8938036,-0.379298569,0.603473262,-0.62852589,0.529659492,0.945334371,120.2,240.8
Itga5,9.59194816,0.745839012,1.187432135,0.628110853,0.529931324,0.945348443,13.5,12.2
Metap2,443.9962902,-0.124168637,0.197685606,-0.628111674,0.529930786,0.945348443,377.3,834
Slc16a3,104.1314688,-0.282338152,0.449425781,-0.628219751,0.529859994,0.945348443,91.6,202.6
2410131K14Rik,26.6813285,-0.493392323,0.787661254,-0.626401667,0.531051516,0.945351803,22.9,58
5430427O19Rik,34.27709638,-0.513273727,0.820222746,-0.625773583,0.531463461,0.945351803,24.4,71.6
A530041M06Rik,20.19625389,-0.895953766,1.445842912,-0.619675733,0.535471295,0.945351803,17.7,52.7
Aatf,127.3968906,0.232750506,0.373140524,0.623761,0.532784556,0.945351803,114.5,201
Abhd17b,162.0124053,-0.26374879,0.424297254,-0.621613239,0.534196214,0.945351803,120.9,306.6
AC102156.2,3.845757731,-0.722936579,1.15657127,-0.625068768,0.531925925,0.945351803,2.4,8.6
Aen,39.06552013,0.564735153,0.911132712,0.61981657,0.535378558,0.945351803,32.7,52.3
Alg12,16.9088022,0.483604932,0.778753668,0.620998593,0.534600549,0.945351803,13.9,24.5
Amd1,15.25372079,-0.643406818,1.02655126,-0.626765407,0.530813022,0.945351803,12.2,30.5
Anapc7,103.5109536,0.25827205,0.416874002,0.619544633,0.535557628,0.945351803,91.9,168.3
Asrgl1,98.73748105,0.303846554,0.485401997,0.6259689,0.531335341,0.945351803,80.6,153.1
Auh,149.6623457,0.27858827,0.449711885,0.619481671,0.535599093,0.945351803,110.7,256.8
Batf3,6.87655722,1.352520706,2.171428008,0.622871539,0.533368942,0.945351803,11,5.5
Bcl7a,72.55907825,0.461842674,0.745676377,0.619360741,0.535678738,0.945351803,53.6,115.4
C3,20.31097571,0.695559247,1.111039705,0.626043555,0.531286374,0.945351803,31.1,24.5
Ccny,210.4385575,-0.243160765,0.390305949,-0.623000408,0.533284254,0.945351803,145.4,410.9
Cd248,9.003996779,-1.119336633,1.790960803,-0.624992256,0.531976141,0.945351803,4.2,19.5
Cd3e,3135.855385,-0.067685515,0.108148254,-0.625858599,0.531407692,0.945351803,2198.7,5735.9
Cdk2ap1,31.65127163,0.565916986,0.913423608,0.6195559,0.535550208,0.945351803,25.8,40.4
Cdkl3,47.57248271,0.680525577,1.09202745,0.623176256,0.533168703,0.945351803,31.4,61.8
Chchd1,142.7954321,-0.320553742,0.511905785,-0.626196757,0.531185894,0.945351803,129.7,276.2
Col16a1,17.32071614,1.468980913,2.372829714,0.619084001,0.535861022,0.945351803,41.5,14.2
Dnajc7,139.9103838,0.196622508,0.315820891,0.622576002,0.533563185,0.945351803,124.6,237.2
Dock7,30.60706093,0.776802337,1.249969278,0.621457144,0.534298884,0.945351803,44.1,37.3
Emc1,14.20145766,0.92919993,1.489482133,0.623840937,0.532732052,0.945351803,12.5,15.9
Ep300,418.2128588,0.179239213,0.286876247,0.624796285,0.532104769,0.945351803,299.2,705.3
Ggh,89.98461295,-0.295328593,0.476297989,-0.620050053,0.535224834,0.945351803,78.8,176.6
Gm16020,173.0517186,-0.207354963,0.33485272,-0.619242283,0.535756761,0.945351803,140.8,337.3
Gm2245,123.8854119,-0.229241953,0.366697052,-0.625153521,0.531870304,0.945351803,84.9,243.7
Gm37655,15.74349557,0.880741263,1.403368527,0.627590862,0.530271997,0.945351803,17.4,23.8
Gm44967,8.276085769,1.081342543,1.742815642,0.620457217,0.534956813,0.945351803,9.5,7.7
Gm47550,11.38054748,0.944896855,1.519197318,0.621971118,0.533960859,0.945351803,12.2,13.8
Gm48689,9.394049888,1.438842123,2.309140978,0.623107093,0.533214149,0.945351803,7,11.4
Gm6170,6.860399624,-0.643350731,1.032795806,-0.622921517,0.533336097,0.945351803,4.7,14.6
Gm8254,12.75383402,0.675653681,1.07736992,0.627132491,0.530572391,0.945351803,6.8,19.2
Gm9701,7.639657938,0.628795934,1.00966607,0.622776137,0.533431642,0.945351803,6.4,10.9
Grina,733.4578132,-0.108453831,0.173259482,-0.625961879,0.531339946,0.945351803,577.4,1347.2
H2-Aa,971.3489997,0.350093607,0.561585956,0.623401642,0.533020619,0.945351803,1338.4,1363
Hist1h2bk,2.286231555,-1.691949674,2.71911539,-0.62224269,0.533782299,0.945351803,1.1,6.7
Hmgcl,75.56168012,-0.275742242,0.441659977,-0.624331514,0.532409892,0.945351803,58.2,152.4
Hook1,65.14133193,0.421718817,0.678825362,0.62124788,0.534436541,0.945351803,41.4,99.7
Hs1bp3,10.50071411,-0.895400076,1.430263261,-0.626038646,0.531289593,0.945351803,7.6,24.5
Ipp,30.25366492,0.469820006,0.756270613,0.621232662,0.534446552,0.945351803,24.8,43
Kcna4,6.772656155,-1.10691414,1.784102559,-0.620431899,0.534973476,0.945351803,5,18.7
Kdm1b,49.00047827,-0.367035082,0.588330177,-0.623859011,0.532720181,0.945351803,24,91.6
Lats1,130.2875687,0.335085754,0.539837285,0.620716211,0.534786362,0.945351803,110.7,207.7
Mapkap1,195.742146,-0.261299161,0.417585621,-0.625737927,0.531486852,0.945351803,159.9,382.3
Med14,206.9860861,0.227247527,0.362602673,0.626712223,0.53084789,0.945351803,138.5,350.3
Mettl2,59.89097368,0.487889594,0.778822709,0.626445003,0.5310231,0.945351803,46.2,78.6
Mfsd3,15.06567117,0.737707567,1.187884787,0.621026193,0.53458239,0.945351803,13.9,21.1
Mrpl16,55.54254587,-0.453509801,0.729981176,-0.621262323,0.53442704,0.945351803,38.4,118.7
Naa50,286.6949512,0.14355655,0.229999949,0.624159053,0.532523135,0.945351803,251,486.3
Ncapg2,179.3762987,0.311882738,0.503371839,0.61958718,0.535529609,0.945351803,132.6,284.6
Nup133,52.69320883,0.537444627,0.861090877,0.62414391,0.532533079,0.945351803,36.7,84.8
Nup93,97.45784366,-0.285312925,0.458562989,-0.622189169,0.533817487,0.945351803,83.7,194.3
Pgpep1,16.51856117,-0.911309319,1.460939068,-0.623783249,0.532769942,0.945351803,10.2,42.5
Prag1,21.88281113,0.663559278,1.067940464,0.621344822,0.534372768,0.945351803,26.6,29.6
Prickle1,9.116099199,1.456954293,2.334032353,0.624221978,0.532481815,0.945351803,5.4,8.8
Prps1,133.2838706,-0.245311045,0.390991275,-0.627407977,0.53039184,0.945351803,101.9,251.5
Prr3,77.09743732,0.289055612,0.465782007,0.620581318,0.534875135,0.945351803,71,124.3
Prss2,8.527647615,1.10267321,1.77208616,0.622245822,0.53378024,0.945351803,5.4,26.9
Ptgs1,19.49780439,0.753337343,1.205794826,0.62476412,0.532125883,0.945351803,15.6,19.6
Rab35,265.0370164,-0.193712992,0.309804917,-0.625274104,0.531791173,0.945351803,214.6,503.6
Rab3d,69.59073751,0.339163803,0.542823266,0.624814417,0.532092867,0.945351803,66.4,112.4
Rad9a,46.49553805,0.418431982,0.673242963,0.621517052,0.534259479,0.945351803,40.6,69.5
Rassf4,30.84755068,0.643882966,1.031756792,0.624064673,0.532585113,0.945351803,43,43.1
Rgs19,155.3120418,0.24360559,0.390525926,0.623788522,0.532766479,0.945351803,121.3,245.6
Rnf219,80.82812681,0.355766461,0.568214168,0.626113322,0.531240615,0.945351803,76,130.7
Rom1,31.52596446,0.689161257,1.112941815,0.619224876,0.535768226,0.945351803,31.4,48.1
Rps12-ps10,5.401793372,-0.492614789,0.793214799,-0.621035802,0.534576067,0.945351803,4,12.1
Scnm1,45.39240802,0.371702632,0.597822624,0.621760732,0.534099211,0.945351803,48.2,68.8
Slc25a1,70.63899791,-0.442027315,0.704810788,-0.627157419,0.530556052,0.945351803,67.1,149.2
Slc25a33,20.10429722,-0.701759304,1.133360318,-0.619184643,0.535794728,0.945351803,13.7,47
Slc9a9,143.8465989,0.277950352,0.448405244,0.619864188,0.535347205,0.945351803,95.8,225.6
Spg7,171.1844112,-0.237116881,0.379368772,-0.625030047,0.531951338,0.945351803,120.4,317.8
Tgfbrap1,104.388532,0.363512488,0.583137603,0.623373431,0.533039153,0.945351803,91.5,168.8
Thumpd1,146.4249884,-0.274864711,0.437834248,-0.627782572,0.530146385,0.945351803,113.3,281.7
Tmem220,3.320423797,-1.617156653,2.584069819,-0.625817709,0.531434515,0.945351803,2.8,9.4
Tmem256,388.3113254,-0.164603012,0.264055682,-0.623364781,0.533044837,0.945351803,310.9,725.7
Tmem91,4.421093407,-0.931234292,1.492905607,-0.623773056,0.532776637,0.945351803,7.8,11.4
Tmem9b,307.2599321,-0.19049233,0.30441301,-0.625769347,0.53146624,0.945351803,217.9,581.6
Tnfaip1,96.61647132,0.262844726,0.418663098,0.627819189,0.530122394,0.945351803,94.9,153.8
Tspan14,340.3462967,-0.208676437,0.335765363,-0.621494829,0.534274096,0.945351803,267.1,637.5
Usp49,13.78349135,0.868150266,1.398683968,0.620690797,0.534803086,0.945351803,24.6,17
Vav2,4.910425468,1.40204165,2.253980282,0.622029244,0.533922639,0.945351803,5.9,4.7
Virma,343.6592986,-0.137401212,0.221940328,-0.619090788,0.535856551,0.945351803,235.8,623.9
Vps26a,127.9492155,-0.2952342,0.470651938,-0.62728776,0.530470625,0.945351803,92.2,251.1
Zswim4,155.1330666,0.180253216,0.287159357,0.627711447,0.530192985,0.945351803,124.9,266.7
Cep104,70.27333413,-0.401953355,0.649792914,-0.618586855,0.536188564,0.945523187,63.1,142.4
Fam219b,103.5657774,-0.291684874,0.471404316,-0.618757326,0.536076239,0.945523187,55.3,202.5
Gm15133,11.32421855,-1.027603528,1.661370754,-0.618527517,0.536227665,0.945523187,8.6,27.9
Tep1,123.1845631,-0.288883138,0.467020173,-0.618566722,0.536201831,0.945523187,87.1,231.3
Gm38262,15.59131872,-1.0065192,1.628637199,-0.618013147,0.536566673,0.945883266,6.3,31.5
Mettl8,28.85486047,0.42284992,0.684114985,0.618097731,0.536510918,0.945883266,29.8,41.5
AC122119.2,2.422153498,0.520346058,0.845384042,0.615514407,0.538215058,0.946017191,2.1,3.4
Atp6v0a2,194.4616308,0.163075606,0.265818421,0.613484967,0.53955572,0.946017191,156.9,318.8
Camsap2,48.48568055,0.4116029,0.669341181,0.614937362,0.538596088,0.946017191,47.6,68.8
Cast,704.6821518,0.152033842,0.247389133,0.61455344,0.538849671,0.946017191,524.2,1166
Ccdc90b,2.526955178,-1.491797002,2.415326722,-0.617637766,0.536814144,0.946017191,8.2,5.9
Cdr2,57.99061518,0.50410467,0.816413518,0.617462424,0.536929758,0.946017191,32.9,83.2
Cetn4,15.91928044,0.840911226,1.366157777,0.615530095,0.538204701,0.946017191,17.9,22.1
Chmp3,266.3899124,0.132691984,0.216175521,0.613815958,0.539336951,0.946017191,210,444.9
Cnih1,132.7175755,0.214708173,0.349808001,0.613788628,0.539355013,0.946017191,107.3,217.4
Cyth4,856.3773986,-0.094864158,0.154603932,-0.613594728,0.539483168,0.946017191,618.9,1561.1
Ghitm,709.9478101,-0.087253265,0.142227784,-0.613475525,0.539561961,0.946017191,511,1301.9
Gm20342,84.05065867,0.438225622,0.712227383,0.615288927,0.538363929,0.946017191,60.9,131.1
Gm24616,4.213550309,-1.199156833,1.948558876,-0.615407031,0.538285949,0.946017191,1.6,9.3
Gm34220,25.86761707,-0.530750272,0.864319985,-0.614066875,0.539171136,0.946017191,15.3,51.1
Gm37105,51.31002035,-0.479755494,0.77785535,-0.616766979,0.537388435,0.946017191,29.8,106.9
Gm37653,29.54497099,0.716007754,1.16746179,0.613302945,0.539676046,0.946017191,27.1,38.7
Gm38146,7.829357849,-1.327598374,2.159233899,-0.614846949,0.538655801,0.946017191,2.3,20.7
Gm42715,21.64676302,-0.669765354,1.091717186,-0.613497125,0.539547683,0.946017191,9,41.7
Gm9320,31.09663304,0.428414019,0.6976896,0.614046732,0.539184446,0.946017191,21.1,45.9
Gna15,130.0084679,0.242919173,0.393906606,0.616692305,0.537437698,0.946017191,97,204.1
Haspin,41.34710143,0.58295726,0.947251819,0.615419521,0.538277703,0.946017191,44.2,52.5
Kdm2a,686.5219464,-0.135605563,0.220213375,-0.615791676,0.538032022,0.946017191,537.4,1268.4
Lrmp,445.65563,-0.172556142,0.2795272,-0.617314313,0.537027428,0.946017191,290.3,836.5
Lta4h,430.6668452,0.106304569,0.172945472,0.614671015,0.538772005,0.946017191,349.2,755.9
Mcm9,106.6720505,0.311476445,0.504994965,0.616791188,0.537372465,0.946017191,63.1,171.3
Megf9,16.7432337,-0.817839156,1.324956922,-0.617257167,0.537065114,0.946017191,16.3,34.7
Mynn,73.02512197,0.311617078,0.50582494,0.616057164,0.537856792,0.946017191,58.3,119.8
Narf,136.2931778,-0.221716855,0.361222075,-0.613796528,0.539349792,0.946017191,90.1,255.1
Nphp1,7.924957464,-1.328025358,2.157242532,-0.615612449,0.538150333,0.946017191,5.5,16.8
Nudt13,83.25026228,0.312140313,0.50877228,0.613516745,0.539534714,0.946017191,70.1,136.7
Pigs,65.0517193,0.317899832,0.518147414,0.613531639,0.539524869,0.946017191,47.8,101.8
Rabl3,40.44299526,-0.580806541,0.946329058,-0.613746916,0.539382581,0.946017191,32.8,89.5
Rpl35a-ps5,2.895660555,0.705599372,1.150152962,0.613483072,0.539556972,0.946017191,2.1,4.1
Rps15a-ps4,12.56501743,-0.362897286,0.587991258,-0.61718143,0.537115063,0.946017191,11.3,27.2
Senp3,53.08295925,-0.322391457,0.524686325,-0.614446083,0.538920591,0.946017191,48.8,102.2
Stil,43.98927966,0.419753751,0.682604692,0.614929484,0.538601291,0.946017191,37,67.3
Supt3,50.50224566,-0.474581377,0.770657339,-0.615813739,0.538017459,0.946017191,29.8,105
Tmem107,42.59665697,0.486512458,0.791406389,0.614744163,0.53872369,0.946017191,29.2,62
Wbp1l,237.7756299,-0.159728824,0.258714908,-0.617393196,0.536975408,0.946017191,177.3,441.5
Xkr6,6.888713784,-0.976416443,1.584022828,-0.616415639,0.537620234,0.946017191,10.9,15.3
Ywhah,215.5960276,0.192476728,0.313377051,0.614201735,0.539082027,0.946017191,168.4,356.6
Zbp1,511.2875903,0.122288615,0.199389059,0.613316577,0.539667035,0.946017191,371.1,891.4
Zfp212,37.00171867,0.561442332,0.911002435,0.616290703,0.537702673,0.946017191,26.6,57.6
Zfp422,57.26324132,0.393841001,0.638933292,0.616403944,0.537627951,0.946017191,39.1,83.9
Zfp598,217.228011,-0.161145891,0.26238115,-0.614167181,0.539104858,0.946017191,154.1,389.4
Prkg2,8.292183283,-1.240669771,2.023523431,-0.613123501,0.539794682,0.946106977,4.4,18
Zfp472,59.2346383,0.311837619,0.508765453,0.61293002,0.539922613,0.94621303,43.8,93.9
Tecr,538.4916078,-0.110497428,0.180345839,-0.612697407,0.540076437,0.946361239,410.4,995.3
Zfp384,67.77757268,-0.243785437,0.397953238,-0.612598198,0.54014205,0.946361239,43.9,126.7
Hdac1,188.9407252,-0.165506438,0.270299294,-0.612308065,0.540333954,0.946474007,134.4,367.4
Pdcd5-ps,2.862134512,-0.699501586,1.142422099,-0.612296967,0.540341296,0.946474007,1.7,6.5
Edem2,107.7852686,0.334633301,0.546634092,0.612170564,0.540424915,0.946501321,115.4,169.5
Ubxn2b,45.95786338,0.45508343,0.743515942,0.612069499,0.540491776,0.946501321,42.9,71.2
Gm49668,3.211202506,-1.585434355,2.591388001,-0.611808944,0.540664172,0.946566989,6.1,9.6
Plekha7,8.613154061,1.317607465,2.153541683,0.611832813,0.540648378,0.946566989,6.9,8.1
Cbll1,60.91527232,0.43123218,0.705254181,0.611456396,0.540897477,0.946568914,55,95.9
Fblim1,12.32263231,0.863118196,1.411708788,0.611399605,0.540935064,0.946568914,13.9,13.5
Rab7,368.4858358,-0.176011214,0.287836059,-0.611498138,0.540869851,0.946568914,323.7,690.4
S100a9,57.93433339,-0.868759376,1.42075798,-0.611475979,0.540884516,0.946568914,41.5,129.8
Atf4,984.5264054,-0.108492256,0.177690919,-0.610567254,0.541486107,0.94688079,701.9,1797.4
Calhm2,98.10220176,-0.343159193,0.562077901,-0.610518919,0.541518115,0.94688079,74.2,202.8
Fbf1,22.55116279,-0.535018488,0.87562737,-0.611011608,0.541191895,0.94688079,16.1,53.8
Myo1c,110.7941093,0.227936166,0.373260807,0.610661933,0.541423412,0.94688079,101.9,183.3
Rbm17,365.1519651,0.151140234,0.247439219,0.610817617,0.541320329,0.94688079,295.5,617.5
Rpl21-ps14,2.438713538,-0.988127701,1.61759877,-0.610860814,0.541291729,0.94688079,1.8,11.1
Rfc4,38.80320921,0.663346782,1.086815053,0.610358479,0.541624367,0.946948594,35,48.2
D130007C19Rik,5.076644915,-1.227396217,2.011928255,-0.610059635,0.541822304,0.947176659,5.2,13.1
Cript,196.4288603,0.164325881,0.26942193,0.609920212,0.541914662,0.947220124,167.4,312.5
Gm11201,3.505936059,-1.40561426,2.307800145,-0.609071051,0.542477345,0.947585141,3.3,8.3
Gm11942,9.946568917,0.588205787,0.966529777,0.608574925,0.542806229,0.947585141,4.9,13.3
Gm17199,9.347970125,-0.862516015,1.416036995,-0.609105566,0.542454468,0.947585141,15.6,23.8
Hlcs,85.42232537,-0.314785015,0.517586157,-0.608178968,0.543068782,0.947585141,60.5,164.9
Junos,6.003903333,-1.451598336,2.382242689,-0.609341081,0.542298383,0.947585141,3.7,15.8
Med9,57.90090049,0.384905301,0.631774685,0.609244577,0.542362337,0.947585141,52.1,81
Mthfsd,48.92528434,-0.296247139,0.487082697,-0.608207068,0.543050148,0.947585141,31.9,93.2
Nfil3,296.6271859,-0.126631788,0.208044966,-0.608675087,0.542739824,0.947585141,201.7,542.7
Pcna,211.6911442,-0.185260042,0.304318246,-0.608770734,0.542676415,0.947585141,166.6,395.2
Rhbdd3,28.69287206,-0.618548229,1.015279066,-0.609239617,0.542365625,0.947585141,14.2,63.3
Timm50,86.71954647,-0.28201199,0.463336371,-0.60865498,0.542753153,0.947585141,71.6,162.7
Trbv2,7.211206898,1.172684822,1.927373668,0.608436673,0.542897895,0.947585141,12.5,9
Trmt2a,103.4235344,0.223841509,0.367585444,0.608950962,0.542556943,0.947585141,94.3,169.4
Trmt2b,114.9351466,-0.216262572,0.355542245,-0.608261255,0.543014214,0.947585141,82.7,207.5
Acod1,28.2559039,-0.747877795,1.230246407,-0.607908945,0.543247867,0.947662244,28.5,61.2
Gm26254,18.08415214,0.932976475,1.535091573,0.607766007,0.543342678,0.947662244,16.3,19.7
Gm34794,8.417263433,-0.938305993,1.544532725,-0.60750153,0.543518128,0.947662244,6.3,19
Mir7078,26.89999321,-0.554377534,0.912183489,-0.607747828,0.543354736,0.947662244,14.9,58.2
Pyroxd1,7.667128862,-1.083274007,1.782998176,-0.607557552,0.543480961,0.947662244,6.3,19.9
Wdr89,164.368528,0.173397653,0.285395221,0.607570274,0.543472521,0.947662244,160.5,272.7
Setdb1,109.6052102,0.298292683,0.49113774,0.60735036,0.543618424,0.947719374,82.8,167.5
Cdca4,272.0980222,-0.17392131,0.286537431,-0.60697588,0.543866919,0.947799372,221.5,504.2
Nav1,43.76226389,0.668875375,1.101614968,0.607177094,0.543733392,0.947799372,83.8,52.8
Zbtb26,31.65446583,0.746591383,1.229905209,0.607031646,0.543829911,0.947799372,17.7,40.4
BC022960,3.499631639,1.76442964,2.910332087,0.606264023,0.544339445,0.947833665,11.1,3.3
Ctnnbip1,51.3123385,-0.472572143,0.779875959,-0.605958085,0.544542587,0.947833665,45.8,109.2
Cyp4v3,44.98483649,0.483350712,0.79765406,0.605965338,0.544537771,0.947833665,38.1,62.1
Gm32256,1.981885426,-0.91369627,1.506488382,-0.606507346,0.544177906,0.947833665,0.7,5.2
Gm37755,4.157272983,1.17090891,1.931054047,0.606357399,0.544277451,0.947833665,12.8,5.9
Kctd10,3.852393598,1.38769865,2.290585002,0.605827179,0.54462952,0.947833665,6.3,12.8
Mrps16,204.3044563,0.199951256,0.329968271,0.605971161,0.544533904,0.947833665,143.1,334.6
Ptgs2,22.15380255,-0.787267692,1.299321695,-0.605906678,0.544576724,0.947833665,10.1,50.5
Rgs1,2378.75335,-0.095076237,0.156775073,-0.606449964,0.544215999,0.947833665,1692.8,4385.6
Shisa5,4066.700942,-0.057012366,0.09401777,-0.6063999,0.544249235,0.947833665,2948.5,7391.8
Tex10,75.18891296,0.264176731,0.43603747,0.605857867,0.54460914,0.947833665,63.3,123.4
Gm8818,16.14165535,-0.902739942,1.490455627,-0.605680522,0.544726921,0.94788563,8.5,33.1
Rps26-ps1,11.87020345,0.408293197,0.674439157,0.605381809,0.544925335,0.948113334,11.4,16.9
Bsdc1,135.7858348,-0.239553181,0.396212546,-0.604607763,0.545439647,0.948632609,106.9,268.9
E2f6,44.29131055,0.461421018,0.764222674,0.603778236,0.545991091,0.948632609,50.6,65.3
Gm29650,4.362469705,-1.358528631,2.250810228,-0.603573155,0.546127465,0.948632609,2.8,11.6
Gm37472,54.94378563,0.368942895,0.610274313,0.604552555,0.545476339,0.948632609,42.6,85.2
Gm42885,4.566026303,-1.390508924,2.302409133,-0.603936505,0.545885858,0.948632609,2.6,11.1
Gm49703,4.886644579,-1.471615457,2.438405964,-0.603515362,0.546165899,0.948632609,4.5,12.1
H3f3b,1947.896851,-0.087296828,0.14467312,-0.603407376,0.546237717,0.948632609,1443.2,3553.2
Hsp90b1,1329.783671,0.071349838,0.117991032,0.604705603,0.545374625,0.948632609,1092.8,2310.2
Jag2,3.573862355,-1.704381642,2.82183523,-0.603997577,0.545845253,0.948632609,2.9,10.6
Msh3,132.2174929,0.223106169,0.369584666,0.603667278,0.546064874,0.948632609,117.3,219.1
Nvl,216.1044625,-0.160988619,0.266746779,-0.603526009,0.546158819,0.948632609,139.6,404.1
Sat1,243.7787972,-0.174365832,0.288959186,-0.603427199,0.546224533,0.948632609,192.6,447
Slc28a2,162.8260502,0.154736705,0.256159792,0.604063204,0.545801622,0.948632609,131.8,277.8
Uchl5,172.2582956,0.23934746,0.396243535,0.604041299,0.545816185,0.948632609,136.5,292.4
Uqcrq,625.4862214,-0.09426123,0.156066234,-0.603982218,0.545855465,0.948632609,508.8,1139.4
Gopc,121.048684,0.255066359,0.422858514,0.603195514,0.546378632,0.948632865,108.3,198.3
Hspa13,120.6466157,0.26317422,0.436394077,0.603065517,0.546465105,0.948632865,74.6,197.2
Pkig,46.39191677,0.551595853,0.914751645,0.603000668,0.546508245,0.948632865,56.1,66
Rps24,3535.674943,0.078897659,0.130813118,0.603132625,0.546420464,0.948632865,3020.6,6000.8
Eif3b,397.9968795,0.12954141,0.214891355,0.602822807,0.546626573,0.948637937,356.6,679.7
Lats2,98.11924187,0.283198053,0.469815299,0.602785931,0.546651107,0.948637937,85.8,162.7
Mpst,8.340038262,0.66534048,1.103948718,0.602691474,0.546713954,0.948637937,6.4,10.9
Gm37123,4.43314268,-1.169717347,1.941206223,-0.602572428,0.546793167,0.948658093,11.9,10.7
Fra10ac1,100.1919409,0.328104046,0.545047956,0.601972803,0.547192241,0.949233117,69.8,157.2
A730063M14Rik,8.072057386,-0.860524804,1.430408004,-0.601593952,0.547444455,0.949264761,3.7,19
Fnip1,143.8533524,0.214924655,0.357282717,0.601553462,0.547471415,0.949264761,135.3,235.9
Gm26802,18.49414242,0.985529459,1.638346742,0.601538999,0.547481045,0.949264761,14.6,17.8
Scimp,31.61606032,0.590483579,0.981130153,0.601840211,0.547280506,0.949264761,41.6,42.5
1700096K18Rik,17.08955632,-0.766777753,1.278984504,-0.599520753,0.548825675,0.94979618,8.8,34.9
2210408F21Rik,5.12003089,1.468140123,2.447658668,0.599814076,0.548630151,0.94979618,7,4.7
2310022B05Rik,34.01258017,-0.456768666,0.760331511,-0.600749357,0.548006939,0.94979618,24.8,69.8
Ccndbp1,257.8193363,-0.240295495,0.400851207,-0.599463071,0.548864129,0.94979618,204.9,491.6
Ccpg1os,5.965900776,-0.949820773,1.585056448,-0.599234667,0.549016408,0.94979618,5,12.5
Ctbp1,450.3628234,-0.114972108,0.191942655,-0.598991962,0.549178245,0.94979618,340.9,829.3
Dhrs1,162.1559585,-0.26726949,0.446097363,-0.599128154,0.549087428,0.94979618,97.4,310.8
Epb41l5,9.253058524,-0.927693598,1.548634216,-0.599039843,0.549146316,0.94979618,3.8,22.9
Eri3,46.17499384,-0.354668506,0.591078103,-0.600036618,0.548481831,0.94979618,31,90.2
Fzd7,2.17359962,-1.521343103,2.533314828,-0.600534559,0.548150036,0.94979618,5.9,9.6
Gm11531,2.804987777,0.800475197,1.335916453,0.599195553,0.549042488,0.94979618,3.9,3.5
Gm43339,12.25391222,-1.051545948,1.751561083,-0.60034786,0.548274429,0.94979618,9.3,24.3
Gnal,8.226559475,0.902942359,1.507502769,0.598965639,0.549195799,0.94979618,10.7,10.7
Hdac4,256.5727394,-0.117003631,0.194963067,-0.600132284,0.548418078,0.94979618,193.3,461.3
Klf8,9.012212372,1.043894025,1.738946066,0.600302704,0.548304517,0.94979618,16,13.8
Lpcat3,110.1401079,0.354056387,0.589306263,0.600802009,0.547971866,0.94979618,88.2,165.8
Ndufs2,352.4525651,0.094875905,0.158368643,0.599082641,0.549117777,0.94979618,288.6,592.9
Strip1,143.6544552,-0.261981207,0.43740359,-0.598946174,0.549208779,0.94979618,73.5,276.3
Tbc1d7,20.49817317,-0.516374962,0.859976651,-0.600452304,0.548204838,0.94979618,14.1,42.3
Tomm34,291.8748866,-0.142822973,0.238000012,-0.600096494,0.548441929,0.94979618,211.2,530.7
Zbtb48,31.34918283,0.554938027,0.923904623,0.60064428,0.548076939,0.94979618,37.1,40.5
Arfgap3,54.85421302,0.37848126,0.632521732,0.598368784,0.54959389,0.950015475,41.3,86.1
Gsto1,128.2927952,0.28967829,0.484080863,0.598408885,0.549567138,0.950015475,139.6,205.7
Ifit1bl1,273.8937501,-0.176457844,0.294907357,-0.598350093,0.549606359,0.950015475,165.6,527.6
Mthfd2,296.344632,0.174558929,0.291602191,0.598620086,0.549426259,0.950015475,280.1,493
4632427E13Rik,179.0319934,-0.290234154,0.48526822,-0.598090173,0.549779767,0.950081179,92.1,340.9
Rps13-ps5,2.600272156,-0.768897828,1.285578962,-0.598094594,0.549776817,0.950081179,6.4,10.7
Rbm10,104.964248,0.209890529,0.351001017,0.597976982,0.549855292,0.950094702,95.8,173.9
Adamts6,160.2658776,0.230337742,0.386761164,0.59555551,0.551472206,0.950135209,132.9,260.2
Adrb2,54.67133658,-0.473864722,0.793054142,-0.597518753,0.550161091,0.950135209,43.6,110.7
Akap11,147.356225,-0.283613843,0.476003137,-0.595823475,0.55129316,0.950135209,130.2,296.8
B230217C12Rik,6.775484646,-0.9138429,1.532841525,-0.59617572,0.551057844,0.950135209,2.7,18
Btf3l4,17.33823604,0.700632288,1.173453312,0.597068738,0.550461489,0.950135209,14.5,22.9
Cldnd1,104.2647008,0.260238234,0.437002736,0.595507105,0.551504551,0.950135209,103.2,165.4
Dnal1,2.606238665,1.625924486,2.722613264,0.597192597,0.550378801,0.950135209,7.5,11.9
Eif2b1,79.14590843,0.256488707,0.429804624,0.596756511,0.550669957,0.950135209,56.5,126.7
Ess2,84.72605679,-0.314695708,0.527204585,-0.59691383,0.550564913,0.950135209,61.7,162.4
Gm16675,6.320886948,1.152640793,1.931582164,0.596734021,0.550684974,0.950135209,8.3,6.8
Gm26698,4.238363466,-1.365897869,2.290252827,-0.596396107,0.550910641,0.950135209,1.7,10.4
Gm37238,35.61424058,0.512743892,0.860928632,0.595570728,0.551462037,0.950135209,40.1,53.9
Idh1,27.05845309,0.563141234,0.945472238,0.595619005,0.551429777,0.950135209,29.2,38.8
Ints2,112.3139982,0.313367716,0.524281855,0.59770849,0.550034459,0.950135209,94.2,174.5
Klhl28,170.2317002,-0.202066784,0.338965291,-0.596128246,0.551089556,0.950135209,132.5,336.4
Ndufa12,72.52720194,0.377716387,0.633727967,0.59602291,0.551159922,0.950135209,81.4,111.2
Pcgf3,72.21090895,-0.374084548,0.626163707,-0.597422917,0.550225057,0.950135209,60.2,142.4
Ppp6r3,517.8490043,-0.096540335,0.161904419,-0.596279801,0.550988323,0.950135209,368,936.1
Rbm28,355.3970793,0.171717839,0.288074273,0.596088769,0.551115926,0.950135209,270.7,593.7
Reps1,319.762133,-0.164099791,0.274621661,-0.597548607,0.550141165,0.950135209,227.6,603.1
Rps18,1898.312242,0.072284369,0.12116762,0.596565065,0.550797801,0.950135209,1528.9,3237.5
Rtl5,3.212555594,-1.398121315,2.344913132,-0.596235867,0.551017668,0.950135209,2.8,7.6
Top3b,131.2222568,-0.192301306,0.322440523,-0.596393109,0.550912643,0.950135209,106.5,245.5
Trbv14,2.734805734,-1.193846271,2.005091998,-0.595407229,0.551571295,0.950135209,4.4,5.7
Zfp455,2.454591836,-1.445814662,2.426732782,-0.595786513,0.551317855,0.950135209,7.2,7.4
Akt1s1,9.330513093,-0.797831576,1.341453987,-0.594751355,0.552009689,0.95038535,6.6,20.6
Csk,600.0037599,0.096792562,0.162829382,0.594441621,0.552216778,0.95038535,498.9,1026.4
Csnk1g2,492.3039071,-0.116342519,0.195692779,-0.594516157,0.552166939,0.95038535,368.8,885.8
Gm26798,17.20997229,0.78138804,1.314774512,0.594313347,0.552302554,0.95038535,13.1,21.5
Itsn2,571.8421307,-0.104197703,0.175283956,-0.594450885,0.552210583,0.95038535,405.1,1058.5
Mpp1,86.00308698,0.37415855,0.629601565,0.594278303,0.552325988,0.95038535,84.7,128.2
Pik3c3,140.0564862,0.256454165,0.431527633,0.594293727,0.552315673,0.95038535,108.4,222
Sag,15.39518915,0.762915701,1.283723318,0.594299169,0.552312034,0.95038535,14.1,20.6
Zfp322a,100.7403389,-0.335035452,0.563320633,-0.594750897,0.552009995,0.95038535,63.1,199
Tyk2,178.5396092,-0.193766897,0.326336451,-0.593764185,0.552669847,0.950860442,125.1,330.5
Gm8213,3.034601205,-0.667199003,1.124373151,-0.59339642,0.552915884,0.951167139,1.9,5.4
Wwtr1,29.21555305,0.891488765,1.502853476,0.593197394,0.553049057,0.951279625,53.6,33.4
4930562F07Rik,11.09026342,0.819604994,1.382843583,0.592695373,0.553385038,0.951367055,11.9,16.1
Fcho1,321.3163475,-0.117403279,0.198091787,-0.592671106,0.553401282,0.951367055,207.8,587.9
Fem1a,87.41121816,-0.283101944,0.477775588,-0.592541669,0.553487926,0.951367055,53.8,175.6
Hnrnpll,288.2925668,-0.216094334,0.364492191,-0.592864098,0.553272107,0.951367055,210.7,552.2
Rab5b,51.21703302,-0.272038709,0.45912642,-0.592513734,0.553506627,0.951367055,42,101.4
Sfxn4,8.025945265,-0.994105159,1.676721758,-0.592886181,0.553257327,0.951367055,6,15.7
Glyr1,479.1388536,-0.146342977,0.247151446,-0.592118636,0.553771148,0.951439545,348,888.9
Gm16638,2.636665143,1.466626294,2.47707433,0.59208005,0.553796985,0.951439545,8.9,9.3
Rragb,15.50799989,0.671548789,1.13407794,0.592154,0.553747469,0.951439545,15.2,23
Ube2t,68.74547956,0.378202169,0.638805696,0.592045705,0.553819983,0.951439545,55.9,108.9
Traj25,6.534410788,-0.955608913,1.614874808,-0.591754177,0.554015212,0.951658444,5.5,14.7
Gm10175,2.266369042,-0.657582316,1.111567719,-0.591580976,0.554131216,0.951741217,1.4,5.6
Tjap1,115.8286642,0.30539369,0.516520468,0.591251865,0.554351677,0.952003356,84,177.7
Gtf2e1,43.29615423,-0.386608904,0.654387425,-0.590795129,0.554657699,0.952302592,45.6,84.9
Prkdc,142.3267133,0.229253593,0.388110548,0.590691477,0.554727159,0.952302592,116.2,236.8
Vps52,133.16726,-0.313395903,0.530560811,-0.590687997,0.554729492,0.952302592,100.6,265.3
1600012H06Rik,71.45312166,-0.442864722,0.75389505,-0.587435508,0.556911252,0.953017012,64.9,146.6
2310033P09Rik,88.110461,-0.24701466,0.419040874,-0.58947629,0.555541813,0.953017012,52.7,162.3
2610020C07Rik,25.978301,0.674820504,1.147067117,0.588300801,0.556330408,0.953017012,19.1,35.2
Alpk2,14.88296512,1.550834824,2.635940337,0.588342157,0.556302654,0.953017012,12.6,14.9
Chmp1b,142.1914326,0.261025032,0.443472363,0.588593683,0.556133873,0.953017012,123.3,239.4
Ddx28,58.90001663,0.27257871,0.463308419,0.58833101,0.556310135,0.953017012,41,90.8
Dennd1c,613.2576882,0.116047188,0.197495947,0.587592756,0.556805675,0.953017012,490.5,1039.1
Endov,34.53866778,0.536762673,0.91011068,0.589777359,0.555339924,0.953017012,22.2,45.5
Flad1,60.34237348,0.349104333,0.592399971,0.589305115,0.555656614,0.953017012,47.4,90
Gdpgp1,13.60840352,-0.598357678,1.018413792,-0.58753886,0.55684186,0.953017012,8.5,28.8
Gigyf2,278.3245824,0.198444392,0.337781433,0.587493487,0.556872323,0.953017012,225.9,465.4
Gm14377,4.491138589,-1.257795125,2.134332821,-0.589315365,0.55564974,0.953017012,1.3,9.7
Gm26935,15.4584109,0.795610101,1.35030554,0.589207462,0.555722112,0.953017012,8.9,23.1
Gm37702,22.4696656,0.680722276,1.15655506,0.588577491,0.556144737,0.953017012,20.1,26.9
Gm43910,6.406570097,1.438920447,2.440071744,0.589704155,0.555389009,0.953017012,4.8,5.3
Hdac7,464.0343009,-0.106678187,0.181370754,-0.588177448,0.556413193,0.953017012,337.3,845.6
Ier3ip1,205.7402993,0.155040221,0.262934822,0.589652674,0.55542353,0.953017012,164,349
Midn,304.0919963,0.145903169,0.248085327,0.58811688,0.556453844,0.953017012,264,528.7
Nrd1,490.1421933,0.087045075,0.148096628,0.587758653,0.556694301,0.953017012,365.3,842.4
Ppm1e,2.673370911,1.081295136,1.835125171,0.589221462,0.555712722,0.953017012,4.1,7.4
Psme2,465.5587097,0.08808011,0.149643191,0.588600854,0.556129061,0.953017012,355.9,816.2
Rab11fip3,18.97333221,-0.48975855,0.832376611,-0.588385766,0.55627339,0.953017012,15.5,40.2
Smg8,51.15165709,-0.441161715,0.749575108,-0.588549046,0.556163823,0.953017012,39.1,101.7
Tmub2,88.55883137,0.328972707,0.560011706,0.587438983,0.556908919,0.953017012,90.7,143.5
Vmn2r84,11.51258749,-0.744382049,1.264170686,-0.588830335,0.555975094,0.953017012,5,27.3
Wdr35,5.433085208,-1.079953555,1.837154539,-0.587840343,0.556639462,0.953017012,3.9,16.4
Rce1,96.16663373,-0.349712588,0.595619453,-0.587140978,0.557109029,0.953239223,90.5,194.6
Rad1,27.32613951,-0.530759067,0.904415348,-0.586853228,0.557302284,0.953337428,21.5,60.8
Slc6a8,10.94046113,-0.728763542,1.241607678,-0.586951543,0.557236252,0.953337428,10.6,23
Arhgef6,406.3707305,-0.151481541,0.258446307,-0.586123834,0.557792301,0.953515701,279.9,761.2
Cnbp,918.5329445,-0.088570862,0.151073523,-0.58627654,0.557689693,0.953515701,720.2,1670.6
Ctr9,177.5587049,-0.199991174,0.341228699,-0.586091305,0.557814159,0.953515701,121,335.9
Gm4876,12.47491564,1.06147351,1.80982543,0.58650602,0.557535517,0.953515701,10.8,13.5
Rfc1,301.3448459,0.156390283,0.266767555,0.586241768,0.557713057,0.953515701,264.1,517.3
Rpl19-ps4,2.522400166,-0.536978687,0.916105497,-0.586153765,0.557772188,0.953515701,1.9,5.7
4932422M17Rik,6.653121889,-0.972257927,1.673040774,-0.581132237,0.561151334,0.953908854,5,17.3
5730480H06Rik,56.54244007,-0.388697056,0.667596594,-0.582233431,0.560409458,0.953908854,41.7,109
Aif1,106.5465533,0.599934141,1.02977154,0.582589553,0.56016964,0.953908854,128.4,132.9
Alg11,43.09748858,-0.499433372,0.861174683,-0.579944327,0.561952162,0.953908854,36.6,94
Ampd3,9.689831434,1.069506414,1.843663454,0.580098505,0.561848192,0.953908854,11.6,10.4
Arhgap35,36.88957486,-0.481876237,0.824306186,-0.584584036,0.558827444,0.953908854,18.4,71.5
Atg4a,50.42639248,0.321278898,0.55216667,0.581851306,0.560666842,0.953908854,43.9,77.8
Cdh17,14.58962906,-0.918286936,1.580841616,-0.580884844,0.561318067,0.953908854,3.9,34.8
Cnr2,8.763887602,-0.859439951,1.479987356,-0.580707631,0.561437518,0.953908854,7.8,18.8
Cyb5b,312.1704079,-0.165969389,0.284969481,-0.5824111,0.560289806,0.953908854,241.9,586.7
Dcaf17,160.5196028,-0.262084124,0.448547335,-0.584295354,0.559021617,0.953908854,100.9,316.4
Dph2,28.73475348,-0.654561286,1.126062036,-0.581283504,0.561049397,0.953908854,15.9,62.6
Dph3,141.7346223,0.186959409,0.320896566,0.582615799,0.560151967,0.953908854,120,234.2
Eif2ak4,67.10757511,-0.233239697,0.39895824,-0.584621831,0.558802025,0.953908854,49.1,122.1
Eif4b,602.1035268,0.117844589,0.202211924,0.582777644,0.560042996,0.953908854,473.5,1013.3
Fgr,26.33038105,0.56495646,0.97424188,0.579893425,0.56198649,0.953908854,27.5,33.5
Galns,76.08701992,-0.334853321,0.575297326,-0.582052629,0.560531232,0.953908854,51.5,150.7
Gm26692,21.5881865,0.619418688,1.063453257,0.582459722,0.560257064,0.953908854,18.4,30.4
Gm36738,75.38863438,0.400192332,0.688852413,0.580955114,0.561270705,0.953908854,44.1,111.5
Gm37204,47.18391607,-0.447724625,0.76727703,-0.583524083,0.559540549,0.953908854,29.3,93.2
Gm37537,6.110345496,-1.130554886,1.948982468,-0.580074426,0.561864429,0.953908854,4.4,15.7
Gm42686,7.364269391,-1.183803804,2.02892506,-0.583463543,0.559581292,0.953908854,5,17.4
Gm42907,16.06060842,-0.714637473,1.231289291,-0.5803977,0.561646456,0.953908854,8.7,32.6
Gm43637,2.55903493,-1.407169413,2.420931769,-0.581251166,0.561071188,0.953908854,0.9,7
Gm47272,27.93376132,0.634989512,1.085015662,0.585235342,0.558389484,0.953908854,23,43.2
Gm49413,14.82938872,0.584201139,1.000513073,0.583901555,0.559286547,0.953908854,13.3,22.2
Gm49839,74.30013332,0.40612528,0.697995024,0.581845523,0.560670737,0.953908854,54,115.4
Gnb1,940.1427468,-0.081217954,0.138705296,-0.585543278,0.558182476,0.953908854,739.3,1702.3
Mief2,29.74957046,-0.499508104,0.859033949,-0.581476558,0.560919313,0.953908854,23,56.7
Mios,42.75356905,-0.430351184,0.738143481,-0.583018337,0.559880956,0.953908854,28.9,91.6
Mllt11,37.79790977,-0.415331548,0.716010186,-0.580063743,0.561871633,0.953908854,24.7,74.5
Morrbid,67.95745022,0.287438482,0.494781114,0.58094069,0.561280427,0.953908854,59.9,110.1
Mtr,123.0515761,0.323519593,0.557575622,0.580225499,0.561762561,0.953908854,92.1,195.1
mt-Tl1,25.54475976,0.727012516,1.248492542,0.582312262,0.560356368,0.953908854,34.8,36.7
Myo18a,131.6390995,0.257733314,0.444260202,0.580140451,0.561819907,0.953908854,97.4,210.5
Nxt1,93.05097317,-0.259447484,0.445094544,-0.58290421,0.559957787,0.953908854,70.8,191
Pfkl,216.8982321,-0.115280037,0.198413392,-0.581009356,0.561234148,0.953908854,160.6,403.1
Pkd1,24.92824467,-0.809067499,1.390595376,-0.581813742,0.560692147,0.953908854,14,49.9
Psmc1,257.0042084,0.174684191,0.300243539,0.581808327,0.560695794,0.953908854,229.5,438.6
Rasl11b,36.99084652,-0.555414418,0.954285683,-0.582021116,0.560552458,0.953908854,22,79.2
Rpl7a,91.65223415,-0.239409323,0.410604468,-0.583065558,0.559849168,0.953908854,61.3,171.7
Rps6,13.97019595,0.800253601,1.371484208,0.583494579,0.559560405,0.953908854,13.7,17.2
Rusc2,3.428126668,-1.492067829,2.551141807,-0.584862756,0.558640003,0.953908854,3.1,8.1
Stambp,72.25187336,-0.372448887,0.639269758,-0.582616154,0.560151728,0.953908854,48.9,139.9
Susd6,296.235877,0.218727012,0.374073137,0.584717239,0.558737861,0.953908854,271.8,497
Tax1bp3,3.012786318,-1.521666639,2.603934552,-0.584372076,0.55897001,0.953908854,2.2,8.3
Timm22,75.60923078,0.293257811,0.501676854,0.584555194,0.558846842,0.953908854,67.6,120.3
Tmcc1,146.1908456,-0.206516088,0.35293154,-0.585144891,0.558450296,0.953908854,106.1,267
Tmem101,26.74994406,-0.467284155,0.799926061,-0.584159184,0.559113219,0.953908854,22.5,53.6
Tmem242,74.15743331,0.218180302,0.375455233,0.581108698,0.561167197,0.953908854,43.9,119.9
Trim28,434.0341841,0.101590745,0.173523121,0.585459417,0.558238847,0.953908854,369.7,744
Trim33,161.9659649,-0.246483892,0.423353836,-0.582217216,0.560420378,0.953908854,126.4,317.7
Trmt6,220.7539259,0.24746747,0.423780626,0.583951826,0.559252724,0.953908854,181.5,356.5
Ubac1,83.04880774,0.296588171,0.506613413,0.585432922,0.558256657,0.953908854,82.7,133.1
Ubac2,256.0520139,0.164937113,0.282202041,0.584464636,0.558907751,0.953908854,196.6,422.4
Ube4b,192.9408402,-0.222119976,0.382999313,-0.579948758,0.561949174,0.953908854,158.3,383.9
Usp21,90.98030358,-0.295725977,0.509690139,-0.580207373,0.561774782,0.953908854,65.4,169.9
Wdr13,85.83980031,-0.396015243,0.680115483,-0.582276471,0.560380471,0.953908854,65.3,160.5
Gm9085,12.7754918,0.886768853,1.529757269,0.579679451,0.562130804,0.95403842,8.5,15.5
AC121967.1,5.957587742,-0.465808125,0.804209428,-0.579212465,0.562445821,0.954159412,3.7,12
Gm38104,5.807020672,-1.277796806,2.205987477,-0.579240281,0.562427055,0.954159412,3.9,15.4
Pelp1,67.19175568,-0.408127966,0.704704588,-0.579147593,0.562489589,0.954159412,58,128.8
Slc2a1,447.1506637,0.121328995,0.209523935,0.579069856,0.562542039,0.954159412,326.9,748.9
Zfp580,28.72077838,-0.450029102,0.776977996,-0.579204436,0.562451238,0.954159412,21.9,58.7
Ckap2,82.56355745,-0.253297588,0.437661845,-0.578751817,0.562756647,0.954292747,68.8,159.8
Gm10933,2.58235609,1.689319699,2.918543502,0.578822861,0.562708704,0.954292747,9.3,2.7
Arhgef7,219.2958014,-0.164891158,0.28540328,-0.577747943,0.563434306,0.954429947,154.2,404.8
Fam84b,16.10067517,0.839964862,1.453089464,0.578054471,0.563227344,0.954429947,11,23.3
Gm19739,25.32956742,0.367330081,0.636043161,0.577523828,0.563585647,0.954429947,23,41
Gm37648,8.271857774,-0.81904153,1.418082799,-0.57756961,0.563554729,0.954429947,4,19.1
Gm6029,6.12385966,-0.968868951,1.677403609,-0.577600373,0.563533955,0.954429947,5.6,12.6
Gm9844,23.31472905,0.39102863,0.676193285,0.578279375,0.563075517,0.954429947,18.5,35.5
Grn,350.6066119,0.286631417,0.49592352,0.577975041,0.56328097,0.954429947,476.8,535.2
Mllt3,501.7486302,0.116919816,0.202427798,0.577587748,0.563542481,0.954429947,359.4,858.4
Mylpf,14.95977852,-0.590550379,1.021110937,-0.578341058,0.56303388,0.954429947,5.5,29.9
Phc2,230.6253559,0.201814236,0.348925857,0.578387162,0.563002759,0.954429947,194.1,383.2
Prkca,322.7800772,-0.122113875,0.211437304,-0.57754177,0.56357353,0.954429947,255.9,584.3
Atraid,141.9664694,0.244146954,0.422931795,0.577272639,0.563755294,0.954456689,112.7,233.2
Gbf1,219.8877294,0.122108056,0.211507959,0.577321329,0.563722408,0.954456689,163.8,377.8
Gm11802,17.82450853,0.846412709,1.466415668,0.577198354,0.563805469,0.954456689,23.2,21.1
D330023K18Rik,7.871956502,-0.800379204,1.387916378,-0.576676821,0.564157794,0.954642878,9.1,17.2
Fabp4,4.405506809,1.442323804,2.502008113,0.576466477,0.564299922,0.954642878,8.3,4.1
Gm37660,36.77220707,-0.482350258,0.836346868,-0.576734698,0.564118689,0.954642878,25.3,74.6
Igsf6,19.59756902,0.707998153,1.227913019,0.576586567,0.564218775,0.954642878,20.2,25.8
Pced1b,220.9765353,0.137577234,0.238545781,0.576733044,0.564119807,0.954642878,160.7,373.5
Them4,18.99958249,0.723990833,1.255987746,0.576431447,0.564323594,0.954642878,13,28.6
Sec24d,98.25930176,-0.307753899,0.53432495,-0.575967675,0.564637031,0.955057984,71.7,191.5
Ap4m1,27.83591942,0.532808473,0.925765984,0.575532567,0.564931172,0.955152865,35.8,38.6
Dnajc11,93.52029847,-0.363675216,0.632176686,-0.575274641,0.565105569,0.955152865,79.9,184.1
Dock4,34.87457373,0.680042844,1.181958682,0.575352468,0.565052944,0.955152865,39.5,36.5
Gm20305,2.983353725,1.676282057,2.91432902,0.575186276,0.565165323,0.955152865,5.8,6.6
Mxd3,55.28644089,0.473631617,0.822873041,0.575582858,0.56489717,0.955152865,38.9,80
Nipal3,193.3864623,0.150686587,0.262024905,0.575084978,0.565233827,0.955152865,152,335.9
Preb,176.438131,0.160750635,0.279272227,0.575605517,0.564881851,0.955152865,149.6,291
Rps19-ps3,8.431188406,-0.622830551,1.083125123,-0.575031027,0.565270313,0.955152865,6.8,21.2
Sema4b,59.53180446,0.358053296,0.622724392,0.574978756,0.565305665,0.955152865,43.1,82.8
Msto1,9.709529709,-1.106371322,1.924637403,-0.574846629,0.565395028,0.955188856,5,25.7
Bhlhe41,14.32042523,-0.667397994,1.161239182,-0.574729138,0.565474498,0.955208125,15,31.6
Gclc,165.6569362,0.244702861,0.426204095,0.574144789,0.565869827,0.955284922,113.2,266.6
Gm17334,239.2286412,-0.174148131,0.303299636,-0.574178502,0.565847015,0.955284922,178.5,462.3
Lig4,19.989429,-0.685940189,1.195639066,-0.573701721,0.566169664,0.955284922,18.5,44.3
Pcyt1a,49.73400437,0.435322692,0.758782768,0.573711885,0.566162785,0.955284922,39.3,73.6
Rasa2,433.5073671,0.104574732,0.182239828,0.573830281,0.566082655,0.955284922,328.3,736.7
Rps15a,1573.467256,-0.094195153,0.164075581,-0.574096114,0.565902763,0.955284922,1293.6,2837.4
Serac1,7.620308591,1.347556013,2.34906664,0.573655932,0.566200654,0.955284922,8.6,7.4
Sh2d1b1,10.50161234,0.939141909,1.637063892,0.57367456,0.566188046,0.955284922,13,11.3
Tpt1-ps3,33.97350588,-0.373164472,0.650499677,-0.573658197,0.566199121,0.955284922,30.3,70
Uqcrh-ps2,2.408090738,0.592241653,1.031982325,0.573887399,0.566044001,0.955284922,2.2,3.4
Thsd7b,9.959738002,-1.123123355,1.958180994,-0.573554415,0.566269366,0.955286006,10.5,24.7
Gm527,8.391178124,0.922962535,1.609614904,0.573405808,0.566369959,0.955340866,10.7,11
2210016L21Rik,97.49359057,0.309316183,0.549879624,0.562516176,0.573764386,0.955356935,91.3,163.2
2700081O15Rik,17.97849609,0.988940953,1.756897461,0.562890536,0.573509425,0.955356935,21.3,21.5
5730507A11Rik,11.7215256,1.01960036,1.782015886,0.572161207,0.567212766,0.955356935,11,12.3
6530402F18Rik,25.98442689,-0.49427122,0.87393875,-0.565567347,0.57168793,0.955356935,21.4,55.4
Abcb8,32.22329781,-0.389639079,0.680802202,-0.57232347,0.567102852,0.955356935,22.2,61.3
Acp2,48.00564157,0.44972288,0.788478901,0.570367678,0.568428347,0.955356935,53.4,72.2
Adamts5,6.239046622,1.360899283,2.394542292,0.568333784,0.569808343,0.955356935,7.5,6.6
Ap3s1,27.97643898,-0.497571059,0.882501928,-0.563818665,0.572877548,0.955356935,21.3,56.9
Arid5a,781.4538825,0.1203513,0.212664134,0.565921946,0.571446842,0.955356935,590.7,1332.1
B330016D10Rik,12.04751548,0.951803235,1.664215699,0.571923,0.567374141,0.955356935,6.5,14.7
Bambi,6.301183284,-1.163686509,2.051218587,-0.567314725,0.570500375,0.955356935,1.7,16.1
C1galt1,144.283064,-0.268090158,0.475583738,-0.563707581,0.572953157,0.955356935,118.3,286.3
C2cd4b,10.0618679,-0.807332852,1.426003356,-0.566150737,0.571291315,0.955356935,3.8,19.3
Ccdc148,10.40936724,-0.944222955,1.650901742,-0.571943763,0.567360074,0.955356935,8.2,23.6
Ccser2,297.0669615,0.136202536,0.240634381,0.566014446,0.57138396,0.955356935,196.7,510.3
Cdh1,83.80715898,0.352357363,0.62382223,0.564836177,0.572185198,0.955356935,94.3,131.9
Cep68,68.43407226,0.307439744,0.53891968,0.570474145,0.568356153,0.955356935,55,109.5
Clcn4,317.3011115,0.181623256,0.322712035,0.562802858,0.573569134,0.955356935,254.1,528.5
Cpsf1,219.6220301,0.1398676,0.245974085,0.568627384,0.569609037,0.955356935,167.1,374.4
Crebl2,60.23348342,0.413155362,0.729037877,0.566713164,0.570909075,0.955356935,64.3,89.9
Crnkl1,264.6260928,0.181503719,0.322292161,0.563165167,0.57332242,0.955356935,199.7,449.5
Csnk1g1,280.134251,-0.165824018,0.291466076,-0.568930766,0.569403126,0.955356935,220.8,542.2
Dram1,19.2466879,0.787093141,1.37773934,0.571293218,0.567800898,0.955356935,28,23.3
Dtl,222.5629829,0.159398997,0.281018316,0.567219243,0.570565236,0.955356935,180,387.6
Dusp9,12.64749733,-1.000762448,1.764030685,-0.567315782,0.570499656,0.955356935,10.7,27.6
Ebf1,7.584801313,0.940779652,1.670585827,0.563143562,0.57333713,0.955356935,14.2,9.2
Ero1l,114.844871,-0.236729361,0.415998766,-0.569062651,0.569313623,0.955356935,105.2,215.2
Etfa,145.0993621,-0.127768156,0.223324117,-0.572119831,0.567240795,0.955356935,102,260.9
Fdx1,79.00620436,0.289129726,0.507993579,0.569160199,0.569247429,0.955356935,60.9,124.6
Gm10642,6.024469325,1.047527595,1.862198945,0.56252185,0.573760521,0.955356935,6.4,5.9
Gm12017,8.722987616,-0.510891415,0.899928559,-0.567702191,0.570237203,0.955356935,6.3,17.7
Gm13785,16.01231635,0.850707998,1.4994554,0.567344649,0.570480048,0.955356935,13.1,18.9
Gm19522,16.96681895,-0.805200671,1.409601105,-0.571225908,0.567846518,0.955356935,5.2,35.9
Gm22574,13.33547627,1.628856032,2.891838011,0.563259777,0.573258004,0.955356935,6.9,11.3
Gm26189,7.069596784,-1.21714432,2.146173734,-0.567122922,0.57063067,0.955356935,4.9,16.2
Gm26823,94.3954509,-0.268895062,0.47178297,-0.569954998,0.568708221,0.955356935,61.3,178.1
Gm26857,7.455671655,-0.766810795,1.343023848,-0.570958436,0.568027818,0.955356935,7.6,17.8
Gm37419,9.977520708,1.191855313,2.113177135,0.564011078,0.572746593,0.955356935,11.8,10.1
Gm38257,75.85554455,0.310392924,0.550753231,0.563578944,0.57304072,0.955356935,51.6,118.9
Gm42611,48.64507972,-0.428067824,0.75100314,-0.56999472,0.568681279,0.955356935,24.7,103
Gm43200,9.838338134,1.300600992,2.300526828,0.565349196,0.571836273,0.955356935,10.7,13.1
Gm43338,7.146321913,-1.081467066,1.921357261,-0.562866203,0.573525996,0.955356935,8,17.4
Gm43963,100.2703869,-0.248713836,0.439789852,-0.565528819,0.571714128,0.955356935,57.3,193.5
Gm44013,12.64490414,0.883251242,1.559411001,0.566400546,0.571121524,0.955356935,9.8,16.5
Gm44567,58.99635838,-0.282118188,0.492984821,-0.572265466,0.567142142,0.955356935,33.6,109.3
Gm44667,61.75682894,-0.468102203,0.832034054,-0.562599813,0.573707419,0.955356935,34.7,123.1
Gm44751,17.30227822,0.850700474,1.50047654,0.566953532,0.570745753,0.955356935,12.9,19.8
Gm45360,5.106541583,-1.139225058,2.024524451,-0.562712423,0.573630724,0.955356935,3.5,11.7
Gm5075,3.820062563,-0.723611764,1.282997699,-0.564000828,0.572753569,0.955356935,8.2,7.4
Gm7461,3.533262073,-1.33904423,2.34590551,-0.570800582,0.568134828,0.955356935,3.4,9.4
Gm8318,3.365857381,0.535289877,0.942600977,0.567885977,0.570112394,0.955356935,3,4.9
H2-DMb2,7.952921805,1.034818454,1.828338473,0.565988447,0.571401634,0.955356935,13.7,7.5
Hnrnpf,207.3892212,-0.252406617,0.441762756,-0.571362374,0.567754029,0.955356935,141.4,390.7
Hs3st3b1,51.75607964,0.531024151,0.937576814,0.566379355,0.571135926,0.955356935,49.7,77.1
Ikbkb,590.2938693,0.10000572,0.176070551,0.567986634,0.570044043,0.955356935,449.7,1004.8
Il34,8.860585619,1.104992196,1.955869854,0.564962026,0.572099593,0.955356935,13.7,12.6
Itpkb,1196.68458,-0.082071939,0.144669751,-0.567305457,0.57050667,0.955356935,905.1,2246.7
Kif3a,30.45025306,0.523342029,0.927717265,0.564118023,0.572673813,0.955356935,33,40.7
Kif4,62.1700374,-0.296778442,0.522519553,-0.567975764,0.570051425,0.955356935,48.5,122.6
Klhl5,56.95428807,-0.35968454,0.631569548,-0.569508998,0.569010766,0.955356935,51.3,109.3
Lrp2bp,20.37578761,0.809740437,1.423082144,0.569004706,0.569352946,0.955356935,16.5,23.5
Ltk,25.64331718,-0.561795621,0.989125443,-0.567972065,0.570053936,0.955356935,10.6,56.3
Man2b2,40.78081485,-0.321902587,0.568968883,-0.565764836,0.571553653,0.955356935,26,77.3
Mark4,101.6920388,0.191177227,0.339824934,0.562575633,0.573723888,0.955356935,77.2,169.7
Mcmbp,280.4833102,-0.211651809,0.374639318,-0.564948202,0.572108997,0.955356935,211.6,542.6
Mcph1,95.98788528,0.205262775,0.360987299,0.568614949,0.569617478,0.955356935,86.1,158.8
Med4,118.0461042,0.203295217,0.358595474,0.566920757,0.570768021,0.955356935,92.4,195
Mettl3,29.22741463,-0.536844768,0.951461873,-0.564231509,0.572596587,0.955356935,19.7,55.7
Mettl6,86.05695603,0.359355286,0.632954422,0.567742753,0.570209657,0.955356935,77.2,129.2
Mfsd4a,14.88812413,0.712005298,1.251753232,0.568806439,0.569487504,0.955356935,15.8,20.1
Mlst8,32.13158298,0.442351377,0.780778184,0.566551917,0.571018651,0.955356935,32.8,48.3
Mrm3,18.82554835,-0.719103148,1.256975766,-0.572089906,0.567261067,0.955356935,11.4,39.4
Mrps23,190.4313966,-0.186216281,0.331072076,-0.562464475,0.573799602,0.955356935,137.5,357.4
Mtfmt,60.74763249,-0.320887117,0.563058362,-0.569900278,0.568745336,0.955356935,42.5,119.5
Naa40,200.9616841,-0.173843239,0.305837773,-0.568416507,0.569752184,0.955356935,156.8,376.2
Ndufaf7,84.57972895,-0.325080365,0.576198633,-0.564181076,0.572630905,0.955356935,54.6,166
Ndufb9,310.052329,-0.206315429,0.364219744,-0.566458662,0.571082026,0.955356935,221.8,583
Nsf,212.3312177,-0.208040489,0.365261928,-0.569565216,0.568972626,0.955356935,172.2,409.8
Nudcd2,86.3735894,-0.186666283,0.330703276,-0.564452476,0.572446234,0.955356935,67.2,153.7
Nup107,117.7232672,0.283081084,0.500149162,0.565993319,0.571398322,0.955356935,100,190
Parp9,406.7042734,-0.147050132,0.257650408,-0.570735103,0.56817922,0.955356935,302,753
Pde4a,66.29095408,-0.27856788,0.493623431,-0.564332773,0.572527681,0.955356935,44.5,125.3
Pde6d,36.88016824,-0.605762209,1.070827594,-0.565695367,0.571600886,0.955356935,31.6,87.4
Phactr2,161.6084682,0.197443391,0.349812557,0.564426253,0.572464076,0.955356935,122.7,256.9
Polr2i,103.6129302,-0.243793355,0.426868328,-0.571120738,0.567917802,0.955356935,86.3,202.9
Prorsd1,123.2368288,-0.307042426,0.538547213,-0.570130934,0.568588896,0.955356935,93.5,235.7
Psmb1,761.6339486,-0.098675509,0.173111111,-0.570012568,0.568669174,0.955356935,649.7,1390.7
Psmb7,42.08038532,-0.321423807,0.568483933,-0.565405261,0.571798147,0.955356935,29.5,80.1
Ralgapb,256.6153785,0.150199722,0.262646442,0.571870384,0.567409789,0.955356935,195.7,419.7
Rbm22,275.013801,0.089798586,0.15943605,0.563226358,0.573280757,0.955356935,211.2,464.9
Reep5,334.3523518,-0.111412839,0.195466734,-0.569983632,0.5686888,0.955356935,271.1,626.2
Rps10-ps2,17.44896383,0.468421483,0.819658672,0.571483593,0.567671879,0.955356935,12.1,25.5
Sipa1l3,49.47240683,-0.297114738,0.528189749,-0.562515153,0.573765083,0.955356935,40.1,100.3
Smpd4,104.6998025,-0.269718853,0.47613208,-0.56647906,0.571068164,0.955356935,59.5,194.6
Taco1,7.317097496,1.124002799,1.976520526,0.568677524,0.569575003,0.955356935,5.6,9.2
Tmem206,18.08418889,0.730024356,1.2870821,0.567193309,0.570582853,0.955356935,21.2,25.7
Tnfrsf8,7.810960895,1.055693375,1.868020909,0.565140021,0.571978529,0.955356935,5.5,8.3
Tomm20,72.64843339,-0.375720043,0.666372156,-0.563829145,0.572870415,0.955356935,65.8,138.5
Trbj1-2,3.826300578,-1.596254332,2.798545147,-0.570387201,0.568415109,0.955356935,3.3,9.6
Trp53i13,83.40042097,0.272044973,0.477245742,0.570031221,0.568656523,0.955356935,65.8,142.4
Ttc8,4.124001513,1.480715578,2.593629145,0.570904896,0.568064112,0.955356935,10.9,8.2
Wdr5,127.6442081,0.249749195,0.438962441,0.56895345,0.569387731,0.955356935,119.1,205.4
Zfp180,62.2993509,-0.377774175,0.659475654,-0.572840215,0.566752887,0.955356935,50.3,124.1
Zfp609,32.32155338,0.337456206,0.592478306,0.569567194,0.568971284,0.955356935,27.9,52.6
Zfp617,21.43864311,0.722280163,1.268115612,0.569569648,0.568969619,0.955356935,18.1,29.8
Zfp773,7.928272977,0.659273896,1.169099342,0.563916061,0.572811259,0.955356935,3.7,11.8
Zfp775,11.01349951,-0.574492661,1.007894449,-0.569992882,0.568682526,0.955356935,8.9,21.8
Zfp790,9.717469906,-0.833904126,1.464576864,-0.569382288,0.569096734,0.955356935,8,22.5
Zswim8,245.1889585,-0.157201497,0.276125753,-0.56931125,0.569144934,0.955356935,167.8,460.5
Acap3,67.67544856,0.289217211,0.514314298,0.562335545,0.573887425,0.955372923,45.7,109.6
Gm43982,12.6095249,1.193607292,2.122910129,0.562250505,0.573945355,0.955372923,11,12.6
Cebpd,15.39532029,-0.772523819,1.37480457,-0.561915371,0.574173681,0.955449114,17.5,33.4
Coq6,29.38933394,-0.424231419,0.75527901,-0.561688348,0.574328375,0.955449114,18.9,60.5
Fam214a,79.1775568,-0.299595921,0.533780908,-0.561271332,0.574612582,0.955449114,51.7,156.4
Gm24959,5.695088803,0.708328059,1.263056506,0.560804727,0.574930664,0.955449114,7.5,7.1
Gm3617,4.397815861,0.700238767,1.248622968,0.560808815,0.574927877,0.955449114,3.7,6.1
Iqce,73.68631359,-0.312200074,0.556819094,-0.56068493,0.575012343,0.955449114,44.3,151.4
Itgb3bp,26.79886199,-0.541695176,0.965703747,-0.560933079,0.574843159,0.955449114,19.8,54.7
Ndufb3,265.5812492,0.134562483,0.239608394,0.56159336,0.574393106,0.955449114,220.1,442.1
Nrde2,92.82849971,-0.312187837,0.55591055,-0.561579263,0.574402713,0.955449114,75.8,181.9
Polrmt,55.36092674,0.282609224,0.503977386,0.560757748,0.574962694,0.955449114,41.7,88.6
Rbm12b2,37.92707069,-0.419363729,0.747947552,-0.560686011,0.575011606,0.955449114,31.1,79.6
Rps4l,1.993541403,1.569259441,2.796242499,0.561202915,0.574659216,0.955449114,2,1.9
Rtn3,405.5054604,0.084795704,0.151116858,0.561126697,0.57471117,0.955449114,349.3,694.9
Trappc4,236.8210031,-0.187056845,0.333134708,-0.561505122,0.574453239,0.955449114,171.8,436.7
Zc2hc1a,12.0032721,-0.844137469,1.504285355,-0.561155147,0.574691777,0.955449114,5.2,25.5
5-Mar,256.303058,-0.181625044,0.324146557,-0.560317671,0.575262776,0.955612523,201.2,482.9
Araf,313.7873097,-0.121680587,0.217962977,-0.55826264,0.576665052,0.955612523,224.8,573.2
B930059L03Rik,2.842368166,1.632217307,2.915527283,0.55983606,0.575591265,0.955612523,6.1,6.2
Btbd11,97.09920109,0.286348805,0.512416702,0.558820203,0.576284433,0.955612523,81.6,150.7
Glud1,643.4716801,0.101043801,0.180579744,0.559552246,0.575784885,0.955612523,501.1,1071.8
Gm15427,46.99769959,0.270085414,0.483255108,0.558887861,0.576238255,0.955612523,34.7,77.2
Gm37642,74.2090844,0.322782457,0.576835155,0.55957487,0.57576945,0.955612523,63.1,112.8
Gm43628,14.42435033,-0.708691464,1.266273442,-0.559667005,0.575706592,0.955612523,15.3,29
Gm43920,23.06113336,0.700970983,1.255668157,0.558245408,0.576676818,0.955612523,20.2,36.4
Nme7,26.6933006,0.539020531,0.965329549,0.558379811,0.576585056,0.955612523,21,39.9
Nudt19,104.4083949,-0.262412107,0.468978206,-0.559540089,0.575793179,0.955612523,73.4,200.1
Nxn,37.74343653,-0.364391928,0.652245112,-0.558673299,0.576384706,0.955612523,26.5,75.3
Oas2,60.32353943,0.37610057,0.672329778,0.559398947,0.57588948,0.955612523,59.2,84.8
Phf2os1,5.362287785,-1.053283147,1.885701451,-0.558563046,0.576459966,0.955612523,2.1,15.2
Plat,12.38333222,0.863238912,1.543997982,0.55909329,0.576098054,0.955612523,22.9,15.8
Ptcd3,49.23468465,0.367721021,0.656619059,0.560021851,0.575464534,0.955612523,49.1,78
Reep3,351.8504344,0.135576215,0.242420163,0.559261299,0.575983404,0.955612523,283.8,578.1
Sdf4,1087.643338,-0.09817014,0.175204016,-0.560319007,0.575261865,0.955612523,733.5,1967.9
Slc4a8,78.7466991,-0.278900868,0.499231936,-0.558659909,0.576393845,0.955612523,50.9,160.2
Smg5,177.3454147,-0.256187571,0.457437423,-0.560049437,0.575445717,0.955612523,127,348.9
Tubgcp2,135.4117562,-0.221950046,0.397380821,-0.558532355,0.576480917,0.955612523,87.5,253.2
Upf3a,126.7280324,-0.302347452,0.541125412,-0.558738226,0.576340387,0.955612523,80,246.5
Usp28,25.92860583,0.601037951,1.073320953,0.559979706,0.57549328,0.955612523,27.6,35.1
C1d,134.2203574,-0.334693831,0.60053041,-0.557330363,0.577301734,0.956038416,118.1,271.1
Camta2,187.5582955,-0.153169963,0.275139727,-0.556698825,0.57773322,0.956038416,125.6,343.1
Card10,5.118448046,-1.073675834,1.926992702,-0.557176907,0.577406566,0.956038416,3.4,10.9
Ccdc59,269.1516913,0.20540705,0.369347789,0.556134504,0.578118909,0.956038416,218.6,443.5
Ccnyl1,24.29049734,-0.695987322,1.250840161,-0.556415875,0.577926589,0.956038416,13.3,54
Cdc25a,96.76903422,-0.237531725,0.426522344,-0.556903356,0.577593462,0.956038416,76.3,191.6
Cntrob,47.37021251,-0.481364932,0.863732255,-0.557308042,0.577316982,0.956038416,41.6,93.3
Dtwd1,19.07672507,0.824804271,1.483242291,0.556081954,0.578154831,0.956038416,18.1,25.1
Evi2,23.05195679,-0.533318145,0.958706287,-0.5562894,0.578013032,0.956038416,17.4,52.9
Fbxw5,64.06795319,0.248570701,0.446720654,0.556434315,0.577913986,0.956038416,58,104.8
Gm47826,31.86838614,0.503222442,0.904311117,0.556470481,0.577889269,0.956038416,26.2,46
Inip,111.727811,-0.198540868,0.356595963,-0.55676701,0.577686626,0.956038416,84.4,208.7
Nelfcd,83.93260522,0.258032502,0.463047412,0.557248557,0.577357618,0.956038416,63.8,144.2
Nemp1,40.48709702,-0.544863535,0.979839395,-0.55607433,0.578160043,0.956038416,28.2,80.2
Ranbp1,370.0074008,0.122289571,0.219532151,0.557046293,0.5774958,0.956038416,335,640.3
Scn1b,7.815426193,-0.725017981,1.300782663,-0.557370575,0.577274265,0.956038416,6.3,17.9
Trit1,47.94896117,0.333914624,0.599000132,0.55745334,0.577217731,0.956038416,48.4,77.7
Zfp944,27.94835848,-0.521579119,0.937026603,-0.556632136,0.577778793,0.956038416,18,59.2
Cdk5rap1,65.1217819,-0.406353622,0.731488453,-0.555516114,0.578541692,0.956164205,51.2,136.1
Efcab12,3.810751469,1.615761072,2.907778715,0.555668512,0.578437486,0.956164205,5.3,7.3
Gm13192,4.099047938,0.616171023,1.108765633,0.555727022,0.578397481,0.956164205,6.1,5.9
Ndufb6,178.667186,-0.174647289,0.314375528,-0.555537162,0.578527298,0.956164205,141.2,336.2
Pgrmc1,124.0946255,-0.245464335,0.441907985,-0.555464811,0.578576773,0.956164205,92.4,243.7
Abcf1,489.2952993,0.121321395,0.218454622,0.555361997,0.578647081,0.956167801,412.8,846.2
Fis1,465.3964757,-0.142081475,0.255929422,-0.555158815,0.578786037,0.956172247,308.6,861
Styx,43.07704891,0.453839602,0.81743506,0.55519958,0.578758156,0.956172247,37.4,64.5
Prkaa1,87.12433226,0.291191194,0.524624707,0.555046665,0.578862742,0.956186408,83.2,134.5
4930430F08Rik,21.96142563,0.583410094,1.054165714,0.553433,0.579966947,0.95634832,25.3,28.4
Akap5,91.29299561,0.27115781,0.489633758,0.553797212,0.579717636,0.95634832,58,148.5
Arhgef28,4.437865965,-1.157891703,2.092284571,-0.553410238,0.57998253,0.95634832,4.7,11.1
B230206I08Rik,34.51798116,0.440926862,0.79753226,0.552863984,0.580356551,0.95634832,27.8,50
Cdkl4,2.08399589,1.620387135,2.926646812,0.553666786,0.57980691,0.95634832,4,7.5
Chmp5,296.3093618,0.181601434,0.328464066,0.552880672,0.580345123,0.95634832,245.7,487.3
Flywch2,10.50671869,-0.968304197,1.750333835,-0.553211152,0.580118832,0.95634832,3.6,25.2
Gm4540,29.3732959,-0.545899758,0.987041596,-0.553066619,0.580217794,0.95634832,28.5,60.1
Mcoln1,75.21582807,0.287148778,0.517595035,0.554774985,0.579048579,0.95634832,54.8,119.3
Mtmr7,33.85637284,-0.495671834,0.894873356,-0.553901656,0.579646152,0.95634832,18,70.9
Nkap,169.7111943,0.141441896,0.255438097,0.553722791,0.579768575,0.95634832,135.9,297.5
Pafah1b2,268.4984128,0.223724388,0.403892261,0.553920959,0.579632941,0.95634832,234.8,447.5
Pomp,627.3572435,0.093949052,0.169607021,0.55392195,0.579632263,0.95634832,510.4,1070.6
Rab2b,2.792780648,1.615521478,2.915699611,0.554076789,0.579526294,0.95634832,7.7,9.8
Sema3a,12.02297739,0.927571499,1.677108516,0.553077806,0.580210133,0.95634832,21.7,14.4
Slu7,300.209985,-0.125422985,0.226542819,-0.553639197,0.579825795,0.95634832,237.2,547.2
Snrnp25,103.3667232,-0.257144961,0.465148159,-0.552823776,0.580384086,0.95634832,92.2,203.3
Tbca,374.5857222,0.112998476,0.204406515,0.552812499,0.580391809,0.95634832,317.5,632.5
Tpsab1,14.10205317,-0.835774752,1.509719187,-0.553596165,0.579855251,0.95634832,9.5,31.6
Uba52,62.53592452,-0.382425167,0.690333504,-0.553971616,0.579598271,0.95634832,55.2,121
Zfp281,175.2219951,0.24943688,0.450177588,0.554085513,0.579520324,0.95634832,169.4,283.9
Dhx29,95.94913742,0.218066734,0.394623647,0.552594188,0.580541323,0.956482381,72.3,158.5
Slc4a1ap,132.3632014,-0.295657662,0.535339696,-0.552280476,0.580756205,0.956724097,92.7,267.1
Dusp3,14.79261219,0.752550021,1.363192617,0.55204966,0.58091433,0.95675997,15.1,21.6
Tceal9,235.5309659,-0.187963097,0.340440905,-0.552116665,0.580868425,0.95675997,183.1,466.1
Gm4929,3.345580576,-0.439021566,0.795787065,-0.551682209,0.581166101,0.957006253,2.2,7.8
Relb,164.8336806,-0.161118695,0.292128908,-0.551532869,0.581268441,0.957006253,129.9,315.5
Usp48,656.0972413,-0.108628949,0.196942383,-0.551577306,0.581237988,0.957006253,534.6,1222.3
Gys1,30.73664788,-0.387696571,0.703177559,-0.551349465,0.581394136,0.957100915,21.5,58.3
A930024E05Rik,156.9926647,0.264395514,0.480811103,0.549894776,0.582391548,0.957313991,108.5,255
Arrdc4,38.28348371,0.494626176,0.898637535,0.55041789,0.582032781,0.957313991,32.9,56.6
Cep192,244.2518633,-0.18880273,0.343519236,-0.549613267,0.582584657,0.957313991,176.3,451.5
Cnpy3,84.18835442,0.231340672,0.420098031,0.550682591,0.581851281,0.957313991,80,135.7
Coil,30.31099072,-0.574847979,1.04519728,-0.54998993,0.582326281,0.957313991,27.5,67.3
Foxm1,37.74356184,0.449570624,0.817485605,0.549943169,0.582358354,0.957313991,28.3,60.2
Gm17529,19.26024381,0.954643992,1.733428474,0.55072592,0.581821573,0.957313991,14.7,21.3
Gm24507,3.895064544,-1.045546246,1.898443663,-0.550738622,0.581812865,0.957313991,2.5,8.9
Gm30790,8.808282711,0.946723157,1.719338085,0.550632343,0.581885733,0.957313991,7.2,11.1
Gm49502,11.35448086,0.630744194,1.147878443,0.549486924,0.582671336,0.957313991,10.8,17.3
Gm8420,2.105349339,-0.756025864,1.376054058,-0.549415816,0.582720122,0.957313991,1.4,4.7
Lsm4,411.5289462,0.108372079,0.197144193,0.549709718,0.58251849,0.957313991,337.9,702.2
Ptafr,17.72841638,-0.900549923,1.637008149,-0.550119389,0.582237489,0.957313991,15.4,37.1
Rbm12,140.5278489,0.186402774,0.338744534,0.55027537,0.582130515,0.957313991,118.9,222.6
Rpl31-ps14,12.98120505,0.627920202,1.140230294,0.550695947,0.581842123,0.957313991,14.5,15.8
Sec31a,279.5441899,-0.138881104,0.252785409,-0.549403166,0.582728802,0.957313991,229.1,533.8
Zfp606,23.63473785,0.629348347,1.145581516,0.549370201,0.58275142,0.957313991,17.6,36.5
Znrf1,346.5575512,0.126723606,0.230584133,0.549576434,0.582609926,0.957313991,257.7,583.5
Srrd,8.990516881,0.717821597,1.30697803,0.54922239,0.582852841,0.957368535,11.3,14.1
Fbxo5,92.3640238,0.271655199,0.494797664,0.549022799,0.582989804,0.95748144,70.3,149.3
1190007I07Rik,43.31010042,0.345275029,0.630490167,0.547629522,0.583946314,0.957531405,34.8,66.2
1500015A07Rik,29.89035528,0.589689044,1.076553688,0.547756281,0.583859262,0.957531405,28.6,44.3
Aste1,35.64695618,-0.543046215,0.991469256,-0.547718662,0.583885096,0.957531405,21.9,73.9
BC043934,15.92047959,0.788258576,1.439523034,0.547583163,0.583978153,0.957531405,11.1,22.1
Cetn3,138.2043734,0.293763558,0.536368331,0.547689975,0.583904797,0.957531405,154,212.2
Clcn2,10.51839602,0.995115951,1.818052128,0.547352816,0.584136365,0.957531405,11.9,16
Gm16973,27.69435656,-0.578470949,1.055394831,-0.548108567,0.583617358,0.957531405,13.2,60.9
Gm43566,4.730258932,0.979203331,1.788965814,0.547357206,0.584133349,0.957531405,5.5,14.8
Hacd4,7.720988097,-1.017178169,1.855335545,-0.548244856,0.583523786,0.957531405,8.1,16.4
Kctd17,86.05512599,-0.342598895,0.625822376,-0.547437912,0.584077915,0.957531405,70.5,170.7
Msrb3,6.308653504,0.942273636,1.718762129,0.548228065,0.583535314,0.957531405,10.6,6.9
Mt2,36.80438259,-0.407455379,0.743003812,-0.548389352,0.583424586,0.957531405,43.8,74.8
Myo10,240.9670205,0.282168612,0.515668643,0.547189782,0.584248356,0.957531405,289.5,377.3
Nod2,8.810740424,1.096395253,2.003551185,0.547225976,0.584223492,0.957531405,5.6,8.7
Rnf146,22.73778592,-0.49790826,0.907742724,-0.548512532,0.583340027,0.957531405,12.8,47.8
Timm44,176.3138841,0.200574595,0.36649111,0.547283657,0.58418387,0.957531405,149,301.8
Tom1l2,41.37130067,-0.318844766,0.582217439,-0.54763864,0.583940052,0.957531405,33.6,77.9
Usp30,48.83856874,-0.380840589,0.694953577,-0.548008675,0.583685946,0.957531405,29.2,97.1
2610044O15Rik8,34.44122057,0.459280775,0.840376611,0.546517798,0.584710057,0.957633295,31.7,49.4
Atp10a,313.7207361,0.138345928,0.25314742,0.546503409,0.584719945,0.957633295,236,526.5
Clnk,10.82296452,0.910733699,1.666369358,0.546537714,0.584696371,0.957633295,12.7,15.5
Gm43860,7.106532501,1.07177851,1.959762173,0.54689213,0.584452843,0.957633295,6.7,10
Spry2,96.30573055,-0.297963013,0.545158026,-0.546562646,0.584679238,0.957633295,56.7,190.3
Tmem184c,87.5390697,0.348143272,0.636862557,0.546653698,0.58461667,0.957633295,65.2,134.3
Inpp5k,195.1310806,-0.14532789,0.266006576,-0.546331947,0.58483778,0.957714517,127.4,355.9
Ccar2,166.1050457,0.217221883,0.398253552,0.545436146,0.585453586,0.957770351,144.8,276.3
Eif2ak2,242.4004046,-0.225693207,0.413482902,-0.545834437,0.585179749,0.957770351,147.8,448.3
Epb41l4a,14.45979295,0.820980437,1.505312048,0.54538887,0.585486094,0.957770351,19,17.6
Gm24145,9.540987141,1.142020355,2.092106228,0.545871113,0.585154536,0.957770351,17.5,9.8
Mpp7,87.20251628,0.315666878,0.578776319,0.545403929,0.585475739,0.957770351,59.5,138.6
Rassf3,93.14854368,0.21877367,0.400993316,0.545579342,0.585355127,0.957770351,80.5,146.5
Spef1,2.201304744,-1.355172938,2.483982871,-0.545564526,0.585365314,0.957770351,1.3,6.3
Thap2,86.01305845,0.412079301,0.755357003,0.545542437,0.585380502,0.957770351,66.9,131.2
Zpbp,5.591474036,-0.998800551,1.83003831,-0.545781225,0.585216331,0.957770351,4.2,13
2500004C02Rik,9.322263634,1.160410659,2.130583811,0.544644455,0.585998074,0.958015929,8.5,10.2
Capn2,405.7133969,0.138665582,0.254557337,0.544732216,0.585937704,0.958015929,341,694.2
Drg2,53.40490039,0.302408624,0.555448662,0.544440278,0.586138535,0.958015929,49.2,83
Mtmr1,180.5107545,-0.15874762,0.291666745,-0.544277408,0.586250591,0.958015929,127.9,341.5
Ntpcr,53.71479118,0.347662791,0.638744364,0.544290973,0.586241258,0.958015929,45.4,78
Nuak2,22.93346748,0.530536859,0.974306303,0.544527791,0.58607833,0.958015929,29.4,34.8
Pgm3,19.16982879,0.615488132,1.130190401,0.544588001,0.586036909,0.958015929,18.7,28.2
Scyl1,101.1472929,0.24725603,0.453658158,0.545027187,0.585734819,0.958015929,88.9,164
Uso1,239.5789632,0.155140864,0.284997945,0.544357833,0.586195256,0.958015929,198.3,392.6
Cog1,45.50384669,-0.40651946,0.747411775,-0.543902938,0.586508267,0.958325419,37.5,96.2
Zbtb11os1,16.41314098,-0.594210502,1.093337056,-0.543483365,0.586797042,0.958685644,10.6,33.8
Csf1,450.6704069,-0.170479455,0.313744047,-0.543371122,0.586874305,0.958700267,308.5,879.3
Ccdc69,115.55845,-0.171206783,0.31547618,-0.542693218,0.587341045,0.958847533,70.6,220.3
Gsk3a,211.772578,0.169740266,0.312801799,0.54264479,0.587374394,0.958847533,164.3,361.8
Hacd2,92.85132285,-0.227445849,0.418859764,-0.543011932,0.587121587,0.958847533,67.4,178.1
Ndst1,100.6930591,-0.195219491,0.359666913,-0.542778566,0.587282273,0.958847533,81.1,187.9
Plk2,89.88110782,-0.335441841,0.617966488,-0.542815585,0.587256782,0.958847533,66.1,165.2
Sphk2,67.77033083,-0.319371519,0.588037799,-0.543113929,0.587051363,0.958847533,52.2,142
1700028N14Rik,9.222400727,-0.899844287,1.658838725,-0.542454353,0.587505545,0.958880099,7.3,19.2
Immp1l,48.53510991,-0.266667988,0.491628747,-0.542417403,0.587530994,0.958880099,32.5,96.1
Ankrd28,78.0268199,-0.241463179,0.446007747,-0.541387858,0.588240274,0.958922733,63.4,149.6
Dctn2,231.8365432,0.166528696,0.307342109,0.54183495,0.587932212,0.958922733,235,384.2
Dgkd,364.6356842,-0.126736489,0.2339301,-0.541770764,0.587976434,0.958922733,276,673.7
Gm15191,7.055785108,-0.550635334,1.016645913,-0.541619582,0.588080599,0.958922733,5.9,17.3
Gm44623,5.81978699,-1.191524394,2.202319043,-0.54103169,0.58848574,0.958922733,1.6,13.3
Gm49410,9.079199468,-1.145582919,2.116839347,-0.541176127,0.588386191,0.958922733,3,23
Gm5262,16.8167185,-0.609232727,1.125117291,-0.541483747,0.588174197,0.958922733,10.4,35.4
Msmo1,79.81979992,-0.28177705,0.52069556,-0.541155086,0.588400692,0.958922733,69.9,153.9
Ppan,106.1580121,-0.205519746,0.379894874,-0.540991101,0.588513717,0.958922733,75.2,199
Rchy1,229.5116967,0.138787706,0.256258213,0.541593201,0.588098776,0.958922733,193.6,384.1
Ssh3,17.02873469,-0.531442869,0.981944313,-0.541214875,0.588359486,0.958922733,7.2,34.2
Wdr95,124.0694096,-0.233412838,0.431132804,-0.541394289,0.588235843,0.958922733,76.5,247.3
Zfp11,12.47176021,0.719975927,1.329324577,0.541610333,0.588086972,0.958922733,9.1,19.5
Zfp512b,40.56986873,0.287827499,0.530865679,0.54218517,0.58769095,0.958922733,36.3,62.6
Epha1,14.32120771,1.059982855,1.961213035,0.540473083,0.588870819,0.959393206,8.7,16
Hirip3,53.50696542,-0.411198716,0.760960313,-0.54036815,0.588943168,0.959399701,38.4,109.6
Abca3,13.42915576,-0.722917043,1.338804399,-0.539972115,0.589216263,0.959621798,9.9,29.9
Trabd,187.2274135,-0.160865156,0.297911009,-0.539977212,0.589212748,0.959621798,130.5,338.4
Tmem185a,27.01617926,-0.53331118,0.988035078,-0.53976948,0.589356017,0.959738031,26,56.7
Kif16b,64.01162627,-0.360610258,0.668446652,-0.539475001,0.589559142,0.959846056,48.8,143.4
Pno1,72.87868956,0.263583607,0.488573539,0.539496281,0.589544462,0.959846056,76.3,127.4
Ago1,172.9919058,0.236255259,0.438856506,0.538342842,0.590340379,0.960059273,120.6,281.3
Ensa,277.6363002,0.116145836,0.215526148,0.538894409,0.589959715,0.960059273,204.4,480.4
Hist1h1a,15.33685116,0.758934406,1.409888695,0.538293844,0.5903742,0.960059273,10.5,20
Ldha,1574.127511,0.082828882,0.153647794,0.539082795,0.589829727,0.960059273,1234.7,2706.8
Lxn,72.93594349,0.324906819,0.60312379,0.538706687,0.590089259,0.960059273,91,107.3
Mmadhc,131.5356023,-0.165959993,0.30823217,-0.538425282,0.590283476,0.960059273,106.5,249.6
Sod1,1013.156212,-0.102865392,0.191039192,-0.538451775,0.59026519,0.960059273,735.8,1840.1
Tdp2,96.64287554,0.239614649,0.444920566,0.538556019,0.590193242,0.960059273,84.8,162.7
Txnip,761.2474203,0.167814217,0.311312196,0.539054426,0.589849301,0.960059273,704.3,1258.4
Zfp664,124.6431561,0.210688153,0.391390764,0.538306399,0.590365535,0.960059273,85.1,203.7
Nav2,6.14945788,1.057810037,1.965543708,0.538176807,0.59045499,0.960079404,25.9,6.2
Arfgef1,550.7585537,0.10878593,0.202273827,0.537815158,0.590704666,0.960096048,423.3,945.3
Asnsd1,137.3851596,0.182673273,0.340000194,0.537274027,0.591078344,0.960096048,96.2,234.6
Cfl2,60.16708685,-0.381272102,0.709397233,-0.537459246,0.590950429,0.960096048,54.3,119.4
Cnnm2,10.73531599,0.984183824,1.829611293,0.537919627,0.590632538,0.960096048,7,12.1
Ctdsp1,141.9830655,-0.210105575,0.391062145,-0.53726902,0.591081801,0.960096048,120.7,267.2
Dcp2,262.1369917,-0.15384479,0.286151354,-0.537634325,0.590829528,0.960096048,197.8,490.1
Gm38162,24.52325281,-0.543509689,1.011677863,-0.537235921,0.591104662,0.960096048,23,50.3
Gm45289,11.79147885,-0.808079968,1.504377315,-0.537152455,0.59116231,0.960096048,11.7,29.7
Ipcef1,446.712586,0.112650345,0.209612594,0.537421643,0.590976397,0.960096048,327,774.4
Prrg2,14.43610474,0.786093511,1.463745418,0.537042508,0.591238252,0.960096048,13,17.7
Rnf2,82.05297333,-0.240419763,0.447322296,-0.537464296,0.590946941,0.960096048,57,160.6
Tnfrsf13b,35.78405831,0.414163555,0.77143516,0.536874097,0.591354585,0.960096048,38.7,49.7
Zc3h12b,15.93453493,0.772468775,1.438738488,0.536907006,0.591331851,0.960096048,26.3,22.9
Nudt14,38.69330342,-0.363150725,0.676793023,-0.536575751,0.591560698,0.960319587,32.1,80.2
Ccdc184,13.87239853,0.658520351,1.229872707,0.535437812,0.59234715,0.960326424,15.1,17.1
Cd81,87.19369822,0.412848629,0.771026586,0.53545317,0.592336532,0.960326424,122,115.4
Dab2ip,9.028798996,-0.668809084,1.248127726,-0.535849874,0.59206231,0.960326424,6,19.5
Fggy,4.676649418,1.189364227,2.222061846,0.535252531,0.592475246,0.960326424,7.8,4.7
Gm15843,16.97304588,-0.463913077,0.86524115,-0.536166221,0.591843677,0.960326424,10.7,34.7
Gm2629,15.27963624,-0.921386426,1.719591898,-0.535816915,0.592085091,0.960326424,14.6,35.9
Gm45292,5.730995658,-0.979196493,1.829645943,-0.535183595,0.592522909,0.960326424,4.4,14
Gmfb,364.192468,-0.132686131,0.247342671,-0.536446582,0.591649945,0.960326424,286.2,670.7
Pacsin2,125.7291266,0.266583598,0.497632142,0.535704139,0.592163043,0.960326424,103.9,204.8
Platr25,36.54292225,0.414168325,0.772320128,0.536265092,0.591775353,0.960326424,32.9,54.3
Senp2,281.7273739,0.11115424,0.20764707,0.535303678,0.592439883,0.960326424,205.8,476.2
Tiparp,238.4340715,0.201833644,0.37684114,0.535593444,0.592239561,0.960326424,176.5,397.6
Tmem120b,18.73265345,-0.492674654,0.920433965,-0.535263444,0.592467701,0.960326424,13.9,38.7
Zscan20,19.32973224,0.593283901,1.106116531,0.536366544,0.591705249,0.960326424,15,26.2
Ankrd12,1323.266212,0.097012948,0.181356134,0.534930612,0.59269784,0.960388117,953.3,2247.5
Pqlc2,39.6530025,0.44061183,0.823673771,0.53493488,0.592694888,0.960388117,39.5,58.7
Adarb1,2.356355257,1.559799935,2.920816729,0.534028691,0.593321684,0.960392353,7.4,5.7
Cog8,96.09484285,0.239800924,0.448864084,0.534239501,0.593175843,0.960392353,73,158.1
Cops6,227.7943176,0.110251048,0.206340965,0.534314881,0.593123699,0.960392353,194.5,390.4
Egr1,774.6030706,-0.133362674,0.249588531,-0.534330136,0.593113146,0.960392353,571.8,1467.6
Ipo13,50.51470991,0.351981266,0.659206139,0.533947191,0.593378071,0.960392353,37.1,82.8
Ntrk3,33.38026888,0.42960621,0.804600206,0.533937485,0.593384786,0.960392353,27.6,49.7
Txndc16,113.5844872,0.320853584,0.600539469,0.534275599,0.593150872,0.960392353,89,179.8
Ube4bos2,3.822903931,-1.495849631,2.799684406,-0.534292232,0.593139366,0.960392353,2.2,10.9
Wdr19,11.38711585,0.769316417,1.440318515,0.534129368,0.593252033,0.960392353,10.4,13.5
Zdhhc23,24.77665954,-0.546868506,1.02294122,-0.534604037,0.592923692,0.960392353,16.2,52.4
Klre1,407.8361932,-0.189978916,0.355903293,-0.533793647,0.59348431,0.960442667,329.6,756.9
Ankrd13b,13.76810693,0.777125745,1.456234466,0.533654273,0.593580751,0.960447565,11.1,14.2
Bcl2a1b,333.0695373,0.133235017,0.249924189,0.53310173,0.593963161,0.960447565,264.4,542.3
Dubr,63.80982899,0.34093553,0.639537447,0.533097056,0.593966397,0.960447565,54.5,98.7
Kin,132.8647169,0.168103617,0.315171133,0.533372506,0.593775746,0.960447565,100.5,214.1
Pias4,156.3739394,-0.22900793,0.42955706,-0.533125751,0.593946534,0.960447565,126.6,313.7
Tmed2,159.5425384,-0.220626879,0.413586718,-0.533447689,0.593723713,0.960447565,145.4,313.3
Tssc4,44.02333953,-0.331324742,0.621317198,-0.533261824,0.593852351,0.960447565,43,90.7
Slc16a11,79.96971137,-0.474479864,0.890367901,-0.532903155,0.594100621,0.960553931,53.3,159.1
Gm45853,2.206339525,-1.566420176,2.94054832,-0.532696628,0.5942436,0.960563774,8,7.5
Gm49125,20.81445711,-0.544316757,1.021793802,-0.532707045,0.594236389,0.960563774,12.1,44
Cant1,169.5409088,0.18986013,0.356892433,0.531981383,0.59473889,0.960621625,156.2,267.9
Dll1,2.911780973,1.395549374,2.621502863,0.532347073,0.594485635,0.960621625,4.5,3
Grap2,1491.150364,-0.080583367,0.151458217,-0.53205015,0.594691262,0.960621625,1040.4,2725.5
Rad23a,31.26689696,-0.283484857,0.532875701,-0.531990587,0.594732515,0.960621625,22.6,62.2
Upf1,249.639696,-0.213066689,0.400536668,-0.531953017,0.594758536,0.960621625,191.3,476.7
Usp22,95.8403851,0.268562257,0.504489535,0.532344554,0.594487379,0.960621625,80,153.1
Zfp655,84.9982738,-0.314065906,0.590148712,-0.532180956,0.594600671,0.960621625,54.7,167.9
Hist1h3c,3.901351151,1.346973996,2.534158424,0.531527146,0.595053535,0.96065585,7.6,11.7
Ipmk,78.1830479,-0.38124181,0.716944462,-0.531759195,0.594892787,0.96065585,58.9,153.4
Nup210l,18.13728593,0.850900977,1.600268993,0.531723717,0.594917363,0.96065585,16.5,19.7
Stk3,47.68738045,-0.462382788,0.869858588,-0.53156087,0.595030172,0.96065585,46.1,94.9
Mis18a,81.90535709,0.259087894,0.487593008,0.531360971,0.595168662,0.960731194,69.5,130
C3ar1,76.63956915,0.465792975,0.877138637,0.531036891,0.595393215,0.960821871,96,98.7
Itih5,131.609753,-0.247343644,0.465821732,-0.530983479,0.595430228,0.960821871,83.3,243.3
Mr1,43.2526997,-0.311014792,0.585722882,-0.530993071,0.595423581,0.960821871,32.5,83
5430405H02Rik,81.09819367,-0.327618164,0.61913145,-0.529157683,0.596696069,0.960823321,50.3,157.1
9330175E14Rik,100.8411074,0.194696619,0.368171125,0.528820991,0.596929635,0.960823321,71,167.9
Atxn7l2,25.00375832,-0.493025502,0.932678413,-0.528612537,0.597074261,0.960823321,13.5,53.1
Brd8,454.5228058,0.127567188,0.240810765,0.52974039,0.59629194,0.960823321,365.7,774.1
Bst2,73.08809548,0.287992568,0.543693738,0.529696312,0.596322506,0.960823321,68.9,120.4
Cd96,385.9352962,0.112046033,0.211181651,0.530567085,0.59571881,0.960823321,275.5,669.7
Clpx,69.93330139,0.360200578,0.680174832,0.529570578,0.596409698,0.960823321,63.3,108.4
Evi2a,175.8963623,0.1864926,0.352736019,0.528703024,0.597011479,0.960823321,154.9,299.3
Gba,244.0939827,0.12109917,0.22906762,0.528661233,0.597040475,0.960823321,211.8,409
Gm13562,6.326592743,1.281556177,2.424044213,0.528685149,0.597023881,0.960823321,5.4,6.2
Gm20900,4.072676412,-0.590325586,1.11384916,-0.52998701,0.596120938,0.960823321,3.4,8.4
Herpud2,174.4700536,0.181443865,0.342068383,0.530431556,0.595812752,0.960823321,127.7,303
Hnrnpm,1124.056214,-0.057494976,0.108562207,-0.529603976,0.596386537,0.960823321,858.1,2062
Kifc1,6.319578954,-1.066798767,2.011799514,-0.530270914,0.59592411,0.960823321,4.7,16.6
Lamtor1,226.7027338,-0.136162792,0.256834994,-0.530156697,0.596003292,0.960823321,179,408.9
Med18,20.15241274,-0.585690207,1.106212366,-0.529455487,0.596489515,0.960823321,11.9,41.4
Mfsd8,88.67125196,-0.300815137,0.567373298,-0.530189098,0.595980829,0.960823321,59.3,170.1
Rabl6,165.4312271,-0.157109324,0.297034065,-0.528926956,0.596856122,0.960823321,135.7,308.2
Rps11,1783.652555,0.085449084,0.161471335,0.529190421,0.596673361,0.960823321,1485.9,3018.4
S100a2,5.297986904,1.536772562,2.901394916,0.5296668,0.59634297,0.960823321,7.6,9.1
Tsen34,35.04025741,-0.458689451,0.866055653,-0.529630457,0.596368173,0.960823321,29.1,75.1
Vcpkmt,36.15825577,-0.344022223,0.650381944,-0.528954142,0.596837262,0.960823321,17.3,72.2
Wnk4,9.115219188,-0.92792997,1.748084418,-0.53082675,0.595538841,0.960823321,7.9,22.9
Zfp523,58.05616907,-0.342562093,0.646703859,-0.529704729,0.596316668,0.960823321,43.7,115.8
6430571L13Rik,7.759676985,-0.855139224,1.618798611,-0.528255472,0.597322033,0.960873897,7.5,17.3
Bpgm,47.02582886,0.384748349,0.728585741,0.528075595,0.597446869,0.960873897,45.6,74.4
Gm17764,22.04057123,0.698819014,1.323335582,0.528073925,0.597448028,0.960873897,16.1,29.3
Gm47558,18.21420139,-0.642993041,1.217027059,-0.528330933,0.597269666,0.960873897,20.7,38.4
Tmco1,186.9192822,-0.214667297,0.406330985,-0.52830649,0.597286628,0.960873897,162.3,347.8
Afg3l2,232.1187303,-0.207412704,0.393061369,-0.527685292,0.597717783,0.961094955,158.1,437.7
Gm16106,4.390786565,0.73100544,1.385582352,0.527579929,0.597790926,0.961094955,4.5,5.7
Gm49794,3.506174337,-1.224111847,2.319816663,-0.527676116,0.597724153,0.961094955,2.4,8.7
Eif6,245.2802648,-0.159493037,0.302389834,-0.527441797,0.597886825,0.961100111,197.5,455
Glt8d1,34.41738539,-0.497335226,0.943110457,-0.527335078,0.597960919,0.961100111,35.7,70.4
Runx2os1,15.20376234,0.615191353,1.166727478,0.52727939,0.597999584,0.961100111,14,19.7
Zfp703,98.86137345,0.284951299,0.540603311,0.527098693,0.598125054,0.961191688,85.3,148.5
Eif3l,357.3761481,0.128608205,0.244135661,0.526789919,0.598339484,0.961426187,322,595.2
Chic1,39.09482615,0.376698071,0.715271723,0.526650305,0.598436452,0.961471913,24.7,59
Jag1,22.76994291,0.657922316,1.250164213,0.526268717,0.598701515,0.961787668,29.3,31.3
Nacc2,10.09162051,-1.002901044,1.906286326,-0.526101998,0.598817341,0.961863633,9.5,19.9
Exosc5,97.56367276,0.2359562,0.448771945,0.525781977,0.599039699,0.96190297,86.2,155.2
Gadd45g,46.68897715,0.335070227,0.63782241,0.525334673,0.599350558,0.96190297,43.6,71.9
Gm44167,9.651537477,-1.010139481,1.923780266,-0.525080488,0.59952724,0.96190297,3.3,23.1
L3mbtl3,186.1863007,-0.159245459,0.303135823,-0.525327088,0.59935583,0.96190297,111.7,345.1
Pnpo,37.53604074,0.32034932,0.61007488,0.525098362,0.599514815,0.96190297,36.6,60.8
Taldo1,498.9456337,-0.109667233,0.208701309,-0.525474583,0.599253318,0.96190297,415.5,908.2
Tmem217,12.51322567,0.726012779,1.381390984,0.525566467,0.599189461,0.96190297,14.9,17.4
Trbv13-2,4.914527197,-1.169277293,2.226214321,-0.525231233,0.599422455,0.96190297,3.4,12.7
Zfp113,44.59589943,-0.452776469,0.861408027,-0.525623694,0.599149691,0.96190297,24.2,98.9
Zfp12,46.66898773,0.384438404,0.731554577,0.52550885,0.599229503,0.96190297,48.3,77.8
Chrnb1,12.4878598,0.701665868,1.338484285,0.524224211,0.600122603,0.961918759,10.9,19.1
Clcn5,59.51676009,-0.261086634,0.497987429,-0.524283584,0.600081313,0.961918759,41.1,110.4
Col4a3bp,273.0196633,-0.158311408,0.301851882,-0.524467191,0.599953634,0.961918759,213.7,506.8
Ddhd2,273.5190292,0.16209459,0.30923511,0.524179125,0.600153959,0.961918759,211.3,446.6
Epn2,3.752805795,1.071523086,2.043363571,0.524391793,0.600006064,0.961918759,20.3,9.3
Gm44639,34.17451775,0.467766168,0.891525722,0.524680507,0.599805311,0.961918759,31.8,47.9
Gm45495,5.001318121,1.448768148,2.762349315,0.524469567,0.599951982,0.961918759,5.9,8.2
Nfyc,65.2053836,0.380361982,0.725497496,0.524277457,0.600085574,0.961918759,43.8,104.5
Sptlc1,142.2426622,-0.183500183,0.349602685,-0.524882075,0.599665171,0.961918759,125.5,268.5
5830448L01Rik,5.298982068,0.98362087,1.877813237,0.523811874,0.600409394,0.962007526,9.2,6.7
Arhgap5,77.68154448,0.368265557,0.703408554,0.523544325,0.600595514,0.962007526,79.9,122
Cox6a2,17.29810564,0.700810393,1.338498165,0.523579644,0.600570943,0.962007526,26.4,23.6
Fmo5,8.338490516,-0.924271083,1.764740108,-0.523743456,0.600456986,0.962007526,8.2,19.8
Hras,94.10239126,-0.315440489,0.602324307,-0.523705395,0.600483462,0.962007526,56.8,168.3
Necap1,66.2503281,0.262524748,0.501472063,0.523508221,0.600620632,0.962007526,54.9,101.1
H2-Eb1,864.2070632,0.338217727,0.646474919,0.523172234,0.600854402,0.962162332,1188,1179.5
Slc7a6,68.25620206,-0.249907437,0.477628459,-0.523225601,0.600817268,0.962162332,51.5,130.1
B3galnt2,65.4358233,0.301566533,0.577691787,0.522019768,0.601656567,0.962286113,60,102.7
Ccs,86.18699506,-0.218536458,0.418456917,-0.522243627,0.601500714,0.962286113,64.4,165.2
Cited2,209.73099,0.179441016,0.343514536,0.522368043,0.601414102,0.962286113,177.2,347.4
Eif2ak1,176.322425,-0.139378836,0.266644131,-0.522714808,0.601172732,0.962286113,135.4,323.6
Elp4,36.42476913,-0.44293705,0.848354483,-0.522113172,0.601591536,0.962286113,23.7,70.3
Gm48671,68.03295622,0.342494441,0.655696316,0.522336992,0.601435718,0.962286113,47,111.4
Madd,488.3273646,0.116308889,0.222766418,0.522111412,0.601592761,0.962286113,354.1,836.8
Parp1,182.2575063,0.159254924,0.304921822,0.522281166,0.601474581,0.962286113,161.5,304.4
Prpf40b,25.3846053,0.7037057,1.34678248,0.522508802,0.60131612,0.962286113,29.1,37
Raly,48.88587034,0.231958903,0.444384813,0.521977565,0.601685951,0.962286113,39,78.2
Zfp934,12.56346137,-0.716030474,1.369928872,-0.522677118,0.601198965,0.962286113,6.2,26.6
Capza2,784.6088044,-0.099146945,0.19027695,-0.521066503,0.602320445,0.962538086,627.4,1411.9
Cd200r1,92.95806769,-0.291529691,0.559492422,-0.521061018,0.602324266,0.962538086,67.1,182.1
Dus4l,5.436065725,0.786619932,1.507969575,0.521641779,0.601919769,0.962538086,9.1,6.8
Fnta,158.3594409,0.220901577,0.423966196,0.521035826,0.602341815,0.962538086,143.2,257.5
Gm14963,6.261999601,-1.245125091,2.388642349,-0.521268951,0.602179427,0.962538086,6.5,14.2
Gm32899,8.941625155,0.509816603,0.978297298,0.521126455,0.602278683,0.962538086,7.4,13.6
Rnaseh1,70.49031436,0.291985647,0.560449263,0.520984978,0.602377236,0.962538086,63.6,113.9
Rrm2,205.0234369,-0.186649545,0.358277579,-0.520963511,0.602392191,0.962538086,160.4,384.2
Tafa3,97.5466334,-0.265623243,0.510381595,-0.520440482,0.602756601,0.962901097,64.9,186.1
Tmem191c,51.58568285,-0.31216156,0.599692558,-0.520535991,0.60269005,0.962901097,39.6,93.9
Borcs8,89.43757376,-0.230567823,0.443167098,-0.520272882,0.602873394,0.962978058,71.5,167.7
Wiz,85.00856823,-0.259161321,0.49831782,-0.520072354,0.603013147,0.96309167,57.5,164.5
Slc35b2,112.3980109,-0.171718569,0.330482314,-0.519599874,0.603342486,0.963508016,97.7,208.2
Gm5617,27.82298229,-0.441255207,0.849601654,-0.519367171,0.60350472,0.96365744,12.2,56.6
Erich1,86.34950235,0.320727591,0.617901038,0.519059802,0.603719039,0.963769443,79.5,140.7
Iigp1,530.0718492,-0.131988561,0.254375642,-0.518872639,0.603849559,0.963769443,463.1,982.6
Mapre2,213.5198729,-0.12426367,0.239466316,-0.518919202,0.603817087,0.963769443,145.2,391.9
Mob4,202.0716366,0.182156993,0.350910449,0.519098231,0.603692242,0.963769443,176.9,342.7
Flrt2,3.096132066,1.506150621,2.903443585,0.518746301,0.603937669,0.96380046,5,2.7
Sparcl1,4.995562536,-0.903569977,1.742289788,-0.518610614,0.604032306,0.963841885,12.6,9.6
2810013P06Rik,174.0647583,0.171615547,0.331168755,0.518211773,0.604310522,0.963883396,135,282.4
Clptm1,174.508939,-0.174513217,0.336742391,-0.518239524,0.604291161,0.963883396,133.6,318.2
Gins1,25.86383764,-0.418369273,0.807843348,-0.517884159,0.604539095,0.963883396,25.3,55
Gm37510,33.56628264,-0.526986809,1.017273687,-0.518038376,0.604431494,0.963883396,23.3,68.2
Gm43167,38.88316838,0.58106184,1.120925794,0.518376723,0.604195452,0.963883396,28.4,54.5
Lmntd2,17.82500211,0.711094743,1.372418377,0.51813263,0.604365735,0.963883396,9.5,21.7
Ovgp1,7.428881791,-0.739559565,1.427984743,-0.517904389,0.60452498,0.963883396,5.7,17.6
Brd9,336.3243722,0.114411284,0.221090475,0.517486261,0.604816757,0.963909291,261.3,584.6
Pbrm1,1016.861301,0.102493188,0.198029071,0.517566376,0.604760847,0.963909291,792.8,1731.2
Tcerg1,589.0543811,0.094843084,0.183283282,0.517467184,0.604830071,0.963909291,446.2,980.7
Tmem64,86.3895389,0.270952561,0.523585338,0.517494554,0.60481097,0.963909291,69.6,146.2
Dctpp1,90.68097954,-0.309297524,0.59803047,-0.517193587,0.605021028,0.964104134,64.3,177.9
Mapk7,35.52827199,0.485704937,0.939867503,0.516780223,0.605309587,0.964454445,37.3,52.8
2-Mar,169.5864081,-0.175603897,0.343744181,-0.510856346,0.609451651,0.964543625,135.8,326.9
A130048G24Rik,196.555033,-0.161706553,0.313997714,-0.514992771,0.606558071,0.964543625,133.4,364.3
A930006K02Rik,46.61350741,0.295029952,0.572570024,0.515273135,0.606362169,0.964543625,36.5,81.4
Acadl,365.4549112,0.148273984,0.290287065,0.510783987,0.609502323,0.964543625,258.9,613
Adipor2,536.8188828,0.145132905,0.283903282,0.51120545,0.609207203,0.964543625,440.5,914.5
Adprh,277.3798711,-0.09150822,0.177839711,-0.514554478,0.606864382,0.964543625,196,511.7
Aldoc,64.28222969,0.342274235,0.668886834,0.511707238,0.60885592,0.964543625,55.8,97.1
Ankrd1,15.81325998,-0.967821131,1.9112127,-0.506391116,0.61258211,0.964543625,17,29.6
Bcar1,9.001604722,1.069567974,2.108852581,0.507180058,0.612028486,0.964543625,12,10.4
Bccip,120.7220462,0.141169608,0.276183828,0.511143645,0.609250476,0.964543625,104.5,204.7
Bcl9,13.39038603,-0.604015625,1.181680031,-0.511149896,0.6092461,0.964543625,14.8,28.2
Calm3,786.1708019,-0.097626161,0.190591539,-0.512227154,0.608492041,0.964543625,630.8,1446.6
Cbx4,441.016224,-0.135894566,0.266277514,-0.510349388,0.609806708,0.964543625,300.5,849.7
Ccne1,53.16257124,0.303322579,0.594867011,0.509899814,0.610121652,0.964543625,48.4,88.9
Clcn7,122.9673318,-0.212768459,0.420077257,-0.506498402,0.612506811,0.964543625,118.5,220.6
Cmpk1,221.6066723,0.126650673,0.249918113,0.506768685,0.612317131,0.964543625,171.2,379.9
Cox4i1,1268.121154,-0.061788296,0.120193286,-0.514074436,0.60719995,0.964543625,998.4,2264.5
Cp,18.21702797,0.694930106,1.359728506,0.511080045,0.609295009,0.964543625,32.1,25.9
Crcp,78.33985835,0.181352202,0.356698439,0.508418828,0.611159652,0.964543625,81,132.6
Crtc2,138.5875812,-0.218520632,0.430651638,-0.507418557,0.611861168,0.964543625,99.6,265.2
Ctsz,181.5225256,0.232256076,0.457758412,0.507376969,0.611890342,0.964543625,210.6,269.5
E530011L22Rik,23.90019499,-0.416911125,0.812257221,-0.513274754,0.607759142,0.964543625,15.2,52.9
Erh,8.473686353,-0.53833755,1.046441068,-0.514446123,0.60694012,0.964543625,4.8,17.3
Fam8a1,101.9203783,0.207616677,0.407784625,0.509133165,0.610658887,0.964543625,80.7,169.9
Fbxl14,273.9997845,-0.145402724,0.286659261,-0.507231908,0.611992109,0.964543625,218.1,528.7
Gas2l1,25.82860572,0.553299548,1.083813641,0.510511703,0.609693018,0.964543625,25.8,35.3
Ggt5,3.451549616,-0.721359382,1.396560228,-0.516525795,0.605487227,0.964543625,8.5,7.3
Gm12250,181.2682321,-0.235663107,0.462869943,-0.509134607,0.610657876,0.964543625,125.4,347.7
Gm16576,4.202889136,-0.923253196,1.80721613,-0.510870383,0.609441821,0.964543625,1.1,8.4
Gm19196,8.951340191,1.189672297,2.346569949,0.506983522,0.61216638,0.964543625,4.3,9.3
Gm28875,133.7148569,-0.177554862,0.348221522,-0.509890547,0.610128145,0.964543625,99.1,252.5
Gm33280,5.019326895,-1.140177645,2.243148522,-0.508293425,0.61124758,0.964543625,3.6,11.4
Gm37154,1.973328536,1.489647296,2.926993904,0.508934199,0.610798348,0.964543625,8.2,5.9
Gm37535,10.61016057,-0.889106554,1.75069577,-0.507858972,0.611552249,0.964543625,9.5,20.5
Gm38253,5.54965294,-1.040043698,2.039239797,-0.510015399,0.610040674,0.964543625,4,14
Gm43533,33.0223081,-0.499367354,0.980677404,-0.509206546,0.610607455,0.964543625,17.7,67.8
Gm43672,24.61941184,0.755824527,1.465001632,0.515920604,0.605909863,0.964543625,25,30.3
Gm44789,7.98092914,-1.000999993,1.962915782,-0.50995565,0.610082533,0.964543625,6,19.6
Gm7117,2.103141842,-0.7201095,1.397409967,-0.515317278,0.606331327,0.964543625,1.6,5.4
Gmfg,317.5130506,0.141636754,0.277878245,0.509707963,0.610256073,0.964543625,222.4,520.4
Gpr137b-ps,28.32096606,-0.539822035,1.055885966,-0.511250317,0.609175789,0.964543625,14.2,59.9
Gypc,70.52746477,0.27552343,0.534267394,0.515703248,0.606061686,0.964543625,60.2,107.4
Hps5,68.80396915,-0.326504694,0.64349507,-0.50739269,0.611879314,0.964543625,54.8,138.3
Impdh2-ps,2.541052523,0.751039059,1.471059563,0.51054293,0.609671147,0.964543625,1.2,3
Kctd15,4.112381656,1.41126047,2.783654936,0.50698111,0.612168073,0.964543625,7.6,3.2
Kif11,185.4509585,-0.215065095,0.421805317,-0.509868145,0.61014384,0.964543625,121.1,358.6
Kmo,8.414613031,0.758316758,1.496545829,0.506711351,0.612357365,0.964543625,9.3,11.1
Lbh,413.2178661,0.101482042,0.197711261,0.513284076,0.607752621,0.964543625,309.9,728.5
Lcmt2,26.25229031,-0.419068778,0.823342544,-0.508984725,0.610762931,0.964543625,16.9,53
Letm1,198.0013686,0.164407465,0.319892682,0.51394569,0.607289962,0.964543625,162.5,330.4
Marcksl1,47.33638085,0.394341305,0.777349614,0.50728951,0.611951697,0.964543625,55.2,69.9
Mbd6,167.0713422,0.224321768,0.440377167,0.509385556,0.610481998,0.964543625,151.3,277.3
Mfn2,94.46758415,-0.259221462,0.509875321,-0.508401665,0.611171685,0.964543625,77.9,185.2
Mir130b,2.730655698,1.347187549,2.63914277,0.510464066,0.609726383,0.964543625,5,2.6
Mrpl43,113.6522716,-0.180217801,0.355210885,-0.507354388,0.611906184,0.964543625,80.5,215.9
Mrpl46,66.20201455,-0.272208704,0.534339574,-0.509430177,0.610450729,0.964543625,49.8,131
Nfxl1,40.83082289,-0.467817891,0.918257639,-0.509462563,0.610428033,0.964543625,25.4,83
n-R5-8s1,15.96995157,0.561281665,1.098066696,0.511154438,0.60924292,0.964543625,9.9,25.2
Nsun3,37.76765418,0.35577659,0.692344873,0.513871922,0.60734154,0.964543625,39.6,60
Pask,19.54867266,-0.549823612,1.083539733,-0.50743281,0.611851169,0.964543625,12.3,42
Pdcd2l,46.66602224,-0.302052354,0.588868873,-0.512936526,0.607995722,0.964543625,36.2,88.6
Pdcd6,272.6546113,0.112482875,0.217993058,0.51599292,0.605859354,0.964543625,235.7,469.3
Pheta1,7.628772435,0.853699271,1.656570031,0.515341492,0.606314409,0.964543625,9.1,9.9
Pim3,173.9857498,-0.215578534,0.422888284,-0.509776558,0.61020801,0.964543625,138.3,321.4
Polg2,41.15300274,-0.390547255,0.768235469,-0.508369206,0.611194444,0.964543625,24.1,79.4
Polr2b,120.0428006,-0.278916125,0.544244817,-0.512482831,0.608313133,0.964543625,99.5,233.6
Ppp1r16a,44.23780399,-0.410892192,0.804962411,-0.510448919,0.609736993,0.964543625,37.3,87
Ppp2r1a,448.5711955,-0.135739057,0.265996109,-0.510304672,0.60983803,0.964543625,369.5,826.3
Psmc3ip,15.42373767,-0.629637982,1.243052932,-0.506525479,0.612487808,0.964543625,8.6,35.1
Pxmp4,59.56406762,-0.264167388,0.515742849,-0.512207564,0.60850575,0.964543625,37,117.5
Rac1,472.4380063,-0.117055228,0.230124863,-0.508659629,0.610990824,0.964543625,370.6,857.5
Rfx2,11.12580216,-0.632561302,1.246391903,-0.507513969,0.611794237,0.964543625,10.9,23.6
Rnf40,242.4294903,0.135223797,0.264629051,0.510993771,0.609355419,0.964543625,165,406.8
Rps15a-ps8,3.689366419,-0.383558376,0.753301313,-0.509169929,0.610633119,0.964543625,2.4,7.4
Rps19-ps4,11.6140869,-0.63189437,1.223614628,-0.516416162,0.60556378,0.964543625,5.4,22.7
Rskr,10.57712248,1.092127917,2.142092076,0.509841724,0.610162352,0.964543625,7.2,9.5
Sar1a,304.6904455,-0.107078511,0.211423921,-0.506463555,0.612531268,0.964543625,243.1,572.2
Sec61g,221.9739023,-0.145142468,0.286424501,-0.506739009,0.612337956,0.964543625,178.9,417.7
Sipa1l2,50.41167845,-0.33590141,0.658100344,-0.510410629,0.609763812,0.964543625,39.9,94.5
Slc1a5,819.803708,-0.076479544,0.148646116,-0.514507514,0.606897208,0.964543625,590.6,1502.9
Slc35f5,14.41420756,1.005088063,1.953047751,0.514625443,0.606814783,0.964543625,19.3,13.5
Slpi,6.133169834,0.955371638,1.878175227,0.50867013,0.610983463,0.964543625,6.2,8.3
Spa17,7.669357103,1.012972596,1.971897213,0.513704563,0.607458561,0.964543625,13.6,9.1
Spata1,16.11231208,-0.629442115,1.235873577,-0.509309469,0.610535322,0.964543625,9.7,31
Sumo3,196.5747671,0.150083594,0.290893637,0.515939761,0.605896483,0.964543625,160.9,332.2
Tatdn2,123.968807,-0.216568281,0.426654379,-0.507596526,0.611736327,0.964543625,89.5,241.3
Tcea1,76.31359732,-0.321114076,0.629893409,-0.509791135,0.610197797,0.964543625,65.2,151.5
Tgfbr2,693.4222205,0.081337193,0.160011526,0.508320838,0.611228359,0.964543625,560.5,1205.5
Tm4sf1,32.13964436,0.514261839,0.999191213,0.514678104,0.606777976,0.964543625,43.9,46
Tmem123,770.3041006,-0.072674484,0.142682991,-0.50934231,0.610512306,0.964543625,561.1,1418.1
Trbj2-1,2.433427971,0.832461315,1.624286944,0.512508777,0.608294979,0.964543625,2.8,2.9
Trbj2-3,2.807929153,0.921711412,1.818613496,0.506820946,0.612280458,0.964543625,3.2,4
Ttc21b,32.80063203,-0.44265521,0.870126216,-0.508725288,0.610944794,0.964543625,20.4,65.2
Txnrd2,28.40173862,-0.344317139,0.677828367,-0.507970979,0.611473696,0.964543625,18.1,56.5
Ubap2,207.8799096,0.184438187,0.363174165,0.507850516,0.61155818,0.964543625,174.6,342.4
Ubl5,1092.482356,-0.055201303,0.108009681,-0.511077362,0.609296887,0.964543625,837.5,1980
Vma21,70.19667445,-0.28382192,0.551648645,-0.514497629,0.606904118,0.964543625,56.7,140.4
Wdcp,66.5434626,0.354933254,0.687823393,0.51602382,0.605837773,0.964543625,40.5,109.4
Yaf2,110.0775852,-0.212704595,0.417155357,-0.509892997,0.610126429,0.964543625,76.2,209.5
Yars2,18.86692038,-0.587978757,1.155096339,-0.509030058,0.610731155,0.964543625,15.7,43.8
Yipf1,202.8898383,0.207225456,0.408718298,0.507012916,0.612145756,0.964543625,166.9,351.8
Yme1l1,358.6802856,0.121911218,0.238975635,0.510140786,0.609952833,0.964543625,287.6,618.5
Zfp131,237.5820986,0.179398713,0.354086452,0.506652294,0.612398809,0.964543625,169.1,387.3
Zfp367,58.28098508,-0.253479369,0.49333337,-0.513809494,0.60738519,0.964543625,53.6,119.3
Zscan12,9.896923292,-0.789113702,1.546296294,-0.510325029,0.60982377,0.964543625,8.7,19.3
Gm43813,110.6767632,-0.236633223,0.467547168,-0.506116258,0.612775038,0.964614239,73,222.1
Hmgn5,191.7208243,-0.203919413,0.402951431,-0.506064497,0.612811373,0.964614239,141.2,372
Rbm12b1,43.16528827,-0.395957632,0.782473219,-0.506033462,0.612833159,0.964614239,31,82.3
Ubb,670.6263837,-0.088762582,0.17551104,-0.505737883,0.61304067,0.964832653,509.1,1234.5
Gm37829,13.33612903,-0.795547732,1.573533462,-0.505580435,0.613151219,0.964898432,4.9,30.8
Aaas,130.9468044,-0.267977912,0.534240155,-0.50160571,0.615944902,0.96505486,102.1,253.5
Ap1s3,42.51852416,-0.384459762,0.762016286,-0.504529587,0.613889276,0.96505486,38.4,84.8
Canx,764.8354993,0.077987738,0.155529102,0.50143502,0.616064999,0.96505486,663.3,1343.8
Ccnq,58.91012505,0.262860494,0.524985323,0.500700653,0.616581813,0.96505486,46.1,98.2
Cltb,108.5850991,-0.227981704,0.453053761,-0.50321115,0.614815826,0.96505486,83.1,208.1
Doc2g,3.510814085,1.162753084,2.303111837,0.504861755,0.613655938,0.96505486,6.7,3.5
Fam122a,77.25221322,-0.263429975,0.525068046,-0.501706354,0.615874094,0.96505486,64,145.3
Foxk2,95.94406161,-0.246365482,0.491111124,-0.501649158,0.615914334,0.96505486,79,194.7
Gm11767,10.16360059,0.838536327,1.67345086,0.501082133,0.61631332,0.96505486,8.7,12.3
Gm15530,6.314234276,-1.217204831,2.426612541,-0.501606585,0.615944286,0.96505486,4.2,15.1
Gm16014,13.01086959,0.884602511,1.754245986,0.504263666,0.614076107,0.96505486,8.8,16.6
Gm16069,2.580602492,1.46348091,2.918181262,0.501504457,0.616016142,0.96505486,1.1,2
Gm18029,6.404173307,0.946692195,1.8916787,0.50045084,0.616757663,0.96505486,6,8.3
Gm36723,704.1660571,-0.130494984,0.260561832,-0.500821564,0.616496708,0.96505486,489,1318.4
Gm37125,8.011381471,0.824785075,1.645239116,0.501316233,0.616148583,0.96505486,12.8,10
Gm42670,9.202830977,-0.915335014,1.822282521,-0.502301374,0.615455543,0.96505486,3.3,19.3
Gm43330,7.83976998,-0.837300751,1.667421443,-0.502153042,0.615559871,0.96505486,17.7,15
Gm7065,2.389262863,0.818509814,1.622499031,0.504474763,0.613927793,0.96505486,7.7,6.7
Gm8797,14.21245718,-0.392814122,0.778116027,-0.504827183,0.613680222,0.96505486,8.6,32.2
Gnl3l,196.4211207,-0.170751736,0.340376957,-0.501654804,0.615910362,0.96505486,138,364.5
Gpr135,5.743621523,-1.225533676,2.440246923,-0.502217077,0.615514832,0.96505486,3.8,16.1
Hadh,95.80879907,0.239532124,0.477072235,0.502087748,0.615605798,0.96505486,90.7,151.3
Haus3,192.2392043,0.150763677,0.300463947,0.501769609,0.615829593,0.96505486,148.2,319.6
Hcfc1r1,166.7609716,0.164075507,0.325317603,0.504354838,0.614012048,0.96505486,141.3,276.4
Itgav,736.0134545,-0.144304426,0.287835,-0.501344263,0.616128859,0.96505486,532.3,1388.6
Kbtbd2,210.4193142,-0.21083454,0.42083146,-0.500995196,0.616374504,0.96505486,147.7,409.5
Lmo4,83.09446504,0.285741058,0.56957853,0.501671049,0.615898933,0.96505486,102,129.2
Lrp5,4.175203648,-0.715667163,1.429371254,-0.500686691,0.61659164,0.96505486,4.4,10
Map2k1,182.7804007,-0.169344509,0.337880764,-0.501196062,0.616233145,0.96505486,151.9,342.4
Med6,55.47010325,-0.38624899,0.764516308,-0.50522008,0.613404268,0.96505486,38.1,103.5
Nr2f2,13.85203874,0.894151184,1.781223736,0.501987014,0.615676656,0.96505486,19.6,14
Pop4,109.2023836,-0.225440059,0.44637533,-0.505045965,0.613526552,0.96505486,83.9,215.1
Rdh10,32.39779063,-0.494843585,0.987621402,-0.50104583,0.616338869,0.96505486,28.3,66.4
Rnf10,153.5790734,0.163205761,0.324072279,0.503609137,0.61453607,0.96505486,121.5,250.8
Rnf14,181.341625,-0.186572467,0.372757663,-0.500519467,0.616709352,0.96505486,118,342.6
Sh2d3c,281.3257454,-0.151203283,0.299664419,-0.504575364,0.613857117,0.96505486,180,534.9
Slamf1,182.084132,-0.18737468,0.371601564,-0.504235446,0.614095934,0.96505486,107.8,354.3
Slc13a3,4.301958942,1.136927706,2.270488584,0.500741433,0.616553109,0.96505486,5.3,4.5
Tcaim,36.3794845,0.387872391,0.768013205,0.505033492,0.613535312,0.96505486,35.2,63.5
Tcrg-C3,72.87420856,-0.397325477,0.789823201,-0.503056224,0.614924743,0.96505486,36.4,153.7
Tdg,23.92795271,0.609690368,1.217335501,0.500840046,0.6164837,0.96505486,20.5,33.3
Tm9sf2,232.6094743,0.157396618,0.3128713,0.50307145,0.614914039,0.96505486,231.5,384.7
Tmem87a,98.22972315,0.186009764,0.369893897,0.502873298,0.615053355,0.96505486,81.1,155.5
Trim62,26.758139,-0.542557178,1.081491797,-0.501674797,0.615896296,0.96505486,12.5,54
Unc13d,251.6382954,0.112699537,0.224874181,0.501167083,0.616253538,0.96505486,176.4,427.6
Utp4,141.3581358,0.229660512,0.458785453,0.500583683,0.616664148,0.96505486,107.5,230.3
Xlr4a,46.97251124,-0.446794258,0.885970521,-0.504299237,0.614051113,0.96505486,44.4,105.4
Zc3h11a,26.03672117,0.492824279,0.982913824,0.501391136,0.616095877,0.96505486,23.1,38.2
Zc3h18,242.5220834,-0.146901327,0.291729861,-0.503552589,0.614575817,0.96505486,191.1,457.6
Zer1,191.4144239,-0.127846031,0.254914923,-0.501524308,0.616002175,0.96505486,141.2,361.6
Zfp930,36.77087926,-0.303345372,0.605571338,-0.500924256,0.616424431,0.96505486,27.4,70.9
Gm15445,12.09461778,-0.566549842,1.132568537,-0.500234488,0.616909977,0.965185576,5.9,24.2
Ggct,93.16094358,-0.209111417,0.418116777,-0.500126828,0.616985777,0.965196566,86.2,176.3
Rita1,3.367300419,0.731581111,1.463129992,0.500011014,0.617067322,0.96521654,2.6,5.2
Stmn1,7.910472114,0.607956325,1.216202567,0.499880811,0.617159005,0.965252365,6.7,11.9
Ap3s2,81.41503235,-0.23200653,0.465094703,-0.49883718,0.617894092,0.965362344,59.5,151.4
Blvrb,24.86823479,-0.713724874,1.430470315,-0.498944205,0.617818691,0.965362344,22.1,48.1
Ezh1,209.9327812,-0.145173781,0.291043513,-0.498804387,0.617917196,0.965362344,155.8,386.3
Gbp11,14.18994855,-0.741421087,1.484089785,-0.499579671,0.617371075,0.965362344,9.1,32
Helb,114.1132512,-0.258083158,0.517097169,-0.499099924,0.617708991,0.965362344,71.4,228.8
Narfl,44.20603841,0.395664658,0.792279909,0.49940009,0.617497556,0.965362344,31.5,68.2
Rad54l2,257.4514792,0.158488533,0.317568887,0.499068202,0.617731338,0.965362344,201.3,433
Rpsa-ps9,2.098664302,-0.598347302,1.198467877,-0.499260191,0.617596096,0.965362344,5,4.3
Rubcn,66.14288533,0.322064571,0.64531264,0.499083004,0.617720911,0.965362344,46.4,104.1
Tmem222,123.7851729,0.14402354,0.28859852,0.499044624,0.617747948,0.965362344,101.5,216.3
Gm49167,13.82429267,0.948225737,1.901869814,0.498575523,0.618078452,0.96550679,14.2,15
Gm3362,7.218712914,-0.627842197,1.259846589,-0.498348134,0.618238687,0.965649608,5.2,17.8
Gm47748,2.632883504,1.452283172,2.916630147,0.497931894,0.618532047,0.965785352,8.9,8.2
Gm48885,28.04195845,0.57735318,1.159379335,0.497984708,0.618494821,0.965785352,21,38.9
Gm8618,3.337736875,0.535172653,1.074478475,0.498076663,0.618430008,0.965785352,4,4.9
Mms22l,60.14737026,-0.28561851,0.573786829,-0.497778087,0.618640462,0.965847174,43.9,114.2
Coq8b,32.90685075,-0.476246488,0.957153694,-0.497565324,0.61879045,0.965866441,23.5,66.2
Stxbp1,17.45445525,-0.608140126,1.222097426,-0.497620004,0.618751901,0.965866441,16,38.2
Ccsap,30.99310024,0.614288873,1.236282589,0.496883866,0.619270949,0.965919535,22.3,42.8
Copz2,5.73820245,0.913656943,1.840043137,0.496541046,0.619512736,0.965919535,7.8,7.6
Fmr1,238.7057054,-0.123143642,0.247920508,-0.496706152,0.619396284,0.965919535,169.4,426.8
Gm12341,8.981535075,0.649165752,1.307318403,0.49656285,0.619497356,0.965919535,8.2,13.2
Hist1h2ac,2.537582829,-1.09967646,2.211852621,-0.497174382,0.619066085,0.965919535,4.1,16.8
Kri1,59.92861109,-0.346577996,0.697431715,-0.496934665,0.619235126,0.965919535,39,113.8
Mob1a,685.8158706,-0.077149447,0.155373162,-0.496542944,0.619511397,0.965919535,553.7,1262.3
Stard9,36.43140828,0.407574995,0.819956531,0.497069026,0.619140376,0.965919535,29.5,51.3
Tmco6,69.947769,-0.299038145,0.601219522,-0.497385953,0.618916909,0.965919535,50.9,138.9
Tmem19,114.4635196,0.252952035,0.50903923,0.496920513,0.619245105,0.965919535,112.4,178.2
Aqr,277.8344202,0.09640106,0.194288699,0.496174303,0.61977144,0.966163331,223.4,477.4
Gm44936,9.430566097,0.55398504,1.116625722,0.496124197,0.619806788,0.966163331,8,14
Tcp11l2,79.27609038,0.269603496,0.543556299,0.495999212,0.619894967,0.966193466,75,132.1
Leng9,18.70207444,0.545521082,1.100127365,0.495870842,0.619985539,0.966227325,13.6,25.3
1110032A03Rik,35.27390048,-0.365337038,0.737370603,-0.495459186,0.620276025,0.966466248,15.5,65.5
Eya3,124.5873364,0.20032968,0.404331987,0.495458402,0.620276578,0.966466248,129.1,209.1
Bud31,87.44278872,-0.183025634,0.369681385,-0.495090209,0.620536445,0.966656506,60.1,167.4
Zfp869,163.5515173,-0.156220112,0.315479167,-0.495183607,0.620470521,0.966656506,116.1,295.7
Bcl2l12,37.53814857,-0.350207005,0.707821139,-0.494767655,0.620764139,0.966685564,25.7,71
Ccdc91,28.65683804,0.437382685,0.883843621,0.494864334,0.620695888,0.966685564,22.2,41.7
Egln2,154.6224776,-0.152464283,0.308388487,-0.49439032,0.621030549,0.966685564,91.7,284.4
Fam84a,8.348403291,-0.505523411,1.022538517,-0.494380801,0.62103727,0.966685564,5,20
Gm15675,7.189303097,0.798556814,1.615110057,0.49442873,0.621003428,0.966685564,4.2,8.2
Mfsd1,170.4633126,0.159685806,0.322926838,0.494495306,0.62095642,0.966685564,170.4,287.5
Rpl3-ps2,5.394644065,0.758442658,1.532701641,0.494840377,0.6207128,0.966685564,6.9,9.2
Bcas3os1,49.72908482,0.406631209,0.823084473,0.494033385,0.621282602,0.966745763,43.8,80.9
Gm49628,26.87391813,-0.537680872,1.088166089,-0.494116549,0.621223871,0.966745763,11.4,55.5
Tulp2,10.38716397,0.760320175,1.538746001,0.494116751,0.621223728,0.966745763,7.3,16.4
Pclaf,281.8226095,-0.182478309,0.369531358,-0.493810079,0.621440315,0.966764389,205.2,551.8
Slbp,158.5812742,0.23239941,0.470707299,0.493723829,0.621501234,0.966764389,105.3,258.9
Stk35,42.74554457,0.3783872,0.7661646,0.493871943,0.62139662,0.966764389,40.8,71
Hypk,22.88544778,0.437586212,0.886536386,0.493590809,0.621595193,0.966803384,24,37.8
Dync1li1,260.3602979,0.135883735,0.275421038,0.493367305,0.62175308,0.966845888,210.3,448.5
Eif1b,224.4896356,0.138463845,0.280656449,0.493357076,0.621760306,0.966845888,215.7,389.3
9830144P21Rik,21.26768033,-0.439759051,0.892457934,-0.492750452,0.622188924,0.9668696,19.8,43.9
Ccne2,31.9070375,-0.461085924,0.934954135,-0.493164217,0.621896559,0.9668696,29.3,73.1
Dlst,239.3801924,-0.117123619,0.237605505,-0.492933102,0.622059857,0.9668696,198.5,444.9
Gm7240,21.58626149,0.585861484,1.188222382,0.493057101,0.621972241,0.9668696,19.4,29.2
Ndufb5,410.9541908,-0.112092845,0.227404526,-0.492922664,0.622067233,0.9668696,331.7,767.5
Ro60,69.61273568,0.355668018,0.721800589,0.492751077,0.622188483,0.9668696,41.5,105.3
Acot8,26.11431144,0.430162881,0.874016432,0.492167956,0.622600615,0.967052152,19.3,39.3
BC004004,186.8276666,-0.166763563,0.338892035,-0.492084635,0.622659514,0.967052152,123.4,352.2
Cdca7,56.80140992,-0.336158646,0.683385653,-0.491901819,0.622788752,0.967052152,43,116
E2f3,103.6521929,-0.236995777,0.481427822,-0.492276861,0.622523635,0.967052152,66.1,198.3
Lins1,19.23741165,0.475884083,0.967302683,0.491970188,0.622740419,0.967052152,15.8,29.9
Mybbp1a,179.6224978,0.171351477,0.348284297,0.491987375,0.622728268,0.967052152,160.8,296.4
Zmynd15,12.06011444,-0.62976693,1.279345422,-0.492257149,0.622537568,0.967052152,40.6,42.4
Gpt2,11.89148714,0.773814505,1.575032195,0.491300754,0.623213747,0.967126182,11.6,14.1
Ipo11,34.16412367,-0.370860725,0.75485805,-0.491298629,0.623215249,0.967126182,26.9,69.9
Psd3,8.97743863,-0.708604151,1.442290594,-0.491304702,0.623210955,0.967126182,3.1,20.5
Stt3b,307.8354668,-0.111401809,0.226817296,-0.491152178,0.62331882,0.967126182,239.4,575.6
Tpp2,829.2272407,-0.085143097,0.17318524,-0.491630215,0.622980779,0.967126182,618.5,1521
Ubfd1,155.2211703,0.228070363,0.464330942,0.491180626,0.623298701,0.967126182,117.8,255.9
Washc5,82.78755497,-0.215767699,0.439235036,-0.491235173,0.623260125,0.967126182,61.5,150.6
Nudt7,25.98316001,-0.448677515,0.914178342,-0.49079867,0.623568851,0.967407169,12.9,49.9
Prnp,57.13164004,0.435316859,0.887657077,0.490411072,0.623843043,0.967618619,63.7,86.6
Uqcc3,172.4139179,-0.155020403,0.316071325,-0.490460191,0.623808293,0.967618619,126.9,328.6
AC110913.1,6.257924025,0.747281657,1.525779538,0.489770402,0.624296378,0.96765259,6,8.3
Angel2,330.2281077,-0.140936178,0.287520775,-0.490177373,0.62400839,0.96765259,236.9,615.6
B4galnt1,81.32745642,-0.238925044,0.487337553,-0.490266023,0.623945666,0.96765259,52.8,159.6
Ccdc88b,366.0710401,0.103864511,0.212048409,0.489815092,0.62426475,0.96765259,272.5,607.1
Gm39214,9.117503339,-0.827661838,1.690587299,-0.4895706,0.624437785,0.96765259,6,19.1
Mkln1,494.4033097,-0.149958998,0.306293454,-0.489592565,0.624422239,0.96765259,376.4,938.5
Rbm15,190.8292149,-0.185065708,0.378068444,-0.489503185,0.6244855,0.96765259,135.6,360
Tmx2,36.25101061,-0.326132358,0.665900365,-0.489761495,0.624302681,0.96765259,29.4,71.6
Tsc22d4,676.2425671,-0.086459337,0.176527981,-0.489776956,0.624291739,0.96765259,499.8,1234.2
A930012O16Rik,12.6745754,-0.738731345,1.513687066,-0.488034391,0.625525482,0.967752749,12.1,29
Ahcyl2,150.6317314,0.203765824,0.417067,0.48856856,0.625147176,0.967752749,139.9,246.6
Atp5g2,14.36538192,0.598789839,1.228958785,0.487233458,0.626092897,0.967752749,11.2,19.7
CR974462.3,11.36639985,-0.675891422,1.383221008,-0.488635886,0.625099502,0.967752749,5.9,26.4
Cwf19l2,286.7862165,0.122805793,0.251969418,0.487383721,0.625986427,0.967752749,236.7,492.1
Ddx27,293.5147618,0.108728029,0.222828739,0.487944372,0.625589244,0.967752749,233.3,502.5
Eef2kmt,78.56539177,0.302890497,0.619476176,0.488946159,0.624879815,0.967752749,65.8,130.5
Fam104a,134.9807575,-0.17709406,0.362704525,-0.488259858,0.625365791,0.967752749,104.4,254.7
Ice2,65.64240722,0.292975754,0.601299931,0.487237298,0.626090176,0.967752749,46.5,105.1
Ick,24.03607468,-0.577630432,1.185351158,-0.487307435,0.62604048,0.967752749,13.5,50.3
Itpk1,135.4624606,-0.195639961,0.401582609,-0.487172395,0.626136166,0.967752749,100.1,255.8
Knl1,91.09928044,-0.290682206,0.596513471,-0.487301997,0.626044333,0.967752749,80.9,174.1
Mastl,32.9271296,-0.588556213,1.203944621,-0.488856549,0.624943259,0.967752749,18.4,76.4
Msi2,605.3199675,0.139173102,0.285369628,0.487694164,0.625766486,0.967752749,415.3,1022.1
Polr2m,477.6708763,0.095815593,0.196452417,0.487729267,0.625741618,0.967752749,379.7,803.1
Rtl8a,22.33706687,-0.62267795,1.277877805,-0.487275034,0.626063438,0.967752749,12.3,51.9
Senp1,237.3002023,-0.115093318,0.235859807,-0.487973427,0.625568663,0.967752749,178.9,434
Ss18,344.1612151,0.100295313,0.205561292,0.487909528,0.625613926,0.967752749,269,590.5
St3gal3,48.79494821,-0.365027708,0.747232017,-0.488506514,0.625191113,0.967752749,44.7,100.9
Tiprl,407.0662768,-0.113243234,0.232431818,-0.487210548,0.626109131,0.967752749,300.9,744.9
Tmem154,67.11789293,0.376048364,0.768736632,0.489177111,0.624716313,0.967752749,59.3,97.4
Zfand4,17.32071015,-0.603149869,1.236750077,-0.487689372,0.625769881,0.967752749,10.3,41
Zfp931,5.334614113,-1.080675292,2.211558896,-0.48864866,0.625090457,0.967752749,4.1,10.4
Acss2,61.36280776,-0.270775684,0.556699263,-0.486394903,0.626687204,0.968234928,46.3,119.7
Aifm2,6.912648334,-0.753938871,1.553123557,-0.485433929,0.627368569,0.968234928,8.4,15.8
Hic1,24.97115144,-0.389306418,0.800364499,-0.486411401,0.626675509,0.968234928,26.8,50
Lsg1,130.6221643,0.143601754,0.295529758,0.485913009,0.627028844,0.968234928,106.7,221.1
Ncor2,208.0105709,-0.151971558,0.312786314,-0.485863836,0.627063711,0.968234928,142.8,379.7
Otub1,309.3812014,0.135694414,0.279089413,0.48620409,0.626822472,0.968234928,261.2,517.4
Paxx,89.67289874,-0.222811335,0.459008314,-0.485418953,0.627379191,0.968234928,72.4,171.4
Rpl36al,83.09377679,-0.23560618,0.485175758,-0.48560996,0.627243733,0.968234928,74.2,162.2
Rps12-ps9,17.25078392,0.30090931,0.6196214,0.485634146,0.627226582,0.968234928,12,26.1
Sik3,240.3924498,0.138144157,0.284616279,0.485369835,0.627414026,0.968234928,193.6,419
Slc48a1,165.5485094,-0.138434865,0.284882643,-0.485936466,0.627012212,0.968234928,117.6,310.5
Trp53,458.3987931,-0.116132233,0.238952406,-0.486005707,0.62696312,0.968234928,327.6,850.7
Vps16,186.9975841,0.187722161,0.386147592,0.48614096,0.626867227,0.968234928,175,298.2
Zbed3,24.72707407,0.663235442,1.366298676,0.485424932,0.62737495,0.968234928,30.8,29.5
Timm17b,169.725485,-0.204256207,0.420952515,-0.485223867,0.627517554,0.968288219,131.5,317.2
0610010F05Rik,37.43158551,0.40607916,0.850390515,0.477520801,0.632991312,0.96860246,32,52.9
1810034E14Rik,7.001791511,-0.724970848,1.512905432,-0.47919112,0.631802671,0.96860246,6,15.9
2610008E11Rik,56.57436677,-0.256788009,0.531016915,-0.483577833,0.62868551,0.96860246,32.5,110
Abcf2,50.67191054,0.294810056,0.614165401,0.480017362,0.631215048,0.96860246,46.6,75.8
Acbd4,39.69516149,-0.422190043,0.872702859,-0.483772958,0.628547009,0.96860246,36.2,82
Acot2,56.22953849,-0.266886705,0.560884349,-0.475831971,0.634194091,0.96860246,37.3,107.2
Aldh3b1,11.35777718,1.002612337,2.099278703,0.477598489,0.632936007,0.96860246,18,11.2
Alkbh1,224.1907541,-0.119161634,0.248106667,-0.480283885,0.631025546,0.96860246,184,427.2
Ank,150.6085932,0.212623863,0.447232034,0.475421809,0.634486353,0.96860246,120.7,239.3
Arl10,12.52587685,0.493488057,1.01841732,0.484563693,0.627985874,0.96860246,11.2,18.9
Atp1a3,7.977928179,-0.874216192,1.827266837,-0.478428314,0.632345385,0.96860246,7.2,17.1
Atxn10,234.5658002,-0.105444731,0.220933966,-0.477268086,0.633171233,0.96860246,179.7,437
Atxn3,93.09406563,-0.238637301,0.498022358,-0.479169855,0.631817798,0.96860246,75.4,190.4
B230216N24Rik,15.64718848,0.855615131,1.785526531,0.479194857,0.631800012,0.96860246,18.9,18
BC049715,16.74948241,0.649727336,1.357594009,0.478587362,0.632232211,0.96860246,16.5,26.9
Brox,184.1932165,-0.159735313,0.331688831,-0.481581826,0.630103039,0.96860246,166.5,341.7
Bub3,370.0615365,-0.089234901,0.185704271,-0.480521531,0.630856597,0.96860246,274.7,686.5
Calhm6,98.74349695,-0.29329536,0.612215826,-0.479071836,0.631887525,0.96860246,74.5,177.5
Camsap1,47.60169371,0.367521961,0.762117289,0.482238058,0.629636844,0.96860246,38.4,73.7
Capsl,5.142034402,1.086623001,2.250684299,0.482796722,0.629240079,0.96860246,3.8,7.2
Caskin1,3.558080834,-1.353724807,2.844887053,-0.475844834,0.634184926,0.96860246,2.3,8.9
Ccdc50,434.316122,0.091087162,0.191350704,0.476022088,0.634058642,0.96860246,364.9,746.6
Cdca7l,16.13527793,0.511795006,1.063084652,0.481424509,0.630214821,0.96860246,9.8,27.7
Cdk17,403.0808862,0.127165829,0.262838782,0.483816842,0.628515862,0.96860246,304.2,701.1
Cep95,94.04132081,0.251804244,0.521519892,0.482827688,0.629218089,0.96860246,62.8,151.8
Chil3,14.24442415,0.903657934,1.890181516,0.478079976,0.632593284,0.96860246,25.6,17.5
Cisd1,128.2382891,0.164983266,0.341732265,0.482785159,0.62924829,0.96860246,91.5,213.3
Cxxc1,200.3487441,-0.135940221,0.286193213,-0.474994566,0.634790847,0.96860246,145.9,368.1
Cyhr1,154.405308,0.113044832,0.236901935,0.477179861,0.633234051,0.96860246,118.2,271.6
Dcxr,28.30939793,0.400173854,0.84124359,0.475693198,0.634292967,0.96860246,31.1,45.6
Dda1,255.8351309,0.155529096,0.323335929,0.481013963,0.630506575,0.96860246,209,422.9
Diaph1,1552.173242,0.045851659,0.09633487,0.475961189,0.634102028,0.96860246,1178.6,2706.3
Dnajc13,270.4956657,0.118115078,0.247106692,0.477992229,0.632655736,0.96860246,245.3,463.2
Epb41l2,303.321811,0.155014837,0.326248056,0.475144095,0.634684271,0.96860246,264,492.8
Fh1,117.3883596,0.203593061,0.426733799,0.477096169,0.633293642,0.96860246,94.4,181.4
Gm16242,3.832899505,0.912435766,1.910903235,0.477489257,0.633013769,0.96860246,4.7,4.5
Gm17816,9.568583874,-0.937293722,1.947510273,-0.481277935,0.630318977,0.96860246,9.6,20.4
Gm35339,8.794934767,0.63841003,1.328882307,0.480411264,0.630934986,0.96860246,7.6,13.5
Gm42547,13.8992521,0.662217413,1.388137577,0.477054597,0.633323244,0.96860246,10.3,19
Gm42876,15.48128462,-0.610429972,1.266946008,-0.481812144,0.629939402,0.96860246,13.2,31.9
Gm43312,18.15654393,0.673003969,1.416247352,0.475202279,0.634642803,0.96860246,16.2,23.1
Gm47585,119.2209534,-0.227112261,0.476659221,-0.476466732,0.633741903,0.96860246,75.3,230.4
Gm48996,53.3046405,-0.391069322,0.813932003,-0.480469279,0.630893743,0.96860246,30.4,104
Gm48998,7.237144328,-0.787259152,1.632584954,-0.482216347,0.629652266,0.96860246,6,17.4
Gm7384,6.426686861,0.716672593,1.489587987,0.481121356,0.63043025,0.96860246,4.7,8.5
Gm9208,29.4948277,0.620894948,1.292671558,0.480319184,0.63100045,0.96860246,22.8,40.9
Golgb1,296.1923165,0.158238411,0.327720731,0.482845289,0.629205591,0.96860246,250.4,488.8
Hmg20b,217.6605203,-0.154785761,0.319560129,-0.484371319,0.628122369,0.96860246,135.9,411.2
Hsd17b10,140.7569275,-0.190497436,0.398653591,-0.477852051,0.632755511,0.96860246,118.4,277
Ikzf5,110.5227704,-0.237040074,0.498808486,-0.475212594,0.634635452,0.96860246,79.6,216.1
Insl6,23.72576217,-0.488372252,1.019369677,-0.479092387,0.631872905,0.96860246,16.7,50.5
Insr,41.32414081,-0.389486978,0.81803663,-0.476124129,0.633985948,0.96860246,34.8,82.3
Itga9,13.60120732,0.565077138,1.173284721,0.481619787,0.630076067,0.96860246,16.5,16.5
Itpr2,557.0215925,0.085998574,0.178758435,0.4810882,0.630453814,0.96860246,422.4,929.2
Jrkl,34.78761414,-0.318867196,0.660733899,-0.482595484,0.629382987,0.96860246,24.5,69.8
Kdm4d,10.2589543,0.961117417,1.995067313,0.481746862,0.629985782,0.96860246,9.4,11.1
Klrd1,1630.119057,0.071151948,0.149715016,0.475249243,0.634609332,0.96860246,1251.5,2767.3
Ly96,8.37127652,-0.656800488,1.382463307,-0.475094337,0.634719735,0.96860246,8.6,18.7
Lyl1,10.81331404,-0.698977494,1.461496796,-0.478261393,0.632464171,0.96860246,10.7,23.8
Mcm7,230.8425086,0.141336691,0.294237905,0.480348347,0.630979716,0.96860246,199,394.7
Mcm8,26.39460969,0.644386179,1.35306233,0.47624279,0.633901418,0.96860246,17.5,37.9
Mfsd4b4,23.33620526,0.630927165,1.309410147,0.481840748,0.62991908,0.96860246,25,30.9
Mmp2,15.39760897,0.701233052,1.462043205,0.479625396,0.631493784,0.96860246,87.1,19.1
Nat8f1,7.922243435,0.818212136,1.700188636,0.481247856,0.630340352,0.96860246,6.6,9.9
Nat8f4,16.6270183,0.674703504,1.401121543,0.481545307,0.630128987,0.96860246,10.6,24.2
Oplah,30.48558299,0.387725008,0.80154327,0.483723116,0.628582386,0.96860246,27.6,47.2
Paf1,217.3662519,0.171099405,0.354285909,0.482941602,0.629137201,0.96860246,174.3,369.1
Pex1,57.50969053,-0.300745418,0.630011626,-0.47736487,0.633102325,0.96860246,40.2,110
Pfas,80.40628897,0.270555719,0.559284184,0.483753567,0.628560772,0.96860246,49.3,132.7
Pik3r4,97.99791498,-0.298778329,0.619967606,-0.48192571,0.629858721,0.96860246,84.7,191.2
Plekho2,258.6225611,-0.130317294,0.269338518,-0.483842024,0.628497988,0.96860246,207.8,469
Prdm15,41.61303876,-0.426637385,0.89056887,-0.479061641,0.631894777,0.96860246,19.7,85.2
Prmt7,67.01758826,0.263486041,0.55076364,0.4784013,0.632364609,0.96860246,52,106.1
Ptrh1,3.625988176,-1.012713714,2.115238634,-0.478770432,0.632101954,0.96860246,9.2,10.2
Ranbp10,117.2329561,-0.153629529,0.320911069,-0.47872929,0.632131226,0.96860246,81.5,216.8
Rpl28-ps1,17.30386939,-0.206497612,0.427045213,-0.483549763,0.628705435,0.96860246,13.4,32.3
Rps10-ps1,32.79974773,0.302523665,0.624824005,0.484174203,0.628262243,0.96860246,29.4,54.8
Rps18-ps1,33.98371246,-0.288890666,0.607737104,-0.475354662,0.634534204,0.96860246,27.1,68.8
Rrs1,77.37835214,0.220423844,0.462912981,0.476166909,0.633955472,0.96860246,78.8,126.8
Ryr3,5.019244245,-1.173743094,2.456018442,-0.477904837,0.632717938,0.96860246,3.4,13.2
Sash3,408.9208475,0.093048981,0.195093819,0.476944793,0.633401434,0.96860246,323.4,703.5
Slc25a5,629.727486,-0.100941677,0.212579196,-0.474842687,0.634899104,0.96860246,545.3,1164.2
Slc38a10,62.17677384,-0.323730927,0.673387807,-0.480749612,0.630694466,0.96860246,49.3,123.8
Smpd1,164.8253413,-0.160280226,0.335122146,-0.478274048,0.632455165,0.96860246,129.6,314.5
Timm10b,47.60121304,-0.319116071,0.669760192,-0.476463181,0.633744432,0.96860246,39.3,93
Tmbim4,194.031922,0.17357604,0.358518426,0.484148169,0.628280718,0.96860246,159.3,327.9
Tram2,51.15128552,0.410583008,0.853241914,0.481203515,0.630371863,0.96860246,53.1,76
Trim45,7.034386031,0.963869998,2.029246105,0.474989207,0.634794666,0.96860246,4.8,8.4
Txndc11,150.0351277,-0.224119154,0.465992039,-0.480950606,0.630551605,0.96860246,118,283.9
Txnl4a,99.48877291,0.248964057,0.516913464,0.481635852,0.630064653,0.96860246,68.5,152.7
Ube2d1,196.8461183,0.130632419,0.269765916,0.484243602,0.628212996,0.96860246,169.3,343.2
Upf2,288.1304063,0.120137774,0.251334098,0.4780003,0.632649991,0.96860246,229.1,486.8
Usp2,20.78507778,-0.452660801,0.943520195,-0.479757405,0.631399904,0.96860246,14.6,41.7
Usp45,23.81017683,0.543361969,1.125398988,0.482817183,0.629225549,0.96860246,22.5,37.8
Wdr60,11.72492668,0.749053453,1.577446444,0.474851908,0.634892532,0.96860246,19,14
Wdr83,41.12851497,0.40907382,0.853059442,0.479537298,0.631556441,0.96860246,27.3,65
Xpnpep1,165.0857239,-0.207755261,0.433178959,-0.479606077,0.631507524,0.96860246,113.3,299
Yipf6,92.43481239,-0.231517513,0.478621688,-0.483717137,0.628586629,0.96860246,63.5,185.1
Ykt6,255.9949986,-0.148440948,0.310328398,-0.478335046,0.632411757,0.96860246,225.4,469.3
Ywhae,1112.006889,-0.074251992,0.156169635,-0.475457297,0.634461064,0.96860246,935,2023.5
Zbtb1,315.8587913,-0.117881421,0.247343647,-0.476589646,0.633654357,0.96860246,219.4,562.1
Zdhhc3,195.5934512,0.174799843,0.361224901,0.483908619,0.628450723,0.96860246,163.9,320
Zfp397,100.7080045,0.190091193,0.399640944,0.47565495,0.634320221,0.96860246,80.4,160.9
Zfp810,39.16556761,-0.300681841,0.632799187,-0.475161548,0.634671832,0.96860246,29.5,77.4
Smc5,357.8615629,-0.08958202,0.188743731,-0.474622491,0.635056073,0.968736622,269.1,677.8
Ctxn1,4.991513149,-0.862685523,1.820118653,-0.473972135,0.635519778,0.968743084,4.5,13.7
Elmo2,138.7474533,-0.210070551,0.443255358,-0.473926703,0.635552176,0.968743084,133.8,270.3
Gch1,252.136532,-0.116553477,0.24595845,-0.473874661,0.635589289,0.968743084,173.4,473.4
Mgst3,22.65200242,0.444386959,0.938029323,0.473745275,0.635681563,0.968743084,25.1,33.9
Nosip,256.9938042,0.17819465,0.375694522,0.47430729,0.635280794,0.968743084,195.8,431.4
Selenow,277.352839,-0.111436928,0.235136937,-0.473923533,0.635554437,0.968743084,213.9,510.8
Slc25a23,9.238303623,0.729913471,1.539830261,0.474022033,0.635484195,0.968743084,15.8,11.4
Taf8,109.6197196,0.141297103,0.297985864,0.474173844,0.635375944,0.968743084,86.5,187.8
Zdhhc7,66.92045573,0.249159381,0.525909212,0.473768809,0.635664779,0.968743084,53.1,107.6
Cmpk2,133.2648252,0.189764686,0.400814786,0.473447318,0.635894078,0.968777716,110.4,216.6
Cxcl11,3.898972045,-1.208849733,2.552964952,-0.473508158,0.635850682,0.968777716,3.7,8.6
Recql4,3.614007266,-1.206280271,2.547996436,-0.47342306,0.635911381,0.968777716,2.5,7.7
Gm26765,16.54434762,1.27733702,2.699043516,0.473255437,0.636030951,0.968797204,9.3,17.2
Gm4795,1.962809526,-0.460413158,0.972990056,-0.473194104,0.636074704,0.968797204,1.3,4.1
Mogs,166.9699614,-0.141436733,0.298967672,-0.473083701,0.636153464,0.968797204,139.8,308.3
Scrn1,2.037710685,-1.332450721,2.816913054,-0.473018051,0.636200301,0.968797204,10.2,4.8
2010008C14Rik,32.37932086,-0.313861595,0.665359596,-0.471717244,0.637128627,0.968961097,21.7,63.8
Acadsb,85.85841215,-0.206513872,0.437848657,-0.471655832,0.637172468,0.968961097,54.6,162.2
Asb3,73.88256155,0.311113514,0.661614593,0.470233754,0.638188021,0.968961097,51.8,111.7
Atp5j,684.8748886,0.066581361,0.14147176,0.470633581,0.637902422,0.968961097,541.1,1193.1
Bcl2l2,18.59978245,-0.621982825,1.329593676,-0.467799175,0.639928211,0.968961097,20.7,40.5
Bcor,177.0245082,-0.144913443,0.308194806,-0.470200797,0.638211565,0.968961097,124.2,334.4
Cav1,10.83581114,0.820266662,1.748642672,0.469087638,0.639006995,0.968961097,19.2,13.6
Cbx7,230.0000319,0.140897367,0.298601689,0.471857235,0.637028695,0.968961097,152,376.7
Ccdc117,122.9674248,0.241457565,0.514149402,0.469625296,0.638622749,0.968961097,86.7,196.9
Ccnj,9.725685635,-0.636278872,1.359356216,-0.468073684,0.639731897,0.968961097,5.4,21.8
Cdkl2,16.02856357,-0.612820205,1.298374109,-0.471990469,0.636933592,0.968961097,16.8,36.1
Clec10a,31.61692576,-0.57432622,1.223988359,-0.469225231,0.638908653,0.968961097,21,62.9
Clk2,169.590856,-0.195134201,0.417215848,-0.467705629,0.639995115,0.968961097,139.7,319.8
Cnnm4,35.16401544,-0.409156871,0.869031154,-0.470819566,0.637769591,0.968961097,28.1,67.5
Cnp,457.8709643,0.101206993,0.21546301,0.469718644,0.638556046,0.968961097,378.1,790.5
D5Ertd579e,157.6007917,0.193361806,0.412186716,0.469112173,0.638989459,0.968961097,121,259.7
Dmap1,52.36391807,0.300199461,0.636655359,0.471525853,0.637265262,0.968961097,45.3,88.4
Elp6,30.06265219,0.418146386,0.890030208,0.469811454,0.63848973,0.968961097,27.1,44.3
Fgfrl1,1.995977625,1.188148726,2.525784506,0.470407797,0.638063694,0.968961097,10.8,2.1
Gm15886,3.58951069,-1.207077377,2.57422885,-0.46890834,0.639135154,0.968961097,2.2,9.7
Gm17259,3.892004098,-1.098639378,2.329208974,-0.47167918,0.6371558,0.968961097,0.9,9
Gm37490,33.74263057,-0.394168847,0.834734443,-0.472208677,0.636777847,0.968961097,18.4,64.8
Gm37747,25.85825249,-0.52831203,1.130446566,-0.467348078,0.640250864,0.968961097,24.9,57.1
Gm8539,6.968890026,-0.615201013,1.313271029,-0.468449391,0.639463255,0.968961097,5.3,17
Il3ra,16.81728068,-0.339950893,0.722859759,-0.470286094,0.638150631,0.968961097,11.7,34.1
Isoc2a,11.14472088,-0.341890174,0.726899434,-0.470340405,0.638111835,0.968961097,6.7,23
Letmd1,106.3031228,-0.191777152,0.407342051,-0.470801262,0.637782663,0.968961097,87.9,198.8
Lrrc59,114.6706281,0.255599731,0.54095427,0.472497852,0.636571475,0.968961097,95.1,190.6
Lrrc8b,85.31606252,0.228098794,0.487917571,0.467494526,0.640146108,0.968961097,84.1,139.4
Lsm11,42.51918904,-0.488056657,1.041495292,-0.468611487,0.639347365,0.968961097,44.2,86.5
Mfge8,38.31563315,0.383064355,0.814453564,0.470332959,0.638117153,0.968961097,38,54.9
Micu3,76.45451759,-0.373050983,0.793776496,-0.469969802,0.638376592,0.968961097,39.2,161.4
Mpdu1,53.27865294,-0.203026786,0.429908827,-0.47225545,0.636744465,0.968961097,40.7,101.9
Ms4a6b,1835.906749,0.054869085,0.116406764,0.4713565,0.637386174,0.968961097,1383.2,3206.3
Ms4a7,93.51607197,-0.390392038,0.833942517,-0.468128235,0.639692889,0.968961097,97.2,160.3
Nhlrc3,56.22930607,-0.262478962,0.555231996,-0.472737458,0.636400499,0.968961097,43.1,112.4
Nol7,799.2349362,0.060614656,0.129840025,0.466841067,0.640613592,0.968961097,596.6,1372.4
Nudt16l1,124.0824955,-0.121611121,0.258051266,-0.471267289,0.637449872,0.968961097,87.7,235.5
Ophn1,12.99142416,-0.704421255,1.50893867,-0.466832264,0.640619891,0.968961097,12.9,25.2
P2ry6,14.44279782,-0.609205341,1.295926116,-0.470092649,0.638288826,0.968961097,18.2,28.6
Plpp5,33.90512663,-0.367263295,0.785425651,-0.467597785,0.640072249,0.968961097,25.6,67.1
Rab3gap2,72.42895343,0.347418732,0.735779601,0.472177716,0.636799944,0.968961097,58.4,114.7
Rnf130,106.1357888,-0.234466449,0.500295955,-0.468655497,0.639315902,0.968961097,91.1,190.2
Rnft1,81.97352962,0.233560239,0.496263826,0.470637243,0.637899807,0.968961097,61.4,138
Rufy2,215.673059,0.120339102,0.257466473,0.467397173,0.640215745,0.968961097,150.5,362.4
Scamp2,390.2414924,-0.083239526,0.177665305,-0.468518748,0.639413667,0.968961097,299.1,701.7
Scand1,232.122396,0.115645292,0.247751472,0.466779436,0.64065769,0.968961097,182.7,390.8
Slc14a1,110.6282674,0.285597749,0.61081756,0.46756637,0.640094719,0.968961097,89.1,171.9
Snrpa1,213.7910613,0.123326842,0.264139372,0.466900643,0.640570965,0.968961097,175.3,357.5
Spast,111.0660497,-0.178329119,0.380022665,-0.469259166,0.638884399,0.968961097,86.2,196.4
Tle3,414.2030533,-0.0911881,0.195014562,-0.467596366,0.640073264,0.968961097,310.1,772.4
Tmem156,60.57299919,-0.365541978,0.779398247,-0.469005389,0.639065784,0.968961097,45.2,118.1
Tmf1,350.5963329,0.090361995,0.191389296,0.472137142,0.636828903,0.968961097,287,592.4
Trmo,22.939829,-0.517023051,1.101579352,-0.469347079,0.638821569,0.968961097,11.9,47.7
Tsen2,26.39792927,-0.474660511,1.011348491,-0.469334275,0.638830719,0.968961097,16.5,53.3
Tspyl3,69.00803193,-0.331966689,0.710995408,-0.466904126,0.640568473,0.968961097,41.3,136.1
Tsta3,114.6835305,0.16261785,0.347416808,0.468077093,0.63972946,0.968961097,77.6,186.4
Tyw5,29.79234123,-0.425319247,0.90323578,-0.470883967,0.637723598,0.968961097,20.5,58.4
Uevld,16.05332422,0.815101984,1.745761073,0.466903516,0.640568909,0.968961097,13.5,19.8
Uhrf1bp1l,307.8605695,-0.129141398,0.276624347,-0.466847547,0.640608955,0.968961097,241.1,557.6
Xpo5,125.0061017,0.23173029,0.495976689,0.467220125,0.640342397,0.968961097,113.9,202.6
Zfyve16,65.43001845,-0.272087387,0.576892868,-0.471642834,0.637181747,0.968961097,48.2,131.9
Zswim3,10.39816402,-0.813924106,1.742667946,-0.467056336,0.640459573,0.968961097,8.3,22.3
6-Mar,234.7648776,0.155620615,0.343215046,0.453420142,0.650246236,0.969438286,201,403.3
1110051M20Rik,17.01602473,0.514705305,1.114452313,0.461845966,0.644191785,0.969438286,21.2,24.8
1700023H06Rik,18.36624313,-0.62643335,1.345010653,-0.465746013,0.641397312,0.969438286,11.2,36
2700097O09Rik,112.4791634,-0.232858336,0.507939575,-0.45843708,0.646638457,0.969438286,82.6,212.3
4930439A04Rik,2.937450217,-1.34373692,2.926699643,-0.459130448,0.646140493,0.969438286,1.9,7.2
4933427D14Rik,8.518986918,0.651488722,1.45109023,0.448964998,0.653456907,0.969438286,12.2,11
5830408C22Rik,184.9647397,-0.174145024,0.378267858,-0.460374892,0.645247154,0.969438286,126.5,363.4
A430019L02Rik,31.64914859,0.498367246,1.104000832,0.451419267,0.6516874,0.969438286,20,52.2
AA467197,191.4839738,-0.154982144,0.33606873,-0.461162049,0.644682347,0.969438286,146.5,345.3
Acat1,183.6311077,0.142476791,0.313667967,0.454228055,0.649664692,0.969438286,155.5,308.5
Aebp1,32.75502239,0.567286696,1.237260845,0.4585021,0.646591754,0.969438286,55.3,48.3
Ajuba,5.891149684,-0.902844774,1.987050425,-0.454364299,0.649566644,0.969438286,3.5,13.8
Alyref,284.6246076,-0.196941339,0.433128834,-0.454694593,0.649328971,0.969438286,225.7,548.6
Anp32e,506.2298585,0.079171232,0.171846684,0.460708522,0.64500774,0.969438286,410.3,865.2
Aplf,6.953360947,-0.735807699,1.627735958,-0.452043647,0.651237539,0.969438286,7.1,15.8
Aqp3,12.10687291,0.819728417,1.816754519,0.451204832,0.651841928,0.969438286,11.9,17.7
Arhgap4,61.63487803,0.238419382,0.527435092,0.452035493,0.651243414,0.969438286,50.5,94.6
Atp8b2,167.2872568,-0.117196415,0.253592352,-0.462144912,0.643977405,0.969438286,135.8,308.9
Aurkaip1,268.5861702,-0.119365744,0.259664034,-0.459693022,0.645736579,0.969438286,201.3,484.2
B4galt3,8.497977508,-0.840022262,1.819654002,-0.461638455,0.644340613,0.969438286,3.9,20
Bcdin3d,38.87833253,0.38097593,0.835685461,0.455884358,0.648473138,0.969438286,37.9,65
C130089K02Rik,21.81104389,0.667812232,1.442871931,0.462835417,0.643482342,0.969438286,16.3,23.5
C730034F03Rik,23.30096207,-0.352130492,0.774879099,-0.454432818,0.649517336,0.969438286,15.4,46.6
Cabin1,269.7703625,0.10923472,0.240082926,0.454987457,0.649118263,0.969438286,209.7,464.7
Calcoco1,41.47288089,-0.227059961,0.498745194,-0.455262454,0.648920434,0.969438286,26.5,75.8
Cct2,662.8076,-0.067835344,0.147186797,-0.460879274,0.644885222,0.969438286,503.3,1169.9
Cdk7,121.7227404,0.190503813,0.418273254,0.455453011,0.648783365,0.969438286,104,202
Cep63,85.22739522,0.209614187,0.464974997,0.450807438,0.65212834,0.969438286,61.6,136.2
Cfap126,4.377888596,-0.884500931,1.942830726,-0.455264022,0.648919306,0.969438286,3,9.5
Cgas,84.17192045,0.253448257,0.54476651,0.465241994,0.641758169,0.969438286,72.8,131.2
Chchd3,233.1433851,-0.118210906,0.259006468,-0.456401368,0.648101382,0.969438286,175.2,423.5
Chmp4b,658.1752394,0.083945075,0.182594329,0.45973539,0.645706164,0.969438286,533.5,1166.4
Commd4,180.9094817,-0.144396299,0.311802961,-0.463101113,0.643291892,0.969438286,143.5,330
Commd7,280.2137575,-0.132794185,0.296133531,-0.448426709,0.653845269,0.969438286,199.1,518.6
Cops3,59.38459376,0.361706295,0.782341653,0.462338026,0.643838935,0.969438286,62.6,94.6
Dbt,75.14480107,0.209139943,0.456608616,0.458028902,0.646931677,0.969438286,62,120.9
Ddah2,19.40440739,0.466792945,1.023858622,0.455915431,0.648450793,0.969438286,22.1,30.8
Dhx9,853.6524813,0.081365932,0.179238211,0.453954163,0.649861818,0.969438286,660.8,1489.7
Dipk1b,33.84315574,-0.354766736,0.764978871,-0.463760177,0.642819578,0.969438286,24.7,65.7
Edrf1,109.1767938,-0.196673166,0.438976812,-0.44802632,0.654134201,0.969438286,69.3,201.5
Elac2,73.73849545,-0.270554836,0.603690087,-0.448168426,0.654031648,0.969438286,52.4,135.9
Entpd7,77.34717344,-0.274689683,0.604335189,-0.454532001,0.649445964,0.969438286,63.6,143
Ergic1,166.8171689,0.158006348,0.344588328,0.458536565,0.646566999,0.969438286,134.7,282.2
Erlec1,139.8306488,-0.160909675,0.358071713,-0.449378348,0.653158748,0.969438286,105.4,268.7
Exo1,47.2116279,0.536521141,1.193408296,0.44957048,0.653020177,0.969438286,30.2,65.6
Fam118b,58.54076255,0.266362114,0.584274875,0.455884936,0.648472723,0.969438286,41.7,93.9
Far1,474.6264512,-0.0925162,0.204318234,-0.452804423,0.650689579,0.969438286,372.5,851.5
Fbxo30,32.76656222,-0.487383871,1.054626467,-0.462138858,0.643981746,0.969438286,29.5,70.5
Fbxo46,68.25786274,0.242114557,0.525018192,0.461154605,0.644687688,0.969438286,63.9,111.8
Fuca2,141.5822328,-0.133115521,0.292185432,-0.455585757,0.648687887,0.969438286,104.9,249.1
Gas8,12.73138185,0.625896293,1.392290849,0.449544212,0.653039122,0.969438286,12.8,14.3
Gen1,29.41033639,0.379504676,0.828964941,0.457805459,0.647092213,0.969438286,26.9,48.2
Get4,51.47583191,0.364338015,0.785908579,0.46358829,0.642942745,0.969438286,32.9,78.6
Ggt7,4.252937708,0.863309432,1.864552121,0.463011692,0.643355986,0.969438286,6.8,5.1
Gid4,60.61157827,-0.23561865,0.514396306,-0.458048877,0.646917327,0.969438286,42.5,115.3
Gimap5,642.9192305,0.087493146,0.18907213,0.462750094,0.643543507,0.969438286,536,1118.1
Glmn,27.463903,-0.422524167,0.912260234,-0.463161882,0.643248336,0.969438286,20.9,57.2
Gm10059,59.25361469,-0.300352069,0.669313251,-0.448746635,0.653614439,0.969438286,48.8,120.3
Gm11510,63.82865045,0.355654541,0.786889169,0.451975393,0.65128671,0.969438286,51,103.7
Gm12039,14.79990384,0.679683826,1.503397888,0.452098431,0.651198074,0.969438286,7.4,20.1
Gm12743,2.113763703,1.317157119,2.923761505,0.450500876,0.652349323,0.969438286,2.6,7.4
Gm14858,2.916049722,1.08635897,2.371900316,0.458012068,0.646943771,0.969438286,5.1,3.8
Gm15500,2.021618746,-0.507766589,1.128532446,-0.449935304,0.652757091,0.969438286,1.9,8.9
Gm16151,2.878493412,-1.323934944,2.928486482,-0.45208846,0.651205257,0.969438286,1.8,8.6
Gm17173,30.21668915,0.59014021,1.28432024,0.459496153,0.645877914,0.969438286,28.7,38.2
Gm24885,10.28820834,-0.760450693,1.641853007,-0.463166124,0.643245296,0.969438286,9.7,24.9
Gm35585,5.046331883,-1.037777348,2.244062299,-0.462454785,0.64375522,0.969438286,3.8,13.7
Gm37033,809.7351074,-0.077528238,0.167661186,-0.462410171,0.643787207,0.969438286,606.2,1470.3
Gm38387,25.71939865,0.548448892,1.18866053,0.461400777,0.644511094,0.969438286,23.4,36.8
Gm4285,4.759375488,-0.825144163,1.782504513,-0.462912805,0.643426869,0.969438286,1.8,11.3
Gm43333,17.34522599,0.157476265,0.34991614,0.450040016,0.652681587,0.969438286,14.7,29.8
Gm43597,6.313199645,-0.788516087,1.758319422,-0.448448716,0.65382939,0.969438286,1.9,14
Gm43766,6.26244407,-0.806997427,1.784919559,-0.452119774,0.651182699,0.969438286,5.1,15.8
Gm43961,2.523362021,-1.317121832,2.936701363,-0.448503838,0.653789617,0.969438286,0.5,6
Gm44174,12.24424636,0.731869101,1.613340582,0.453635835,0.650090957,0.969438286,8.3,16.6
Gm44746,7.015006506,-0.874803751,1.94475082,-0.449828195,0.652834326,0.969438286,6.9,18.3
Gm45137,13.65642509,-0.512224006,1.106562673,-0.462896516,0.643438545,0.969438286,10.9,28.6
Gm45501,18.36777361,-0.487322542,1.079029237,-0.451630526,0.651535175,0.969438286,10.1,35.9
Gm45769,5.4104285,1.128456513,2.488921067,0.453391844,0.650266608,0.969438286,7.3,7.3
Gm48745,2.406281291,1.352237468,2.919758582,0.463133314,0.643268812,0.969438286,1.2,7.2
Gm48887,2.277103183,1.359802506,2.920985422,0.465528686,0.641552899,0.969438286,4.8,8
Gm4951,36.17032793,0.36570264,0.796606626,0.459075569,0.6461799,0.969438286,44,53
Gm6093,10.34728665,-0.820742731,1.821179907,-0.450665378,0.652230739,0.969438286,2.2,20.9
Gm6297,8.485535979,0.976224037,2.159425752,0.45207576,0.651214406,0.969438286,10.5,10.2
Gnb5,18.52517075,0.5765226,1.252902436,0.460149636,0.645408819,0.969438286,28.4,24.9
Hipk1,653.0851326,-0.064557881,0.141760051,-0.455402499,0.648819698,0.969438286,479.9,1197.3
Hspa4l,185.927968,-0.173916996,0.382140001,-0.455113297,0.649027732,0.969438286,139.3,337.1
Htra3,7.913761075,0.73278655,1.622051051,0.451765405,0.651437995,0.969438286,6.6,10
Ifrd1,288.8796222,0.197128839,0.428391415,0.460160573,0.645400969,0.969438286,234.5,484.8
Il15,8.284076846,0.827411935,1.783653869,0.463885931,0.642729473,0.969438286,9.8,11.2
Il1rap,31.81601608,0.341932857,0.735093359,0.465155687,0.64181997,0.969438286,31.6,51.6
Il27ra,191.220167,0.118663575,0.25660297,0.462440379,0.643765548,0.969438286,164.4,332.2
Jade2,203.27403,-0.126723983,0.278253067,-0.455427084,0.648802014,0.969438286,138.5,375.3
Kdm5b,234.8611325,0.106097431,0.229183246,0.462937114,0.643409444,0.969438286,163.1,395
Kif3b,195.7003879,0.1877768,0.414701503,0.452799903,0.650692834,0.969438286,184.4,322.2
Klra2,47.94177158,0.43690456,0.946532563,0.461584288,0.644379464,0.969438286,50.3,61.9
Lamtor2,40.72605034,0.321076581,0.703913938,0.45613045,0.648296175,0.969438286,37.1,59.4
Lancl1,91.43234384,-0.230026241,0.505804447,-0.45477307,0.649272506,0.969438286,62.3,180.7
Mad2l2,71.90792169,-0.308021261,0.66862981,-0.460675334,0.645031554,0.969438286,39.4,138.6
Maff,83.26913003,0.294594666,0.635284542,0.463720816,0.642847781,0.969438286,68.8,126.9
Mars2,36.85800528,-0.378819629,0.84161426,-0.450110754,0.652630583,0.969438286,22.3,73.3
Mat2a,666.9945132,-0.077680139,0.169972571,-0.457015732,0.647659738,0.969438286,484.7,1214
Mdm1,18.7929785,-0.512662889,1.124237276,-0.456009509,0.64838314,0.969438286,19.5,40
Mettl1,44.48733583,-0.348172198,0.762586487,-0.456567489,0.647981951,0.969438286,34.9,93.8
Mfap1b,114.547421,-0.192335277,0.423997831,-0.453623255,0.650100013,0.969438286,87.6,219.9
Mfsd12,21.8774045,0.452044149,0.997041127,0.453385659,0.650271061,0.969438286,22.8,32.2
Micos10,609.20172,0.084317511,0.183639089,0.459147951,0.646127925,0.969438286,486.8,1030.9
Mknk2,853.0765617,0.075513201,0.16845876,0.448259271,0.653966091,0.969438286,628.3,1475.5
Mob1b,155.2773551,-0.22694296,0.4963348,-0.457237654,0.647500236,0.969438286,109.2,297.1
Mrpl14,112.8725495,-0.177336315,0.388860708,-0.456040713,0.648360702,0.969438286,94,211.6
Mtg1,38.84030368,0.394629985,0.853921434,0.462138517,0.643981991,0.969438286,40.2,62.2
Nadsyn1,21.26152422,0.442229966,0.986162673,0.44843511,0.653839208,0.969438286,19.6,33.6
Nap1l4,452.4404439,0.067245129,0.145762252,0.461334318,0.644558767,0.969438286,355.3,771.4
Ndufa2,645.9794141,-0.083733357,0.181291314,-0.461871866,0.64417321,0.969438286,517.2,1157.2
Ndufaf2,69.45501018,-0.238502463,0.520133956,-0.458540459,0.646564202,0.969438286,55.3,141.2
Ndufaf8,100.8856939,0.192584595,0.42670255,0.451332186,0.651750151,0.969438286,78.6,165.8
Ndufv3,753.6327305,-0.065396602,0.140620268,-0.465058155,0.641889811,0.969438286,562.5,1362.8
Nepro,14.76648066,0.658165828,1.452892959,0.45300366,0.650546106,0.969438286,10.5,23.4
Nfrkb,147.7715099,-0.128578849,0.281847412,-0.456200213,0.648246013,0.969438286,105.9,283.3
Nsmce2,152.2611916,0.128991067,0.277230704,0.465284202,0.641727946,0.969438286,128.1,248.9
Oaz1,42.58900107,0.171495165,0.374135102,0.458377639,0.646681154,0.969438286,33.3,72.5
Ogdhl,2.116652123,0.459918822,0.99155378,0.463836487,0.6427649,0.969438286,1.9,3.3
Ogfrl1,64.94128272,-0.239329804,0.525061096,-0.455813248,0.648524277,0.969438286,53.9,121.9
Ostm1,213.8198209,-0.195625933,0.435874977,-0.448812029,0.65356726,0.969438286,160.6,410.5
Peli1,1233.545306,0.074677552,0.162832076,0.45861696,0.646509256,0.969438286,939.4,2159.7
Pex13,85.79862086,0.349952639,0.761252537,0.459706368,0.645726998,0.969438286,64,130.1
Pex3,57.48328046,0.315713524,0.700667905,0.450589391,0.652285514,0.969438286,47.7,92.5
Pfkm,42.60491495,-0.400857184,0.87103352,-0.460208678,0.645366443,0.969438286,35,83.7
Pgap2,141.6688675,0.210325838,0.466850559,0.450520694,0.652335036,0.969438286,100,231.5
Phlda1,149.639149,-0.255067978,0.568963257,-0.448303076,0.653934481,0.969438286,88.6,284.4
Pik3ap1,322.5658358,0.113524815,0.252524711,0.449559233,0.653028289,0.969438286,246.3,536.1
Pik3r6,2.159315124,1.315909503,2.922638026,0.450247171,0.652532227,0.969438286,16.6,6.5
Plbd1,49.752541,-0.415133897,0.91791479,-0.452257553,0.651083451,0.969438286,44.6,86.6
Plekha2,184.6115221,-0.151214425,0.331148343,-0.456636513,0.64793233,0.969438286,132.1,341.5
Pold3,155.2613683,0.188751278,0.408866689,0.461645038,0.644335892,0.969438286,121.5,243.1
Polr1b,25.45758311,0.462168659,1.008580771,0.458236635,0.646782443,0.969438286,17.8,35.7
Polr3b,63.98183349,0.318595426,0.696855896,0.457189825,0.647534611,0.969438286,54.5,105.6
Ppdpf,82.81915939,-0.283637875,0.616148239,-0.460340316,0.645271967,0.969438286,72.9,160.3
Prkacb,668.6876567,-0.068347678,0.1515784,-0.450906447,0.652056977,0.969438286,504,1247.8
Prpsap2,28.91934489,-0.396152392,0.859598359,-0.460857548,0.644900811,0.969438286,26,57.9
Psat1,181.9549886,-0.151542259,0.331638353,-0.456950341,0.64770674,0.969438286,151.8,341.5
Ptges,11.18812155,-0.814246516,1.75070652,-0.465095952,0.641862744,0.969438286,11.9,23.2
Pvt1,77.83002767,-0.155961207,0.335052857,-0.465482397,0.64158604,0.969438286,48.9,143.8
Rab40c,69.95041221,0.340883097,0.748377464,0.455496207,0.648752295,0.969438286,58.7,105.1
Rab6b,42.14448328,0.248819382,0.55478553,0.448496525,0.653794893,0.969438286,30.8,67.3
Rasal1,4.971864699,-1.010199788,2.209942349,-0.457115901,0.647587742,0.969438286,5.6,13.7
Rbks,33.87104799,-0.406186871,0.891751502,-0.455493342,0.648754357,0.969438286,21.3,70.4
Rcn1,263.8557689,-0.111352497,0.245579135,-0.45342817,0.650240456,0.969438286,220.2,497.1
Rida,40.8127427,0.411645858,0.91461252,0.45007678,0.652655079,0.969438286,35.5,63.9
Rin2,16.06635609,0.610841038,1.313765508,0.464954388,0.641964121,0.969438286,27.8,20.4
Rnf44,219.4708542,-0.163066432,0.35914056,-0.45404627,0.649795524,0.969438286,159.9,423.3
Rpl18-ps2,11.80486202,0.41707921,0.914673717,0.455986876,0.648399416,0.969438286,10.2,19.7
Rpl21-ps3,3.21702454,-0.676091145,1.501264393,-0.450347819,0.652459664,0.969438286,7.8,6.9
Rpl31-ps1,1.990812717,0.449519194,1.00266636,0.448323802,0.653919525,0.969438286,1.7,2.8
Rpl9,104.6951544,0.241551487,0.532604714,0.453528631,0.650168131,0.969438286,95.5,172.1
Rps25,922.7765914,-0.13106299,0.286389897,-0.457638316,0.647212311,0.969438286,872.5,1752.1
Rsrc2,959.7955774,-0.073718002,0.15966804,-0.461695416,0.644299759,0.969438286,711.7,1746.2
Rtf2,260.0455912,0.11928649,0.262283527,0.454799779,0.649253289,0.969438286,205.5,430
Rtp4,249.0675657,-0.122232945,0.269179262,-0.454094956,0.649760483,0.969438286,197.3,470.8
Sall2,3.449189656,1.078183061,2.387140347,0.451663038,0.65151175,0.969438286,3.7,12.6
Shld2,66.63345579,0.287451263,0.617230428,0.465711427,0.641422072,0.969438286,50,103.5
Slc20a1,628.8927493,-0.082354622,0.177406692,-0.464213731,0.642494624,0.969438286,412.8,1146.5
Slc26a6,4.256898468,-1.01530694,2.259112341,-0.44942738,0.653123384,0.969438286,4.9,10.9
Slc27a1,34.4917151,-0.386290207,0.847490084,-0.455804987,0.648530218,0.969438286,30.6,74.7
Slc35a4,145.0760288,0.216166508,0.469716084,0.460206741,0.645367833,0.969438286,135.8,234.4
Smpd5,45.0278612,0.368962502,0.802815703,0.459585557,0.645813728,0.969438286,50,65.4
Snai1,2.230782822,-0.972914121,2.094499516,-0.464509117,0.642283029,0.969438286,5.7,6.2
Snord110,2.198411751,1.319498959,2.922077111,0.451561991,0.651584557,0.969438286,6.8,6
Snx19,45.5342757,0.385130494,0.827020163,0.465684528,0.641441329,0.969438286,34.9,68.3
Spint1,25.17361408,0.705143413,1.526310943,0.461991979,0.644087072,0.969438286,42.8,29.1
Srp9,299.9833658,-0.163655686,0.364319309,-0.449209476,0.653280553,0.969438286,221.8,573.3
Ss18l2,52.31851718,0.320105979,0.707787662,0.452262729,0.651079723,0.969438286,54.8,85.2
Stam,42.96051482,0.384646194,0.851533625,0.45170993,0.651477964,0.969438286,49.4,71.5
Stard10,40.76831225,-0.286469903,0.63553192,-0.450756121,0.652165329,0.969438286,26.8,78
Taf6,13.88438078,-0.50581921,1.109709835,-0.455812136,0.648525077,0.969438286,13.9,28.1
Tbc1d20,210.4705696,-0.102479246,0.228721492,-0.448052544,0.654115276,0.969438286,180.9,388.5
Tbc1d32,22.8221411,0.471601026,1.026772896,0.459304125,0.646015786,0.969438286,24.4,33.3
Tcea2,33.20248243,0.379695482,0.830237024,0.457333835,0.647431114,0.969438286,26.1,49.9
Tgfb1,352.2270033,-0.110363189,0.242035839,-0.455978709,0.648405288,0.969438286,259.8,632.5
Thumpd2,22.867819,0.543469159,1.182901169,0.459437503,0.645920022,0.969438286,18.4,29
Tmtc3,17.46606908,-0.633828419,1.37147036,-0.462152474,0.643971983,0.969438286,6.9,41.5
Trappc2,10.53901893,-0.757620605,1.650849079,-0.458927842,0.646285984,0.969438286,6.5,25.6
Twnk,22.44716505,-0.440693095,0.951167701,-0.463317977,0.643136462,0.969438286,19.3,45.8
Unc5cl,67.53461655,-0.260780828,0.581984527,-0.448088937,0.654089012,0.969438286,42.8,128.1
Vps37b,524.2316001,0.094251035,0.210390797,0.447980786,0.654167063,0.969438286,393.7,900.5
Vps39,100.570045,0.219343242,0.481108309,0.455912396,0.648452975,0.969438286,73.1,163.8
Wdr45,47.54057665,-0.349850131,0.776785839,-0.450381705,0.652435234,0.969438286,38.2,99.2
Xdh,189.0610631,-0.137834922,0.300642339,-0.458468101,0.646616175,0.969438286,113.5,358.6
Zfp125,13.70997505,0.619712768,1.339716298,0.46257015,0.643672509,0.969438286,15.9,19.8
Zfp260,148.4107773,0.157169153,0.338945517,0.463700344,0.64286245,0.969438286,130.7,252.2
Zfp938,33.72139372,-0.403638727,0.873676485,-0.462000219,0.644081163,0.969438286,35,68.9
1700029I15Rik,6.854624866,-0.868561594,1.966265053,-0.441731695,0.658683372,0.969439756,2.5,15
4921524J17Rik,62.35526642,-0.240418954,0.5436771,-0.442209087,0.658337911,0.969439756,47.9,120.5
6330418K02Rik,5.895283193,-0.643770067,1.447254318,-0.444821659,0.65644864,0.969439756,3.5,10.3
9430031K09Rik,7.399752395,0.881708847,1.988916905,0.443311053,0.657540762,0.969439756,6.1,8.9
A530017D24Rik,21.1294016,0.473077305,1.057809405,0.447223576,0.65471364,0.969439756,23.4,29.4
Acot13,95.56178878,-0.192671046,0.43627392,-0.441628613,0.658757975,0.969439756,76.2,177.3
Acsf3,14.40470834,0.436325641,0.985276988,0.442845663,0.657877372,0.969439756,15.6,20.9
BC017158,29.21002783,-0.324942578,0.734991348,-0.442103949,0.658413987,0.969439756,25,60.1
Calm2,843.8779849,-0.078095688,0.174884597,-0.44655555,0.655195996,0.969439756,634.5,1504.4
Cd63-ps,2.929018783,0.612827537,1.379568399,0.444216856,0.656885807,0.969439756,4.3,4.3
D330041H03Rik,27.42001145,0.510475936,1.151207793,0.443426408,0.657457339,0.969439756,32.2,42.4
Ddb1,526.0257296,0.099986096,0.225747855,0.442910505,0.657830469,0.969439756,497.6,900
Dlg1,218.5616823,0.186232917,0.420687858,0.442686693,0.657992369,0.969439756,167.5,369.6
E430021H15Rik,93.1110144,0.269278584,0.606655,0.443874334,0.657133442,0.969439756,91.7,154.7
Emsy,318.9913959,0.132171342,0.296538463,0.445713991,0.655803857,0.969439756,256,525.6
Ercc5,114.5935863,-0.218314922,0.491951285,-0.443773455,0.657206382,0.969439756,93.1,216.3
F420014N23Rik,43.0204025,0.345410414,0.77799229,0.443976654,0.657059463,0.969439756,31.9,61.1
Fkbp5,180.6703199,-0.154654087,0.349155801,-0.442937184,0.657811171,0.969439756,128.9,340.6
Fndc9,16.48841573,-0.673575694,1.508446555,-0.446536002,0.655210113,0.969439756,6.9,39
Gba2,54.67899118,-0.266887983,0.603029254,-0.442578832,0.658070399,0.969439756,40,107.5
Gm19585,789.8839074,0.084661569,0.189477211,0.446816632,0.655007462,0.969439756,566.2,1363.2
Gm1976,26.15847836,0.479111719,1.072516439,0.446717366,0.655079141,0.969439756,19,37.4
Gm37873,12.58256552,0.684213125,1.548845498,0.441756861,0.658665159,0.969439756,6.8,17.5
Gm38067,14.06673421,0.767977297,1.736828069,0.44217232,0.658364514,0.969439756,14.6,17.9
Gm4149,204.9508798,0.146567908,0.330621998,0.443309605,0.657541809,0.969439756,163.3,352.3
Gm43004,4.488149107,-1.016715984,2.280992834,-0.445733967,0.655789426,0.969439756,2.3,11.5
Gm43305,2.715588369,-0.760083903,1.717704996,-0.442499675,0.658127665,0.969439756,2,6.6
Gm45110,23.67885765,-0.353900563,0.798317214,-0.443308195,0.657542829,0.969439756,15.9,47.5
Gm6745,4.752749527,-0.539766387,1.215419118,-0.444098977,0.656971026,0.969439756,7.8,9.2
Gpatch2l,22.60621863,-0.545167412,1.234595611,-0.441575692,0.658796277,0.969439756,18.1,52.8
Hspbap1,51.57135332,0.280401518,0.627017389,0.44719895,0.65473142,0.969439756,58.2,84.8
Maml3,19.91906947,0.52646673,1.18306074,0.445003973,0.656316883,0.969439756,27.6,23.5
Mir99ahg,8.032656199,0.825876968,1.860246537,0.44396103,0.657070759,0.969439756,9.5,8.3
Mpc2,149.3712741,-0.143028311,0.32347609,-0.442160379,0.658373154,0.969439756,90.6,284.8
Mrpl13,192.7476776,0.160152649,0.360629265,0.444092215,0.656975915,0.969439756,169.6,322.5
Ncoa5,87.84023419,0.237278538,0.532674331,0.445447666,0.655996272,0.969439756,79.5,144.3
Nlgn2,21.95062636,-0.403277258,0.909728913,-0.443293879,0.657553183,0.969439756,24.5,44.2
Ostc,285.0506589,0.136809903,0.306172851,0.446838779,0.65499147,0.969439756,225.2,490.9
P2ry10b,32.08757701,0.429218705,0.962443926,0.445967493,0.655620727,0.969439756,30.5,52.6
Pex12,34.942575,0.390292664,0.880886754,0.443067923,0.657716606,0.969439756,28.5,49.8
Phb,59.33747458,0.339137802,0.757373193,0.447781629,0.654310803,0.969439756,60.6,93.4
Phlpp1,104.0720896,0.211461419,0.475033187,0.445150833,0.656210755,0.969439756,83,166.8
Plcxd1,11.67271974,-0.788304154,1.767095317,-0.44610166,0.655523814,0.969439756,7.1,28.4
Plek,616.2721703,-0.109001425,0.243508942,-0.44762802,0.654421677,0.969439756,461.8,1131.6
Plxdc1,36.9346873,-0.419109916,0.941839234,-0.44499093,0.656326309,0.969439756,30,80.2
Pmvk,62.08202096,-0.267142993,0.600122189,-0.445147668,0.656213043,0.969439756,56.4,119.7
Ptprj,33.91947894,-0.366656152,0.829896417,-0.441809537,0.658627037,0.969439756,22.4,65
Rad17,117.0594709,0.209877389,0.472666447,0.444028534,0.657021954,0.969439756,93.4,186.9
Recql5,26.1813832,-0.414515809,0.932137812,-0.444693696,0.656541125,0.969439756,21.3,52.1
Ric8b,60.1053974,-0.288377547,0.652976619,-0.441635334,0.658753111,0.969439756,49.9,118.3
Rpf1,186.4066585,0.186434165,0.420857651,0.44298628,0.657775659,0.969439756,168.7,298
Rundc3a,5.769707069,0.713534132,1.599487379,0.446101758,0.655523743,0.969439756,5.3,8.4
Scly,124.2407088,-0.293990583,0.660809511,-0.4448946,0.656395925,0.969439756,90.1,248.4
Setd5,417.6957963,0.104496876,0.235227505,0.44423749,0.65687089,0.969439756,332.2,716.3
Slx4,65.53225594,-0.250269098,0.563994787,-0.443743637,0.657227942,0.969439756,46.9,120
Smg6,237.9912255,0.102149899,0.229307519,0.445471216,0.655979257,0.969439756,183.9,397.5
Snrnp35,17.20014194,-0.422244145,0.953205345,-0.442972909,0.65778533,0.969439756,12.2,36.1
Snx20,176.1074161,-0.164720657,0.368359878,-0.447173176,0.654750027,0.969439756,131.1,327.7
Spc25,49.73904087,-0.322226306,0.724759531,-0.444597542,0.656610624,0.969439756,34.9,101.1
Tchp,52.78652537,0.297584839,0.667920028,0.445539625,0.65592983,0.969439756,45.2,86.5
Tcn2,33.91273793,0.373320458,0.83504025,0.447068818,0.654825372,0.969439756,39.5,52.9
Tmem9,58.72997764,-0.329335595,0.742759566,-0.443394619,0.657480327,0.969439756,55.3,116
Wipi1,8.72295843,-0.752736824,1.704509433,-0.441614936,0.658767874,0.969439756,8.9,17.9
Zbtb21,91.73571464,0.259662704,0.586117496,0.443021588,0.65775012,0.969439756,69.5,142.9
Zfp273,2.830315634,-1.074441956,2.426272756,-0.442836426,0.657884054,0.969439756,1.7,7.5
Zfp623,15.09815082,-0.477816465,1.06889054,-0.44702095,0.654859933,0.969439756,11.4,31.2
Zfp954,60.63151627,0.326857952,0.73698172,0.4435089,0.657397683,0.969439756,38.3,93.9
BC049352,3.844533588,-1.235452381,2.802984967,-0.440763113,0.6593845,0.9696164,4,9.6
Cox6c,744.3646677,0.087966423,0.199695046,0.44050378,0.659572275,0.9696164,695.7,1284.9
Dennd1b,642.9343256,0.076303202,0.173280531,0.440344923,0.659687309,0.9696164,463,1117.3
Fxyd5,2790.565758,-0.045405367,0.102977005,-0.440927246,0.659265668,0.9696164,2127.7,5034.8
Gm37303,3.366410838,-0.879222439,1.995973462,-0.44049806,0.659576417,0.9696164,6.9,8.9
Gm42735,18.09775907,0.490016109,1.111465812,0.440873757,0.659304393,0.9696164,16.4,28.1
Nras,461.4344311,-0.147132123,0.334102489,-0.440380206,0.659661759,0.9696164,346.2,849.8
Rpl23a,5.240200437,0.772086428,1.750838799,0.440980876,0.659226842,0.9696164,7.8,6.7
Sec61a1,198.0527982,-0.145114134,0.329319681,-0.440648227,0.659467683,0.9696164,154.9,374.6
Sqor,4.371760089,-0.857783038,1.948334802,-0.4402647,0.659745404,0.9696164,3.6,10
Swt1,223.0320376,0.128103504,0.290302571,0.441275816,0.659013332,0.9696164,153.1,383.4
Zfp365,10.34602921,-0.604968762,1.371486262,-0.4411045,0.659137346,0.9696164,5,23.1
Hmgxb4,132.6831326,0.192712862,0.438004976,0.439978706,0.65995253,0.969819247,109.5,225.6
Clip3,6.374542232,-0.748531539,1.701874992,-0.439827568,0.660061999,0.969874768,6.3,13.3
Katnb1,84.60745628,-0.240618476,0.547545208,-0.439449514,0.660335856,0.969874768,65.6,159.7
Ptpn18,622.5560778,-0.084273224,0.191648024,-0.439729157,0.660133282,0.969874768,497.3,1142.3
Sharpin,236.9357932,0.128262259,0.291857839,0.439468269,0.660322269,0.969874768,202.4,388.4
Spin4,38.20174718,-0.448462412,1.020458105,-0.439471655,0.660319816,0.969874768,24.9,81.2
Obsl1,9.4808837,0.931293932,2.120210074,0.439246065,0.66048325,0.969989738,15.4,10.9
Dbr1,93.45248361,0.202079477,0.46039478,0.438926516,0.660714782,0.970126727,76,162.3
Tmem60,111.6908181,0.217947553,0.496448161,0.439013719,0.660651596,0.970126727,89.4,188.3
E2f8,39.24010436,-0.392262662,0.895105817,-0.438230491,0.661219207,0.97039832,22.2,80.4
Ncoa7,130.3494903,-0.16233739,0.370292783,-0.438402792,0.661094323,0.97039832,86.1,245
Nlrp3,28.55795775,0.605348912,1.38090491,0.438371178,0.661117236,0.97039832,19.8,35.7
Zadh2,140.2058484,-0.22196245,0.506538951,-0.438194238,0.661245485,0.97039832,113.7,267.2
Zbtb40,59.6058602,0.237182688,0.540862104,0.438527097,0.661004232,0.97039832,47,100.4
Ercc2,50.64920507,0.257248102,0.587508007,0.437863141,0.661485496,0.970649043,44.7,81.2
2510009E07Rik,29.27934869,0.59778653,1.368636727,0.436775164,0.662274413,0.970863477,44.5,36.6
Apol8,6.482759344,-0.937953581,2.147496267,-0.436766105,0.662280983,0.970863477,6.6,16.2
Arap2,627.0842519,0.104771265,0.239834472,0.436848231,0.662221418,0.970863477,442.1,1075.2
Cdk5rap3,121.8618629,-0.160740972,0.368171391,-0.436592783,0.662406697,0.970863477,93.2,223.8
Cox14,230.0940124,0.117081758,0.268384697,0.436246026,0.662658238,0.970863477,163.6,392.5
Eif1ad,157.2498649,-0.187026843,0.428725177,-0.436239468,0.662662995,0.970863477,140.2,285.3
Gm13611,5.300024695,0.688141886,1.576588105,0.436475376,0.662491861,0.970863477,7.2,8
Gm17971,166.8521392,-0.201532679,0.46183483,-0.436373928,0.662565452,0.970863477,87.4,316.4
Gm37407,26.69663415,-0.461238536,1.056265574,-0.436669099,0.662351343,0.970863477,19.1,51.8
Gstt3,23.04989186,-0.471536044,1.080932617,-0.436230748,0.662669321,0.970863477,15.9,46.6
Htatip2,128.2157942,-0.200388612,0.45846477,-0.437086174,0.662048854,0.970863477,112.8,236.3
Mccc1,51.28777053,-0.327504301,0.749805597,-0.436785618,0.66226683,0.970863477,40.7,98.9
Med26,9.935098596,0.702410244,1.60842477,0.43670693,0.662323902,0.970863477,9,12.2
Sephs2,127.618573,0.284499992,0.652128711,0.436263559,0.662645518,0.970863477,131.5,202.7
Slc29a1,155.8232353,0.157042385,0.359901177,0.436348628,0.662583806,0.970863477,122.7,268.9
Phkb,95.3106364,0.292789662,0.671363116,0.436112225,0.662755308,0.970888099,72.5,153.5
Gm42819,41.58418987,0.438711335,1.006252603,0.435985292,0.662847401,0.97092166,29.9,58.1
Apobec2,33.76103416,-0.442708366,1.016460758,-0.435539063,0.663171191,0.971111168,26.1,70
Ccdc85b,35.58959971,0.31744563,0.729366275,0.435234862,0.66339196,0.971111168,46.5,58.2
Cdc37l1,289.1347994,-0.110142643,0.252923304,-0.435478428,0.663215194,0.971111168,193.3,537.8
Gm48706,16.91574158,0.581930319,1.336587139,0.435385245,0.663282819,0.971111168,15,24
Serf1,6.193898397,-0.789311474,1.813280267,-0.435294802,0.663348458,0.971111168,5.8,13.9
Sergef,22.80863077,0.344190171,0.790097702,0.435629885,0.663105285,0.971111168,14.2,32
1700056N10Rik,25.29952366,-0.460219228,1.062721853,-0.433057085,0.664973299,0.971114592,17.5,47.2
BC031181,284.2564974,-0.086789066,0.199536288,-0.434953793,0.663595967,0.971114592,214.1,523
Cd1d1,31.89643275,-0.29049047,0.670040123,-0.433541902,0.664621132,0.971114592,20.6,61.6
Cops8,201.4809889,0.157901618,0.363436756,0.434467938,0.663948672,0.971114592,165.2,335.7
Cstf1,125.0224041,0.141723399,0.326365688,0.434247239,0.664108912,0.971114592,98.8,203.4
Dars,183.3911752,0.195068307,0.45045072,0.433051382,0.664977442,0.971114592,163.1,306.8
Fbxo7,85.57600933,-0.221070198,0.510270235,-0.433241413,0.664839396,0.971114592,51.8,167.4
Gm14239,14.216851,0.394093158,0.908678313,0.43369931,0.664506808,0.971114592,12.8,21.1
Gm29228,2.665170733,-0.485630983,1.119516132,-0.433786498,0.664443487,0.971114592,6.4,5.8
Hk1,335.7292842,-0.150945666,0.347837272,-0.433954835,0.664321239,0.971114592,258.8,632.5
Mcoln2,42.6964192,0.367680597,0.84825952,0.433452957,0.664685735,0.971114592,27.9,69.1
Ogt,1273.361409,-0.058140957,0.133704724,-0.434845943,0.663674254,0.971114592,900,2288.3
Palb2,27.11579542,0.43240682,0.998538225,0.433039827,0.664985836,0.971114592,28,42.3
Ppp2r1b,112.8542335,-0.196572257,0.451766731,-0.435118931,0.663476103,0.971114592,71.7,205.8
Ranbp3,234.4601137,0.131169366,0.301852643,0.434547681,0.663890778,0.971114592,214,396.1
Rinl,732.4234111,-0.095008155,0.219022428,-0.433782767,0.664446197,0.971114592,475.6,1343.1
S100a13,496.0956835,-0.075278715,0.17369239,-0.433402493,0.66472239,0.971114592,359.7,900.3
Sec22a,48.76206319,0.291769813,0.671282927,0.434645068,0.663820077,0.971114592,35.3,74.6
Slc9b2,3.668470942,-1.000966549,2.303202391,-0.434597738,0.663854437,0.971114592,3.6,8.1
Taf1b,82.97965457,-0.215772054,0.497349146,-0.433844224,0.664401565,0.971114592,75.8,155.8
Tbcb,179.4787955,-0.12201617,0.281642818,-0.433230184,0.664847553,0.971114592,147.6,325
Zfp952,49.722501,-0.290479325,0.668684262,-0.43440431,0.663994868,0.971114592,42.5,90.4
Zzef1,448.0953462,-0.10165732,0.23450922,-0.433489653,0.664659082,0.971114592,310.1,810.8
Atcayos,27.74157479,0.329850867,0.761902289,0.432930668,0.665065139,0.971129348,29.8,42.2
Polr2l,44.73793932,0.350937843,0.810850304,0.432802259,0.665158432,0.971164527,35.5,67.4
1700124M09Rik,7.067950931,-0.847991941,1.990806865,-0.425953897,0.670141441,0.971247504,4.9,17
2700038G22Rik,24.69057305,0.402409011,0.953244424,0.422146724,0.672917925,0.971247504,26.6,40.2
2900005J15Rik,4.447860136,-0.765359757,1.816486927,-0.421340636,0.673506361,0.971247504,3,10.5
4930579G24Rik,62.87795502,0.265354477,0.619351429,0.428439274,0.668331336,0.971247504,52.9,105.5
5830444F18Rik,254.5129571,0.166268394,0.393919314,0.422087437,0.672961197,0.971247504,224.5,423.5
A430028G04Rik,22.97387785,0.444721141,1.029863786,0.431825205,0.665868459,0.971247504,18.5,35.1
Abca1,29.26705497,0.432505953,1.018802557,0.42452382,0.671183838,0.971247504,39.5,40.7
AC166575.1,17.94471358,0.506502424,1.193731911,0.424301654,0.671345833,0.971247504,9,24.5
Acot11,17.30232925,0.527793228,1.248974852,0.422581149,0.672600883,0.971247504,26.1,26.2
Anapc11,180.4987346,-0.131470361,0.312541229,-0.420649658,0.674010927,0.971247504,141.7,336
Ankrd37,42.45816832,-0.273759727,0.649703931,-0.421360737,0.673491685,0.971247504,32.6,79.1
Atf7,149.9336009,-0.14148775,0.330917773,-0.427561654,0.668970289,0.971247504,122.3,279.1
Azin1,243.9195525,0.134618737,0.319540508,0.421288485,0.673544438,0.971247504,229.5,431.4
B130034C11Rik,11.83002627,0.827919453,1.938217551,0.42715507,0.669266384,0.971247504,6.7,14.2
Brd7,223.5974831,-0.12079711,0.279990242,-0.431433285,0.666153353,0.971247504,187.5,406.1
C230066G23Rik,17.22803953,0.524574321,1.242263289,0.422273061,0.672825719,0.971247504,15.4,25.4
Ccdc137,63.20325812,0.271924083,0.640224067,0.424732679,0.671031558,0.971247504,53.1,99.4
Cdon,73.80966243,0.279028361,0.645374959,0.43235077,0.665486492,0.971247504,52.5,118.8
Celf5,1.992547837,-1.07907769,2.538872952,-0.425022327,0.670820399,0.971247504,1.4,11.1
Chst2,86.51808074,-0.214866397,0.507962204,-0.42299682,0.672297581,0.971247504,58.3,166.8
Cox7a2l,248.3813591,0.103552533,0.243019134,0.426108558,0.670028744,0.971247504,177.3,411.4
CR974462.5,3.683756012,-0.81046233,1.889916131,-0.428835077,0.66804325,0.971247504,2,8.8
Cracr2a,153.0535073,0.197022556,0.466840722,0.422033784,0.673000359,0.971247504,87.9,254.8
Creb5,25.80242493,0.549388865,1.290789016,0.425622513,0.670382933,0.971247504,35.9,32.3
Crtap,35.84907931,0.418272824,0.978203069,0.42759304,0.668947434,0.971247504,48.1,52
Cryl1,43.76233309,0.262895159,0.625082172,0.420576959,0.674064021,0.971247504,40.9,68.1
Ctnnb1,169.9967772,-0.147507239,0.347223877,-0.424818822,0.670968756,0.971247504,114.6,315.1
Ddx3y,296.3291811,0.314294753,0.746024442,0.421292836,0.673541261,0.971247504,214.6,506.3
Dlg4,37.74410667,0.387033494,0.915848087,0.422595733,0.67259024,0.971247504,38.1,56.7
Dnajc25,30.44574724,-0.402006378,0.940734789,-0.427332318,0.669137297,0.971247504,26.2,61.8
Dnmt1,407.0890579,0.070849906,0.166617901,0.425223851,0.670673499,0.971247504,338.2,727.5
Edem3,89.26787401,-0.203401972,0.481870693,-0.422109033,0.672945435,0.971247504,56,172.2
Enpp4,36.21605852,-0.335416404,0.780028752,-0.43000518,0.667191873,0.971247504,26.3,71.2
Exosc4,91.7376467,0.207645848,0.491355182,0.422598266,0.672588392,0.971247504,71.5,155.1
Exosc9,28.46730974,0.340044778,0.80359582,0.423153991,0.672182913,0.971247504,25.5,42.8
Fam107b,935.6365968,-0.074518044,0.17504706,-0.425702915,0.670324338,0.971247504,652.4,1702.8
Fam129a,258.4490019,-0.130608597,0.303910384,-0.42976023,0.667370066,0.971247504,185.4,470.4
Fgfr1op2,491.4327019,0.099785191,0.233683286,0.42701039,0.66937176,0.971247504,405.9,819.2
Fhl3,25.65024397,-0.478355738,1.122605889,-0.426111909,0.670026303,0.971247504,15.6,47.1
Fut11,114.7713446,0.211192581,0.501185579,0.421385989,0.673473248,0.971247504,96.5,185.3
Galnt4,19.70450121,0.45530314,1.078873689,0.422017095,0.67301254,0.971247504,20.8,31
Gm12036,6.623655134,-0.623893495,1.48123431,-0.421198382,0.673610226,0.971247504,5.5,13.2
Gm14636,14.19482095,0.724100163,1.678222782,0.431468439,0.666127796,0.971247504,11.3,19.3
Gm15779,2.601641371,-0.343878338,0.797952955,-0.430950642,0.666504259,0.971247504,6.2,5.4
Gm16731,2.181254379,-0.981841,2.318985234,-0.423392519,0.672008902,0.971247504,7.2,12
Gm20274,38.88178157,0.416312942,0.964344687,0.431705538,0.665955442,0.971247504,21,60.5
Gm29114,3.249169583,1.047402528,2.441977297,0.428915752,0.667984537,0.971247504,2.6,7.6
Gm37666,11.80772499,0.800750712,1.876157903,0.426803475,0.669522475,0.971247504,7.2,13.2
Gm37766,14.80948174,-0.669010403,1.578458149,-0.42383791,0.671684028,0.971247504,13.2,35.4
Gm43213,14.03352525,0.749314631,1.766763809,0.424117036,0.671480462,0.971247504,12.6,17.8
Gm43254,4.675622184,-0.877474231,2.085832937,-0.420682891,0.673986656,0.971247504,3.4,11.6
Gm43274,15.77943038,-0.585634126,1.364395579,-0.429226051,0.667758727,0.971247504,16.6,34.3
Gm43513,13.52347357,0.528067168,1.250727104,0.422208143,0.672873098,0.971247504,10.7,20.7
Gm43658,4.359117011,1.233745083,2.904039556,0.424837561,0.670955094,0.971247504,7.5,10.2
Gm45718,28.38777428,-0.38299774,0.909877667,-0.420933224,0.673803844,0.971247504,26.3,64.8
Gm45867,9.507035042,-0.628598189,1.46429572,-0.429283634,0.667716825,0.971247504,8.8,21.1
Gm47643,9.320862398,-0.685312384,1.621621595,-0.422609311,0.672580332,0.971247504,12.1,18.7
Gm49085,2.566020996,1.168130167,2.753176618,0.424284501,0.671358341,0.971247504,8.7,10.8
Gm5575,9.805849496,0.584831488,1.382270677,0.423094765,0.672226122,0.971247504,6.3,12.8
Gm8130,5.75179004,0.345170711,0.811080763,0.425568855,0.670422039,0.971247504,6.9,10
Hdlbp,367.6360465,0.092428594,0.214426414,0.431050414,0.666431714,0.971247504,315.8,633.9
Helq,66.60815253,-0.218613184,0.519717739,-0.420638297,0.674019224,0.971247504,45,121.3
Hip1,696.4661114,-0.102144834,0.238213111,-0.428796021,0.668071675,0.971247504,424.9,1271.8
Hoxb4,7.302479453,-0.543068472,1.290499319,-0.420820425,0.673886216,0.971247504,13.6,17
Hspa2,15.4947239,0.634484082,1.486134058,0.426935968,0.669425967,0.971247504,13.2,22
Imp3,201.6925519,0.119261411,0.277991359,0.429011215,0.667915063,0.971247504,181.6,361.9
Ippk,31.63843377,-0.36174773,0.856042432,-0.422581541,0.672600597,0.971247504,19.9,62.3
Kifc3,2.693046286,1.126368052,2.670652297,0.421757656,0.673201916,0.971247504,1.9,2.7
Lemd3,92.92444793,0.222119933,0.513947246,0.432184304,0.665607466,0.971247504,89.4,147.2
Lgals4,110.2276787,0.225215911,0.521404781,0.431940633,0.665784562,0.971247504,76.5,175.2
Lig1,290.4342374,-0.136195845,0.315629642,-0.431505242,0.666101042,0.971247504,223.1,537.9
Lmf2,93.55499456,0.19643476,0.461708966,0.425451473,0.67050759,0.971247504,88.4,150.6
Lrrc58,123.7744562,0.19463513,0.450182888,0.432346797,0.66548938,0.971247504,108.2,201.1
Me1,3.908082152,-1.119201392,2.596620304,-0.431022352,0.666452118,0.971247504,18.8,8.2
Mea1,162.3765354,-0.156959333,0.373295926,-0.420468914,0.674142934,0.971247504,118.6,291.7
Med8,141.9818258,-0.150259101,0.356725223,-0.421218046,0.673595868,0.971247504,110.8,265.8
Mettl21a,50.77369609,-0.302550734,0.714944361,-0.423180811,0.672163346,0.971247504,33.9,107.3
Mrps12,120.4326868,-0.186074438,0.435755052,-0.427016134,0.669367576,0.971247504,85.7,221.9
Mta2,812.8815601,0.070909391,0.165868394,0.427503936,0.669012319,0.971247504,640.8,1421.4
Ndufs1,187.6472123,0.192277815,0.452186131,0.425218294,0.67067755,0.971247504,167.4,306
Neb,176.4501882,0.180091505,0.41647037,0.432423331,0.665433764,0.971247504,122.4,290.2
Nprl3,65.19405605,0.180827729,0.429087729,0.421423677,0.673445732,0.971247504,53.7,104.3
Nsmf,89.9087815,-0.152028249,0.352028157,-0.431863889,0.665840342,0.971247504,61.6,171.2
Numbl,17.51951549,-0.423704616,0.986947269,-0.429308262,0.667698905,0.971247504,13.1,37.5
Nupr1,16.78666756,0.695543662,1.653403206,0.420673953,0.673993184,0.971247504,32.7,23
Oat,98.08227113,0.219328213,0.519328377,0.4223305,0.672783799,0.971247504,94,163.5
Otud6b,54.29037721,-0.263404154,0.614177244,-0.428873191,0.668015511,0.971247504,40.1,102.2
Paxbp1,95.53080708,0.202235522,0.473313787,0.427275791,0.669178464,0.971247504,76.3,160.2
Pcdh1,2.330949685,1.229030778,2.919817906,0.420927201,0.673808242,0.971247504,3.7,1.8
Plcb2,75.75787452,0.202428565,0.470315625,0.430410035,0.666897397,0.971247504,72.3,122.9
Plec,532.8170813,0.094656962,0.222857116,0.424742832,0.671024156,0.971247504,437.4,929.9
Pnpla6,99.37455676,-0.171676981,0.399898511,-0.429301377,0.667703915,0.971247504,71.2,179.3
Pold4,141.7908838,0.204937085,0.479685799,0.42723192,0.669210414,0.971247504,111.7,224.5
Polr1a,104.2418718,0.195366372,0.463031893,0.421928542,0.673077176,0.971247504,82.3,167.1
Ptrh2,75.93692958,-0.233483291,0.543166009,-0.429856226,0.667300229,0.971247504,51.6,146.3
Rad51d,76.67147472,0.222556952,0.518696914,0.429069357,0.667872751,0.971247504,62.7,122.9
Rasa4,49.64181765,-0.337831203,0.78876774,-0.428302509,0.668430892,0.971247504,50.9,93.7
Rfk,158.72234,-0.139743901,0.32638267,-0.428159684,0.668534866,0.971247504,119.8,291.4
Rftn2,10.83304827,-0.652179362,1.545131348,-0.422086681,0.672961749,0.971247504,6.9,22.8
Rpl10a-ps1,32.02777164,0.13023247,0.30292651,0.429914404,0.667257908,0.971247504,26.6,54.2
Rpl26,1074.653692,-0.083991054,0.197214969,-0.425885793,0.670191067,0.971247504,842.4,1931.6
Rpl30-ps9,3.526223697,-0.67888586,1.578828229,-0.42999349,0.667200377,0.971247504,3.2,6.6
S100a10,2185.447138,-0.053754686,0.125725619,-0.427555544,0.668974738,0.971247504,1701.4,3931.3
Sap18,80.38096455,-0.239247877,0.566342117,-0.422444084,0.672700906,0.971247504,54.4,152.9
Senp7,310.3376039,-0.075666376,0.176051922,-0.429795797,0.66734419,0.971247504,229.9,572.9
Slc52a3,26.41770477,-0.419450495,0.982386897,-0.426970775,0.669400614,0.971247504,18.8,55.9
Smu1,225.343941,-0.09225608,0.219119587,-0.421030733,0.67373264,0.971247504,163.8,404.9
Snx17,214.4387548,-0.110513109,0.260636408,-0.424012554,0.671556658,0.971247504,170.6,389.7
St7l,69.04771794,0.220153653,0.516655378,0.426113155,0.670025395,0.971247504,61.4,115.1
Taf1a,22.44890463,-0.373265809,0.887595663,-0.420535864,0.674094035,0.971247504,21,47.5
Tango6,40.6401786,0.418426972,0.985157214,0.424731166,0.671032661,0.971247504,38.4,58.2
Tbc1d31,88.71809815,0.240005001,0.556450219,0.431314414,0.666239771,0.971247504,83.4,149
Tgtp2,14.8417366,0.623845794,1.450088724,0.430212154,0.667041321,0.971247504,9.9,21.4
Tial1,307.3460247,-0.086754644,0.202174031,-0.42910874,0.667844092,0.971247504,248.9,575.7
Tmed8,102.4919442,-0.278703933,0.654867384,-0.425588355,0.670407827,0.971247504,69.5,201.3
Tnfrsf23,17.61130798,0.591102851,1.396794616,0.42318523,0.672160122,0.971247504,12.6,22.5
Tpd52l2,93.46153641,0.251616269,0.593931845,0.42364502,0.671824717,0.971247504,95.5,152.3
Tusc3,87.78902072,-0.197558344,0.469622338,-0.42067493,0.67399247,0.971247504,57.1,157.8
Tyw1,94.54188333,0.269196473,0.629184711,0.427849674,0.668760569,0.971247504,73.2,150
Uba52-ps,2.005143168,0.390768953,0.92605122,0.421973369,0.673044456,0.971247504,1.6,2.8
Uxs1,94.25678666,-0.271028045,0.631427672,-0.429230547,0.667755455,0.971247504,85.6,185.2
Vmn2r96,38.02536251,0.465243514,1.09837292,0.423575186,0.671875655,0.971247504,22.5,57.3
Washc2,108.069331,0.249526741,0.578622957,0.43124238,0.666292141,0.971247504,85.3,171.5
Wdr45b,149.0744145,-0.210164161,0.49049284,-0.428475493,0.668304972,0.971247504,118.9,278.5
Zfp318,384.0055656,-0.128265925,0.297386127,-0.431311059,0.66624221,0.971247504,234.5,693.8
Zfp346,108.1633004,0.213886229,0.503628217,0.424690718,0.671062151,0.971247504,65.2,163
Zfp597,18.27916928,-0.534616694,1.268120966,-0.42158178,0.673330308,0.971247504,10.1,37.5
Znhit3,31.11049386,-0.361053016,0.854450624,-0.42255574,0.672619424,0.971247504,23.7,63.3
Zswim7,16.94607034,-0.5964623,1.386142894,-0.430303616,0.666974797,0.971247504,8.5,35.6
Gm37639,55.94626114,0.306237978,0.728878434,0.420149594,0.674376175,0.971384095,49.5,86.1
Wdr11,61.77396931,-0.20864152,0.496528059,-0.420200866,0.674338722,0.971384095,49.8,117.7
Gm49041,14.91321442,0.517850372,1.2335183,0.419815719,0.674620081,0.971436304,11.4,22.6
Ubtfl1,14.72506302,0.609377082,1.451418807,0.419849239,0.674595592,0.971436304,13.8,19.9
Xndc1,74.71833931,0.250314084,0.596210491,0.419841798,0.674601028,0.971436304,63.8,122.4
Zfp821,35.25055674,-0.305011705,0.72697981,-0.419560077,0.674806858,0.971605566,32.3,69.7
9330162G02Rik,167.907262,0.22659578,0.540228573,0.419444272,0.674891475,0.9716136,131,271.2
Dffb,45.94183751,-0.278802619,0.66482417,-0.41936294,0.674950904,0.9716136,45.2,88.8
Blcap,59.81688198,-0.190402961,0.454559206,-0.418873841,0.675308336,0.971686087,56,113.1
Cxcr5,24.32533152,0.465033901,1.110321707,0.418828073,0.675341786,0.971686087,19.8,39.5
Fpr2,7.307290564,-0.754485471,1.800527842,-0.419035715,0.675190031,0.971686087,5.9,15
Lonp2,166.6372297,-0.211257468,0.504004809,-0.419157644,0.675100925,0.971686087,134.2,328.5
Tmem115,46.70993916,-0.287010846,0.685438979,-0.418725597,0.675416687,0.971686087,35.7,95.3
Trappc6b,104.9281139,0.239340924,0.571528008,0.418773745,0.675381494,0.971686087,114.8,178.7
Osgin2,53.08965936,0.216068287,0.516285827,0.418505168,0.675577809,0.971818262,48,89.1
9130002K18Rik,21.42219658,-0.412001117,0.985525802,-0.418052086,0.675909035,0.971961385,18.4,45.7
Elovl6,75.84953302,0.191714385,0.4586211,0.418023472,0.675929956,0.971961385,51.6,122.4
Gm43197,13.96135432,0.643721562,1.540032577,0.417992172,0.675952841,0.971961385,10.7,17.5
Ints8,76.27856267,0.279324248,0.668255608,0.41799013,0.675954334,0.971961385,71.7,119.7
Dpp7,19.6820199,-0.391544309,0.937820163,-0.417504682,0.6763093,0.972317526,18.4,37.7
Elk3,436.6110672,0.121815147,0.291856914,0.417379685,0.676400712,0.972317526,362.3,754
Gm19557,33.41625438,0.395347789,0.947242176,0.417367173,0.676409862,0.972317526,21.5,49.6
Psma1,306.1211537,-0.116764253,0.279934504,-0.417112757,0.676595935,0.972385801,236.3,559.2
Zfp672,93.88427307,0.207415183,0.497160939,0.417199275,0.676532655,0.972385801,66.8,147.2
A130014A01Rik,12.18334012,-0.460874038,1.110773833,-0.414912581,0.678205899,0.972424097,13.8,24.4
Atrip,77.12638949,-0.217815478,0.523718834,-0.415901557,0.67748204,0.972424097,49.9,144.4
C330011M18Rik,7.382429542,-0.597150364,1.441013268,-0.414396159,0.678584001,0.972424097,6.4,14.6
Cavin3,12.12620684,0.563462887,1.363984118,0.413100769,0.679532786,0.972424097,20.8,17.8
Ccdc28b,23.74800705,0.625392156,1.50901707,0.414436767,0.678554267,0.972424097,12.8,33.3
Cdk2ap2,661.9354498,0.070673605,0.169599663,0.416708402,0.676891708,0.972424097,511.6,1140.4
Csf2rb2,40.51685732,0.461442407,1.115202869,0.413774408,0.679039328,0.972424097,60.9,60.4
Dcp1a,127.4071066,-0.171626853,0.411715486,-0.416857902,0.676782348,0.972424097,83.3,241.6
Dnajc24,71.73934634,0.227496468,0.550123556,0.413537042,0.679213189,0.972424097,53,116.5
Dnttip1,95.74752514,-0.237904917,0.573033351,-0.415167663,0.678019169,0.972424097,71.2,182.4
Ehd2,7.08472304,-0.694746516,1.674890195,-0.414801232,0.678287418,0.972424097,8.2,15.4
Eif2b4,112.4994323,0.172341305,0.41498163,0.415298635,0.677923301,0.972424097,100.9,201.3
Ftl1,3.383309284,-0.878425126,2.10986665,-0.416341538,0.677160101,0.972424097,1.3,8.4
Gm15446,25.32268343,0.291656398,0.702529335,0.415151914,0.678030698,0.972424097,26,38.9
Gm17241,404.8181186,-0.106965189,0.257826733,-0.414872376,0.678235333,0.972424097,301.1,742.2
Gm42702,9.722251362,0.744266843,1.800278318,0.413417656,0.679300641,0.972424097,11.8,12.3
Gm4432,5.903822026,-0.926426943,2.227242612,-0.415952415,0.677444824,0.972424097,3.8,11.4
Gm47092,3.923523883,-1.157733339,2.800100844,-0.413461301,0.67926867,0.972424097,2.8,10.3
Gm9130,2.953611485,0.692699585,1.665432927,0.415927639,0.677462954,0.972424097,1.5,13
Gpr19,12.8462108,-0.490109711,1.184270452,-0.41384948,0.678984344,0.972424097,11.4,27.1
Ikbkg,91.93713377,0.226620911,0.545556748,0.415393837,0.677853617,0.972424097,65,156.6
Irf2bp2,195.8285268,0.188281121,0.454152829,0.414576567,0.678451906,0.972424097,213.9,320.6
Lpgat1,174.2994081,-0.165246264,0.399165475,-0.41397935,0.67888923,0.972424097,145.6,327.6
Lzic,76.53585861,0.243766601,0.589060415,0.41382275,0.679003921,0.972424097,68.5,117.2
Matr3,521.6486113,0.098799853,0.239100381,0.413214954,0.679449133,0.972424097,419.3,909.5
Mnt,181.3518071,0.145305306,0.349367584,0.415909525,0.67747621,0.972424097,161.4,299.9
Plekhm3,77.53384938,0.257909341,0.620368741,0.415735552,0.677603523,0.972424097,79.7,129.9
Rcl1,79.70582693,0.22342971,0.539445774,0.414183818,0.678739492,0.972424097,67.2,134.5
Rhbdd1,63.06603956,-0.234647573,0.567310272,-0.41361418,0.679156687,0.972424097,51.7,124
Scfd1,213.9744569,0.164743566,0.398703413,0.413198284,0.679461345,0.972424097,165.9,351.1
Spred1,104.1628635,-0.223604448,0.540785682,-0.413480711,0.679254452,0.972424097,94.4,197.2
Stk17b,3128.535843,-0.04876264,0.117271987,-0.41580808,0.677550446,0.972424097,2203.9,5705.2
Taf5,54.85529731,0.288099091,0.692746004,0.415879831,0.677497939,0.972424097,52.1,85.8
Tcf3,155.7790274,0.169859925,0.411165922,0.413117713,0.679520372,0.972424097,156.8,278.9
Ubc,1096.668221,0.047306053,0.113894359,0.415350276,0.677885502,0.972424097,847.8,1896.6
Ube2e3,55.46976938,-0.297527317,0.714105984,-0.416643081,0.676939493,0.972424097,53.8,112.8
Ubxn8,167.6764625,-0.218854996,0.527254095,-0.415084488,0.678080054,0.972424097,118.6,320.9
Wdr73,41.59913891,0.33311193,0.801704683,0.415504533,0.677772597,0.972424097,30.2,63.7
Ythdf1,291.5575297,0.13299147,0.320578439,0.414848453,0.678252847,0.972424097,250.8,499.6
Zbtb43,73.09340429,0.314856666,0.758447407,0.415133156,0.678044428,0.972424097,50.8,118.7
Zc3h12a,171.228739,-0.141044097,0.341019632,-0.413595241,0.679170559,0.972424097,115.7,317.9
Zfp26,45.06835903,0.322646007,0.776068072,0.415744468,0.677596998,0.972424097,29.4,71
Gm26836,38.54428925,0.462151195,1.120457912,0.412466359,0.679997633,0.972791721,26.8,50.2
Gnrh1,8.973604068,-0.582992489,1.413012111,-0.412588458,0.679908159,0.972791721,4.5,19.8
Tmem63b,47.9449148,0.303516105,0.735739161,0.412532214,0.679949374,0.972791721,42.3,74.5
4930550C14Rik,4.171822501,0.955462563,2.32000256,0.411836857,0.680459005,0.97299135,5.7,11.9
9130401M01Rik,70.93371856,0.233299213,0.566100869,0.412115977,0.680254419,0.97299135,64.7,115.7
Bicd2,146.0000256,0.165103198,0.40101974,0.411708406,0.680553163,0.97299135,115.1,241.5
Car7,11.56972391,0.564178759,1.3696008,0.411929344,0.680391212,0.97299135,10.5,15.4
Elf4,369.6168504,-0.109432534,0.265779142,-0.411742369,0.680528266,0.97299135,235.4,673.1
Snx12,132.1537934,-0.149807797,0.363535217,-0.412086066,0.680276341,0.97299135,92.2,251.2
Bag2,11.81092328,-0.669531797,1.627926429,-0.411278904,0.680868037,0.973074703,11.8,28.2
BC147527,38.00890952,-0.281316252,0.684186392,-0.411169025,0.680948599,0.973074703,27,71.8
Bet1l,96.33532897,-0.239769713,0.584230977,-0.410402259,0.681510889,0.973074703,75.7,189.9
Eea1,444.704041,0.112753339,0.274705602,0.410451547,0.68147474,0.973074703,329.9,759.1
Gm11604,7.100384132,-0.39052986,0.949585166,-0.411263648,0.680879222,0.973074703,6.5,13.5
Gm43484,39.30468112,0.30443873,0.739869827,0.411476072,0.680723483,0.973074703,40.4,64.1
Gpr107,122.6739132,0.118847373,0.289478793,0.410556406,0.681397835,0.973074703,92.2,208.4
Lipa,162.8520465,-0.139537568,0.339707836,-0.410757579,0.681250301,0.973074703,130.1,299.5
Naa60,12.48278691,-0.436795109,1.063590539,-0.410679762,0.681307369,0.973074703,8.6,27.7
Pdlim2,236.1874663,-0.149153057,0.363433735,-0.410399594,0.681512844,0.973074703,190.8,451.5
Pilra,5.897391394,-0.698123263,1.698678504,-0.410980218,0.68108704,0.973074703,31.7,12.5
Taf4b,53.45174259,0.3922537,0.954087736,0.411129591,0.680977513,0.973074703,56.9,81.7
Tbx15,2.730364711,-1.201987945,2.928672307,-0.410420771,0.681497312,0.973074703,2.3,5.9
6530409C15Rik,10.42008286,0.587752473,1.432529819,0.41028987,0.681593322,0.973090609,9.4,16.7
Fcf1,109.7271675,0.136958338,0.33394983,0.410116508,0.681720484,0.973146211,88.3,189.4
Plod2,184.4957121,0.215078041,0.524519556,0.410047706,0.681770953,0.973146211,197,297.8
Ccnd1,74.4323993,-0.41499068,1.01276415,-0.409760436,0.681981691,0.973348018,70.7,132.9
Irf5,59.06252045,0.242128433,0.591048175,0.409659387,0.682055826,0.973354837,65.1,92.9
Zfp324,11.24414247,-0.527599615,1.28881191,-0.409368979,0.682268901,0.973559915,4.8,22.7
Cenpc1,154.9949642,0.167288319,0.409870025,0.40814968,0.683163789,0.974159382,121.4,252.6
Gm47015,97.61292395,0.204091295,0.500137099,0.408070698,0.683221772,0.974159382,63.6,164.9
Leng8,87.86486628,0.176865078,0.433426037,0.408062883,0.683227509,0.974159382,57.9,145.3
Mdh1,487.8357082,0.062555944,0.153218879,0.408278303,0.683069367,0.974159382,405.7,847.6
Serpinb9b,88.06990614,0.33178692,0.81285296,0.408175816,0.683144602,0.974159382,55.5,130.8
Tmtc4,39.23394159,-0.343248028,0.84043863,-0.408415339,0.682968774,0.974159382,24.7,81.3
Urm1,55.0452435,-0.192492449,0.471442234,-0.408305483,0.683049414,0.974159382,42.1,103.6
Wdyhv1,195.7172395,-0.146448151,0.358906374,-0.408039984,0.683244321,0.974159382,113.2,355.8
Ghdc,17.30622945,0.472839803,1.15967429,0.407735006,0.683468234,0.974280671,23.3,26
Ralgapa2,192.6639174,-0.180991721,0.443887118,-0.407742676,0.683462603,0.974280671,142,368.8
4933433G19Rik,7.359155866,-0.876537511,2.154885352,-0.406767585,0.684178696,0.97436167,5.4,17.9
Atpsckmt,58.29518993,-0.232282328,0.571761923,-0.406257078,0.684553719,0.97436167,36,109.8
Cdkn2aipnl,187.1755488,0.135246538,0.332929641,0.40623159,0.684572445,0.97436167,149.9,305.4
Chpf2,12.84938196,-0.624577762,1.537840213,-0.406139569,0.684640053,0.97436167,11.3,30.4
Cnot7,205.5066122,0.12612868,0.3103508,0.406406815,0.684443713,0.97436167,136.3,348.2
Foxred2,72.09829732,-0.241449255,0.594725009,-0.405984701,0.684753842,0.97436167,43.5,135.5
Gatad1,188.1265726,-0.120062536,0.294686865,-0.407424119,0.683696516,0.97436167,133.5,350
Gm36964,4.404799176,0.455861935,1.122444823,0.406133046,0.684644846,0.97436167,9.1,7.6
Gm37274,36.95586658,0.404136389,0.992396245,0.407232888,0.683836949,0.97436167,29.6,52.7
Gm6394,8.991858082,-0.214971127,0.527960868,-0.407172462,0.683881326,0.97436167,18.1,17.1
Hist1h2bj,4.086064395,-0.926766814,2.282352979,-0.406057618,0.684700265,0.97436167,4.8,9.5
Mydgf,127.3897781,-0.15699331,0.386374032,-0.406324692,0.684504045,0.97436167,98.4,235.9
Nmd3,139.9406455,0.168402652,0.413256055,0.407501958,0.683639356,0.97436167,111.6,225.9
Plekhf2,113.4620239,-0.193218171,0.475696112,-0.406179841,0.684610465,0.97436167,87.1,211.4
Rdh14,40.41482173,0.363045149,0.892002491,0.407000151,0.684007877,0.97436167,33.2,59.3
Rnf213,1489.42644,0.056069582,0.138078873,0.406069232,0.684691732,0.97436167,1147,2623.2
Tdrd7,45.44332757,0.309842292,0.761527335,0.406869561,0.684103794,0.97436167,33,69.9
Tollip,204.9979369,0.109742973,0.270332043,0.405956215,0.684774772,0.97436167,154.1,344.9
Hivep2,437.6389209,0.079358259,0.195549767,0.405821292,0.684873913,0.974403943,337.6,744.1
Cd151,28.18291443,-0.348440168,0.858996826,-0.405636153,0.685009961,0.974498711,25.3,55
Arcn1,394.0797311,-0.092252119,0.227590129,-0.405343236,0.685225229,0.9745086,304,717.9
Hsh2d,49.44243915,-0.360974027,0.890298179,-0.405452955,0.685144593,0.9745086,33.2,99.2
Psmd5,70.84834988,-0.239229629,0.590120915,-0.405390866,0.685190224,0.9745086,72.4,141.7
G3bp2,244.0483241,-0.133549949,0.329721724,-0.405038369,0.685449308,0.974582943,182.4,463.1
Rev1,30.38357877,-0.43508327,1.074560387,-0.404894201,0.685555281,0.974582943,24.9,60.6
Snrpb2,547.3040431,0.064322553,0.158772143,0.405124929,0.685385683,0.974582943,421.7,952.6
Thap6,51.41229885,-0.337954281,0.834494283,-0.404980942,0.68549152,0.974582943,43.2,97
4930512H18Rik,2.384772517,-0.896447928,2.216316804,-0.404476439,0.6858624,0.974849483,5.3,5.6
Rph3al,8.070458926,-0.575321182,1.422628401,-0.40440721,0.685913299,0.974849483,6.7,18.1
Snora57,13.05226042,0.641617891,1.586765999,0.404355709,0.685951165,0.974849483,15.3,18.5
Bckdk,112.6853006,-0.15206371,0.3763985,-0.403996588,0.686215228,0.975123572,90.1,208.7
Gid8,158.0864674,0.155241442,0.384379928,0.403874996,0.686304644,0.975123572,142.5,263.5
Ifi205,2.193051945,-0.845781729,2.094824048,-0.403748339,0.686397789,0.975123572,7.6,10.4
Kifc2,22.99923483,0.490802531,1.215713942,0.403715475,0.686421959,0.975123572,14.2,32.5
Gm24794,1.971633109,1.180740655,2.926887126,0.403411749,0.686645345,0.975342183,5.3,6.4
Ccdc107,109.1511457,-0.160745882,0.398696506,-0.403178557,0.686816873,0.975487096,84.3,201.4
D2hgdh,44.36953622,-0.272075482,0.675151265,-0.40298448,0.686959642,0.975591136,27.4,84.8
2-Sep,374.775978,-0.119776924,0.304865191,-0.392884878,0.694404511,0.975854491,311.1,698.6
2810402E24Rik,41.28298893,-0.276057999,0.694256223,-0.397631293,0.69090199,0.975854491,35.1,79.4
2810405F17Rik,8.693858066,0.724984976,1.822606821,0.397773655,0.690797039,0.975854491,8.1,12.4
3300002I08Rik,6.091975185,0.781664265,2.004840846,0.389888438,0.696619044,0.975854491,10.2,7.4
4632404H12Rik,18.19447741,0.516532143,1.325410354,0.389714884,0.696747389,0.975854491,28.6,30.1
6430710M23Rik,24.19838007,0.566893089,1.427901361,0.397011379,0.691359069,0.975854491,13.2,37.6
AC129188.1,21.11299986,0.44208277,1.12251652,0.393831861,0.69370518,0.975854491,17.3,27.8
AC137605.2,17.60710382,-0.537520923,1.377957907,-0.390085154,0.69647358,0.975854491,11.7,40.1
Acp1,31.59061471,-0.353293552,0.881900325,-0.400604855,0.688711071,0.975854491,27.9,58.6
Adam15,28.22755099,-0.334731785,0.866217583,-0.38642922,0.699178813,0.975854491,25.8,57.1
Ahcyl1,383.7563579,-0.094855351,0.239146367,-0.396641404,0.691631916,0.975854491,290.4,692.5
Alkbh5,604.8278861,-0.068413333,0.17199749,-0.397757741,0.69080877,0.975854491,426.3,1128.9
Amigo1,19.97755158,-0.54863242,1.398940019,-0.392177229,0.694927268,0.975854491,12.4,43.5
Art3,4.30720464,0.929356053,2.339364269,0.397268636,0.691169373,0.975854491,4.1,13.5
Arxes2,9.075798271,0.599098284,1.510069488,0.396735573,0.691562465,0.975854491,8.1,12.9
Atp6v1e1,357.28759,-0.100659184,0.253666543,-0.39681695,0.691502451,0.975854491,261.5,619.9
Atp9b,177.3632599,-0.100950477,0.256280161,-0.393906719,0.69364991,0.975854491,147.6,323.5
Aup1,339.9668105,0.080710568,0.204031439,0.395579076,0.692415575,0.975854491,267.8,588.5
Bet1,79.21187393,0.337637896,0.853172058,0.395744203,0.692293743,0.975854491,82.5,130.1
Bst1,6.04764903,-0.615536349,1.567103712,-0.392785968,0.694477569,0.975854491,6.3,13
Btg1,4082.890321,0.045840881,0.116898545,0.392142444,0.694952968,0.975854491,3040.6,7119.4
C1rl,2.665876384,1.143749218,2.915195123,0.392340536,0.694806616,0.975854491,10.7,10.4
C230037L18Rik,9.010903055,0.58197399,1.47053886,0.395755601,0.692285334,0.975854491,12.4,11.9
C920021L13Rik,18.36289125,0.568947337,1.449883417,0.392409024,0.694756019,0.975854491,20.7,26.2
Caap1,75.93198127,0.206643994,0.528775874,0.390796941,0.695947336,0.975854491,75.5,124.2
Camk2b,81.1816189,-0.219766144,0.562027148,-0.391024072,0.695779443,0.975854491,56.4,150
Caml,82.90267701,0.17653924,0.457063011,0.386247051,0.69931371,0.975854491,70.7,137.8
Cbarp,65.15153544,-0.253901353,0.649536741,-0.39089606,0.695874066,0.975854491,44.6,120.4
Ccdc125,55.57779981,0.218477925,0.561705046,0.388954892,0.697309515,0.975854491,41.9,85.7
Ccdc88c,789.8951631,0.076748026,0.193525056,0.396579271,0.691677741,0.975854491,554.6,1372.7
Cd300a,8.707940355,-0.644227017,1.606561716,-0.400997367,0.688422063,0.975854491,8.2,17.2
Cd99l2,70.27421256,-0.240419107,0.615861526,-0.390378513,0.696256674,0.975854491,46.6,134.2
Chtf8,34.97202021,0.198696995,0.503754537,0.394432169,0.693261997,0.975854491,30.8,56.9
Cntrl,1457.161886,0.067788155,0.173475639,0.390764696,0.695971173,0.975854491,1020.7,2568.2
Comtd1,32.36224263,0.31433901,0.783409843,0.401244653,0.688240008,0.975854491,33,48.4
Cradd,19.46575102,-0.457987207,1.149788716,-0.398322927,0.690392162,0.975854491,23.8,43.4
Csf2ra,26.47893208,0.385121428,0.993470851,0.387652468,0.698273235,0.975854491,41.5,37.1
Cwc25,195.238892,-0.090380903,0.232446402,-0.388824703,0.697405825,0.975854491,149.5,361.2
Cxadr,34.65926972,-0.429028077,1.077525604,-0.398160448,0.690511919,0.975854491,13.5,74.4
Cxcl9,127.0260155,0.27165357,0.697392782,0.389527362,0.696886074,0.975854491,150.1,184.4
Ddx24,594.3176125,0.067341278,0.167778409,0.401370347,0.688147478,0.975854491,453.5,1012.4
Ddx58,445.5767285,0.099939307,0.250016068,0.399731535,0.689354263,0.975854491,355.9,783.7
Dnah17,3.044721522,-0.853488788,2.159936663,-0.395145285,0.69273567,0.975854491,1.9,6.2
Donson,122.8882692,-0.154387104,0.386533511,-0.399414537,0.689587784,0.975854491,99.4,233.8
Dot1l,284.923647,-0.107241219,0.270613709,-0.396288939,0.691891886,0.975854491,245.1,511.9
Dstyk,28.26081251,-0.393380224,0.988609986,-0.397912453,0.69069472,0.975854491,21,55.6
Eif2ak3,114.4061197,-0.214317004,0.543823073,-0.394093253,0.693512192,0.975854491,83.3,217.4
Elf2,276.1538097,0.129602693,0.328067653,0.395048678,0.692806964,0.975854491,216.3,457.6
Eny2,201.5804451,-0.149346812,0.381744314,-0.3912221,0.695633074,0.975854491,186.4,378.1
Etv1,6.388790063,0.876604382,2.207124533,0.397170331,0.691241859,0.975854491,11,7.2
Far1os,12.95164853,0.776820566,1.96357408,0.395615614,0.692388616,0.975854491,10.1,14.1
Fbxl18,77.23592689,-0.132997744,0.344155839,-0.386446282,0.699166179,0.975854491,49.4,137.5
Fes,31.25760343,0.474608759,1.22479261,0.387501325,0.698385104,0.975854491,39.9,41.2
Fli1,1003.133426,0.041319563,0.105253892,0.392570405,0.694636802,0.975854491,807,1775
Fmc1,104.3501796,-0.184611891,0.460367064,-0.401010206,0.68841261,0.975854491,87.3,190.2
Gabbr1,228.8065728,-0.119869851,0.305202051,-0.39275572,0.694499912,0.975854491,176.3,417.5
Gapdh,31.95141022,0.317384257,0.813639238,0.390079832,0.696477516,0.975854491,26.6,48.3
Gatd1,134.4179922,-0.112446015,0.286284816,-0.392776734,0.69448439,0.975854491,89.4,251.7
Gbp3,209.6929739,0.087702057,0.222223494,0.394656998,0.693096043,0.975854491,171.1,367.7
Gm12568,15.76846608,0.56487487,1.41497718,0.399211294,0.689737522,0.975854491,13.3,19.8
Gm13063,22.71433727,0.481947206,1.197469283,0.402471456,0.687337091,0.975854491,19.5,36.3
Gm15472,909.3094344,-0.0942172,0.23863465,-0.394817769,0.69297738,0.975854491,615.2,1651.3
Gm16234,11.43289541,-0.760324754,1.928822216,-0.394191205,0.693439878,0.975854491,12.5,25.2
Gm2000,74.09699762,0.119277624,0.308309423,0.386876349,0.698847751,0.975854491,66.3,124
Gm2011,12.80012061,-0.698707152,1.791257369,-0.390065193,0.69648834,0.975854491,6.3,28.6
Gm2225,12.72559364,0.684123278,1.721546068,0.397388888,0.691080708,0.975854491,4.7,15
Gm2531,25.15682495,0.40752964,1.04750041,0.389049624,0.697239438,0.975854491,19.2,38.5
Gm26541,59.53200613,-0.275911593,0.701269835,-0.393445688,0.693990331,0.975854491,47.8,111.1
Gm26835,5.334267419,-0.824971169,2.067746283,-0.398971177,0.689914442,0.975854491,4.5,11.8
Gm29055,7.036694327,0.879429063,2.188777053,0.401790151,0.687838471,0.975854491,11.1,8.7
Gm37069,6.798738458,0.68737176,1.748947904,0.393020146,0.694304602,0.975854491,10,7.9
Gm37289,47.84892382,0.364017449,0.908701849,0.400590633,0.688721543,0.975854491,34.9,75.4
Gm4070,11.07041325,0.701705771,1.777754548,0.394714654,0.693053487,0.975854491,8.6,17.4
Gm42728,25.32703391,-0.433084702,1.094127198,-0.395826649,0.692232916,0.975854491,27,54.5
Gm44045,50.81263877,-0.271301921,0.676782367,-0.400870257,0.688515649,0.975854491,30.1,101
Gm44624,8.180944691,-0.654166241,1.640586552,-0.398739244,0.690085348,0.975854491,4.5,17.1
Gm4468,5.349664675,-0.699381451,1.773109222,-0.394437885,0.693257778,0.975854491,4.7,12
Gm47802,4.515335587,-0.990334142,2.494898088,-0.396943725,0.691408959,0.975854491,1.9,10.3
Gm48529,5.003255646,-0.647105134,1.620908774,-0.39922366,0.689728411,0.975854491,3.5,13.4
Gm49344,28.45227595,-0.532286898,1.373646404,-0.387499211,0.698386669,0.975854491,20.9,65.2
Gm5599,11.60035959,0.490174373,1.241958972,0.394678395,0.69308025,0.975854491,11.2,16.9
Gm7206,2.174743103,-0.688255662,1.760974939,-0.390837852,0.695917094,0.975854491,2.7,5
Gm9917,58.72495922,-0.23403629,0.586676853,-0.398918568,0.689953207,0.975854491,35.8,116
Gna13,937.2984622,0.070347672,0.176295523,0.399032666,0.689869135,0.975854491,691.3,1642.9
Gpr15,4.193902236,-0.966274107,2.493263539,-0.38755394,0.698346161,0.975854491,4.6,10.5
Gstp3,268.9101636,-0.080345818,0.201534971,-0.398669361,0.690136847,0.975854491,213.1,496.6
H2-Ab1,998.2706149,0.26325774,0.666707085,0.39486267,0.692944241,0.975854491,1330.3,1406.2
H2-K2,103.2517944,0.192541621,0.496164156,0.388060319,0.697971396,0.975854491,77.7,172.5
Hmgb1-ps8,150.7754645,0.148737629,0.381456935,0.389919846,0.696595818,0.975854491,93.3,259.4
Hnrnpl,1972.5562,-0.031990045,0.080977801,-0.395047092,0.692808134,0.975854491,1462.3,3535.5
Ifngas1,41.00698872,0.39901724,1.00504383,0.397014765,0.691356572,0.975854491,54.4,67.3
Igsf9b,54.32499738,-0.347460966,0.890992628,-0.389970641,0.696558256,0.975854491,28.3,106.1
Itgal,1841.037969,0.057608624,0.148531362,0.387854948,0.698123379,0.975854491,1301.7,3242.7
Itgb5,54.10305197,0.439090751,1.118393458,0.392608476,0.694608678,0.975854491,79.8,71.3
Kdelc2,24.2567889,0.460000558,1.157091447,0.397549009,0.690962654,0.975854491,19.3,34.7
Lzts2,5.710371627,-0.820178379,2.042873381,-0.401482729,0.688064752,0.975854491,6.6,13.4
Mcc,7.966884663,-0.798836126,2.039802458,-0.391624259,0.695335861,0.975854491,3,17
Mcub,38.27083368,-0.372543334,0.933634831,-0.399024674,0.689875023,0.975854491,22.8,76.6
Mpp5,33.03859118,-0.303226961,0.76549208,-0.396120311,0.692016275,0.975854491,24.6,61.4
Mrps14,159.9759375,0.178809453,0.458669432,0.389843841,0.696652023,0.975854491,133.2,261.3
Mterf1a,5.641249398,0.645417594,1.618984317,0.398655865,0.690146792,0.975854491,4.3,7.3
Mtmr12,118.9048475,-0.142540507,0.355110768,-0.40139731,0.68812763,0.975854491,79.8,222.3
Mtmr9,71.80431672,-0.273998536,0.693982575,-0.394820484,0.692975376,0.975854491,53.3,144.5
Myh9,3735.931675,-0.033282863,0.083684219,-0.39771971,0.690836807,0.975854491,2811.1,6756.6
Myl12b,318.3903056,-0.098487967,0.252140771,-0.390607067,0.696087701,0.975854491,193.1,575.8
N4bp2l1,190.9503408,-0.123266046,0.317528357,-0.388204843,0.697864449,0.975854491,116.1,354.2
Nap1l1,767.9117789,-0.075651309,0.195852456,-0.386266839,0.699299057,0.975854491,621.7,1385.6
Ndufc1,161.9304168,-0.201508051,0.501620171,-0.401714411,0.687894218,0.975854491,140.8,299.9
Nmral1,26.52682359,0.288796714,0.747219919,0.386494935,0.699130153,0.975854491,22.3,39.5
Nol8,199.3291654,-0.157931995,0.39842303,-0.396392737,0.691815324,0.975854491,149.2,379.2
Nop58,447.7925698,0.056810004,0.14652799,0.387707524,0.698232487,0.975854491,352.6,775.8
Nploc4,156.6653135,-0.122714011,0.316697249,-0.387480507,0.698400513,0.975854491,101.7,288.3
Nr3c1,513.5854299,0.085457499,0.216388516,0.394926222,0.692897337,0.975854491,329.8,888.3
Nsdhl,44.89936846,-0.298899292,0.768130112,-0.389125863,0.697183043,0.975854491,29.5,87.3
Nt5m,31.57739152,0.415034496,1.038198581,0.399764076,0.689330293,0.975854491,26.5,48.1
P4ha2,6.848610373,0.736286062,1.864152985,0.394970835,0.692864412,0.975854491,12.8,9.6
Pcyt2,35.14938986,-0.30735938,0.792973362,-0.387603664,0.698309357,0.975854491,20.5,61.4
Pde4dip,104.6125559,0.22208202,0.553366533,0.40132897,0.688177937,0.975854491,71.1,158.9
Pdia4,289.2241956,-0.090969748,0.231831354,-0.392396224,0.694765476,0.975854491,232,523.3
Pdpk1,367.7486764,0.072183853,0.186846197,0.386327653,0.699254023,0.975854491,291,640.6
Phtf1,128.1232611,-0.127664595,0.325275308,-0.392481668,0.694702354,0.975854491,93.2,235.4
Piga,74.46395,0.202469581,0.516928813,0.391677879,0.695296237,0.975854491,67.5,124.2
Pik3c2a,125.2238015,-0.220579956,0.551008376,-0.400320513,0.688920461,0.975854491,80.1,225.5
Pml,312.1765407,-0.111634817,0.284881518,-0.391864021,0.695158688,0.975854491,218.8,601.5
Pnpt1,98.94473681,-0.181657883,0.468314547,-0.387897159,0.69809214,0.975854491,74.7,188.1
Prkar2a,253.1406221,-0.143825319,0.363659694,-0.395494252,0.692478163,0.975854491,206,474.3
Pros1,11.87482872,0.631298152,1.624505963,0.388609317,0.697565174,0.975854491,10.8,15.5
Ptger2,35.3249082,-0.327336137,0.839746397,-0.389803563,0.696681809,0.975854491,17.6,69.3
Rab24,177.2419649,-0.111915077,0.281889908,-0.39701697,0.691354946,0.975854491,145.5,323.7
Raf1,104.835786,0.193501959,0.486789314,0.397506587,0.69099393,0.975854491,76.3,177.4
Rcan3,59.59070312,-0.257899477,0.65310722,-0.394880763,0.692930888,0.975854491,38,114
Rgmb,12.19000765,0.411956446,1.038323154,0.396751671,0.691550593,0.975854491,16.3,16.7
Rgs5,9.864167823,-0.581910743,1.474936894,-0.394532638,0.693187836,0.975854491,10,18.7
Rims3,6.425846759,0.733001561,1.87682094,0.390554872,0.696126289,0.975854491,6.4,7.9
Rnf157,288.6003127,-0.11358257,0.293152642,-0.387451974,0.698421633,0.975854491,201.9,525.8
Rpl17-ps8,5.882649915,-0.377711224,0.972515808,-0.388385691,0.697730632,0.975854491,4.7,11.3
Rpl31-ps11,7.900662544,-0.398274837,1.019590319,-0.39062242,0.696076351,0.975854491,7.3,16.5
Rpusd3,22.01029016,0.419784698,1.085939664,0.386563556,0.699079343,0.975854491,15.4,37.1
Sdhaf3,24.79196513,0.456727369,1.146151117,0.398487915,0.690270564,0.975854491,24.5,37.8
Sfswap,384.167318,0.076557742,0.197497701,0.387638647,0.698283464,0.975854491,291.6,675.9
Sh3bp5l,47.43082951,-0.208759926,0.522971015,-0.399180681,0.689760077,0.975854491,33.9,89.7
Skp1a,448.9947636,0.091062964,0.235280842,0.387039433,0.698727015,0.975854491,394.5,756.1
Slc39a3,40.3052839,-0.308060104,0.78329186,-0.393289041,0.694106012,0.975854491,29.5,75.8
Smyd4,48.81071624,0.264595651,0.671645735,0.393951211,0.69361706,0.975854491,51.5,82.9
Snx10,174.8533547,-0.125894782,0.322770957,-0.390043709,0.696504226,0.975854491,117.6,321.5
Sppl3,138.7599109,-0.164267482,0.417229559,-0.393710078,0.6937951,0.975854491,111,256.8
Taf4,119.662266,-0.142067312,0.354063272,-0.401248373,0.688237269,0.975854491,96.2,227.2
Tgfbi,434.9480947,0.2686936,0.682909296,0.393454302,0.69398397,0.975854491,566.6,617.5
Timm21,46.94006069,-0.338179914,0.845266177,-0.400086887,0.689092522,0.975854491,41.1,88.6
Tlr12,23.49655724,-0.354342855,0.908407036,-0.390070576,0.69648436,0.975854491,25,46.1
Tm7sf2,13.17436836,-0.466941056,1.206153844,-0.387132254,0.698658301,0.975854491,13.7,24
Tmem158,14.29817761,-0.613226316,1.565790366,-0.391640113,0.695324145,0.975854491,10.6,28
Tmem176a,34.4426373,0.328683544,0.842020784,0.390350868,0.696277114,0.975854491,39.2,48.6
Tmem199,59.06935105,-0.286649306,0.734992196,-0.390003197,0.696534183,0.975854491,35.4,110.6
Tmem237,38.91714072,-0.302016441,0.77076116,-0.391841801,0.695175107,0.975854491,25.7,75.2
Trappc5,97.05440045,0.18415654,0.476768482,0.386259887,0.699304205,0.975854491,77.5,162.9
Trbv12-1,2.038658447,-1.159321614,2.938492048,-0.394529437,0.693190198,0.975854491,1.4,5.7
Trim46,32.42730845,0.314116158,0.811005428,0.387316962,0.69852157,0.975854491,21.4,54.8
Tubb5,2684.730665,-0.05812651,0.14937568,-0.389129675,0.697180223,0.975854491,2255.1,4933.7
Txlng,40.00039307,-0.307723723,0.773909022,-0.397622607,0.690908394,0.975854491,36.7,76
Ube2w,88.09700699,0.176707043,0.445398074,0.396739576,0.691559513,0.975854491,74.9,146
Ubox5,21.48694857,0.444077417,1.12262026,0.395572246,0.692420615,0.975854491,16,29.8
Ufl1,149.4718725,0.121525189,0.306411012,0.396608425,0.691656239,0.975854491,116.1,254.3
Usp20,119.4424817,0.137264958,0.345941098,0.396787078,0.69152448,0.975854491,97.1,202.7
Usp37,217.579792,-0.136178523,0.348344961,-0.390930079,0.69584892,0.975854491,151.1,398
Vkorc1l1,40.66615952,0.277796543,0.712842819,0.38970238,0.696756636,0.975854491,46,67.9
Vsig10l,34.64029068,-0.38575933,0.998041581,-0.386516291,0.69911434,0.975854491,22.9,69.1
Wdr59,24.06122285,-0.278654345,0.702695986,-0.396550358,0.691699066,0.975854491,21.2,50.1
Xab2,155.0081221,-0.127304881,0.328401945,-0.387649596,0.698275361,0.975854491,101.2,282
Yod1,91.88033302,-0.199947161,0.511920129,-0.39058273,0.696105693,0.975854491,64.1,185.9
Zc4h2,6.81323365,-0.831896785,2.136976974,-0.389286733,0.697064049,0.975854491,8.6,16.7
Zcchc14,25.27967702,0.508937232,1.283714001,0.396456868,0.691768021,0.975854491,30.5,33.2
Zfp335os,12.5310552,0.640005384,1.629224166,0.392828315,0.69444629,0.975854491,9.5,17.4
Zfp408,33.79105613,0.340382233,0.880610094,0.386530015,0.699104178,0.975854491,29.5,50
Zfp873,14.04076062,0.598086339,1.498185116,0.399207236,0.689740512,0.975854491,12,22.5
Ccdc126,10.84220002,-0.501706981,1.299839075,-0.385976226,0.699514276,0.975940287,7.6,22.2
Mrpl30,216.9405266,-0.118215051,0.306247922,-0.386010949,0.69948856,0.975940287,160,408.2
Gm26637,10.59321936,-0.530508913,1.375867743,-0.385581329,0.699806763,0.975960262,7,24.2
Gm38062,315.5922896,-0.095798057,0.248393645,-0.385670321,0.699740846,0.975960262,211.4,592.5
Pam,16.87092207,0.461734195,1.196943766,0.385760975,0.6996737,0.975960262,15.9,23.1
Pbdc1,121.049712,0.193789739,0.50244029,0.385697053,0.699721045,0.975960262,99.8,192.2
7-Mar,498.2162852,0.080312948,0.211942424,0.378937572,0.704734223,0.976004177,375.4,851.8
1700012D14Rik,12.73924232,0.547523208,1.446924536,0.378404812,0.705129894,0.976004177,11.5,16.1
3300005D01Rik,13.28944305,-0.532227386,1.382421958,-0.384996334,0.700240131,0.976004177,12.5,28.4
4930522L14Rik,17.03883906,-0.52025373,1.426362103,-0.364741694,0.715304232,0.976004177,6.6,36.3
4930578M01Rik,3.571039257,1.059466128,2.893504682,0.366153245,0.714250728,0.976004177,4.4,8.3
5330406M23Rik,292.1041053,-0.110302015,0.290285223,-0.379978057,0.703961704,0.976004177,214,553.1
Abhd12,105.1656909,0.108785226,0.288349332,0.377268869,0.705973805,0.976004177,90.6,185.2
AC137853.2,17.02608194,0.422688134,1.11667473,0.378523954,0.705041403,0.976004177,17.6,26.9
Adcy4,2.850428522,-1.099686177,2.926175659,-0.375810035,0.707058127,0.976004177,0.7,6.3
Adgrl1,231.4810268,0.108756051,0.295041722,0.368612446,0.712416617,0.976004177,177.2,396
Adipor1,414.5145014,0.071788213,0.192043896,0.373811481,0.708544577,0.976004177,362.2,724
Adpgk,74.36352474,0.155975003,0.414267806,0.376507663,0.70653952,0.976004177,80,127.7
Agbl3,7.961767857,0.659289715,1.800571066,0.366155898,0.714248749,0.976004177,9.1,10.9
Ahr,71.21713384,0.29188477,0.802395809,0.363766568,0.71603233,0.976004177,84.4,112.4
Akap12,39.67535836,-0.224197891,0.591825524,-0.378824302,0.70481834,0.976004177,27.4,78.5
Akr1a1,827.4144971,0.075526347,0.205424527,0.367659833,0.713126895,0.976004177,744.5,1426.8
Ankle1,11.17513666,0.633743382,1.672297716,0.378965645,0.704713376,0.976004177,15.8,16.7
Ankrd13c,235.1457762,-0.112116201,0.309093398,-0.362725966,0.716809601,0.976004177,163.4,428
Ap2s1,204.0917739,0.104871669,0.285396378,0.367459705,0.713276144,0.976004177,164.8,334.1
Aplp2,274.0454352,-0.131509332,0.359579135,-0.365731266,0.714565613,0.976004177,186.3,513.5
Appl2,99.14394281,-0.156846594,0.433330548,-0.361956006,0.717384907,0.976004177,88.5,186.6
Arc,6.508522709,0.692191733,1.836312398,0.37694661,0.706213282,0.976004177,4.1,8.8
Arel1,71.83321907,0.197970164,0.531324036,0.372597795,0.709447814,0.976004177,50.8,122
Arf3,617.9893609,-0.075105812,0.206369985,-0.363937671,0.715904553,0.976004177,479.3,1150.9
Arhgap1,178.8872495,-0.143470988,0.387955306,-0.369813187,0.711521689,0.976004177,153.8,344.5
Ascc2,69.1285539,-0.153100182,0.422710264,-0.362187047,0.717212258,0.976004177,50.4,127.5
Asf1a,38.92487441,-0.326618225,0.896395412,-0.36436847,0.715582877,0.976004177,25.1,74.4
Ash2l,184.6546144,0.103945221,0.283670736,0.36642913,0.714044886,0.976004177,148.3,306.5
Atf2,216.252615,-0.118797533,0.319694865,-0.371596626,0.710193202,0.976004177,159.3,403.5
Atg3,224.8571098,0.098894413,0.259931784,0.380462947,0.703601796,0.976004177,173.2,379.5
Atp2b2,49.13969378,-0.320595697,0.87406341,-0.366787687,0.713777393,0.976004177,19.5,95.7
Bcat1,16.21913141,-0.459901892,1.193683569,-0.38527957,0.700030296,0.976004177,10.8,34.1
Bcl2l15,6.54768551,0.747218371,2.017460423,0.370375727,0.711102557,0.976004177,7.6,9
Bcorl1,51.1955734,0.196306578,0.536848786,0.365664565,0.714615391,0.976004177,47.8,82.8
Bloc1s3,19.85366572,-0.343885913,0.930086366,-0.369735462,0.711579606,0.976004177,20.8,39.2
Borcs6,25.97748626,0.273162377,0.726970772,0.375754277,0.707099583,0.976004177,17.2,42.4
C430039J01Rik,6.740761795,-0.549095715,1.506224274,-0.364551099,0.715446523,0.976004177,6.2,15
Calcb,2.292690174,-0.88013865,2.431058245,-0.36203931,0.717322655,0.976004177,2.6,5.8
Car5b,59.27265009,0.25384911,0.697284924,0.364053633,0.71581796,0.976004177,58.8,97.4
Cat,96.60086046,-0.120475579,0.321353392,-0.374900599,0.707734394,0.976004177,78,179.4
Cbfa2t2,49.36719005,-0.269362922,0.71360665,-0.377466945,0.705826625,0.976004177,32.6,101.1
Ccdc112,20.45616338,-0.50757104,1.320585289,-0.384353092,0.700716762,0.976004177,17.8,41.9
Ccn1,6.653899531,-0.662601407,1.750451397,-0.378531736,0.705035622,0.976004177,23.9,13.4
Cdk8,147.4246317,-0.163800826,0.427553986,-0.383111445,0.701637134,0.976004177,108.5,274.2
Cenph,60.86248051,-0.272411484,0.717474966,-0.37968082,0.704182359,0.976004177,45.1,110.6
Cenpo,43.17360493,-0.359912267,0.965266651,-0.372863049,0.709250374,0.976004177,27.8,87.3
Chchd2,340.2862517,0.080019722,0.210158625,0.380758684,0.703382319,0.976004177,253.2,586.7
Chuk,325.9231512,-0.129121257,0.348834348,-0.370150639,0.711270253,0.976004177,251.9,611
Cpne7,4.981784291,-0.821799454,2.27186476,-0.361729038,0.717554525,0.976004177,1.4,10.8
Cspg5,7.260585933,0.619494656,1.62837228,0.380437977,0.703620328,0.976004177,11.4,9.6
Ctla2b,4.457158562,-0.807932221,2.134270283,-0.37855197,0.705020594,0.976004177,3.6,10.8
Ctu1,27.9986017,0.353394035,0.979289605,0.360867749,0.718198314,0.976004177,28.1,43.1
D1Ertd622e,55.31504078,0.278604567,0.737404998,0.377817574,0.705566118,0.976004177,64.7,88.7
D230049E03Rik,34.12694132,0.374824852,1.030902008,0.363589215,0.716164781,0.976004177,28.3,46.8
D8Ertd738e,340.7477332,0.082871835,0.216093503,0.383499891,0.701349151,0.976004177,248.9,583.9
Dcaf12,211.4637541,0.156650389,0.427069364,0.366803153,0.713765855,0.976004177,159.7,358
Ddx19b,130.1432222,0.140932778,0.384518756,0.366517306,0.713979102,0.976004177,95.6,214.2
Ddx39b,736.8801941,-0.057913586,0.156807879,-0.369328291,0.711883041,0.976004177,562.3,1330.7
Ddx60,280.8287516,-0.121560622,0.325700492,-0.373228241,0.708978579,0.976004177,208.6,523.5
Dhrs11,41.26240382,0.212917365,0.582409014,0.365580478,0.714678145,0.976004177,35,65.1
Dhx32,36.63412181,-0.37446011,0.982961285,-0.380951026,0.703239589,0.976004177,24.7,72.8
Dhx38,181.9445216,-0.150981721,0.407089995,-0.370880452,0.710726576,0.976004177,122.8,330.1
Diaph3,85.3096463,0.236898047,0.628562041,0.376888885,0.706256182,0.976004177,65.2,129.7
Dkkl1,64.35957855,0.252777878,0.676963236,0.373399713,0.708850973,0.976004177,49.4,104.2
Dnajc3,521.7308198,-0.073532424,0.196135891,-0.374905499,0.707730749,0.976004177,419.4,962.5
Dnpep,106.4369573,0.156365822,0.424115573,0.368686821,0.712361173,0.976004177,89.4,171
E130311K13Rik,19.78974607,-0.514650988,1.396151421,-0.368621182,0.712410105,0.976004177,21.8,46
Ebpl,154.2618572,0.178163891,0.466315543,0.382067237,0.702411492,0.976004177,108.2,249.3
Eif4g3,1020.674776,-0.055899419,0.15116123,-0.369799977,0.711531533,0.976004177,757.2,1832.2
Elp5,70.43443476,0.216712898,0.581652205,0.372581581,0.709459884,0.976004177,58,111.6
Emg1,498.4625928,-0.066268395,0.178947001,-0.370324143,0.711140987,0.976004177,338.7,886.6
Exosc1,133.5309659,0.137322025,0.363071151,0.378223456,0.705264602,0.976004177,120.7,223.4
Faap24,30.69713999,-0.289531501,0.794111244,-0.364598163,0.715411386,0.976004177,22.9,55.8
Fam217b,8.573269756,0.72596983,1.994108103,0.36405741,0.71581514,0.976004177,13.1,10.1
Fam221b,11.05559226,-0.24358807,0.666960576,-0.365221093,0.714946375,0.976004177,9.1,22.5
Fbrs,231.9451783,0.142389394,0.389810618,0.365278388,0.714903609,0.976004177,184.4,394.8
Fbxl8,86.31870687,-0.162267534,0.432500365,-0.375184733,0.707523084,0.976004177,65.8,165.9
Fbxw7,209.0137958,0.137308253,0.374386363,0.366755486,0.713801414,0.976004177,195.4,359.4
Flot1,212.3570017,0.093645779,0.244894432,0.38239244,0.702170297,0.976004177,152.6,369.7
Fntb,36.08135218,-0.283912531,0.744326616,-0.381435414,0.702880187,0.976004177,31.7,70.5
Gga1,248.5112595,-0.088009349,0.234076193,-0.375985906,0.706927374,0.976004177,188,448.6
Gm10851,6.786444638,0.660360504,1.748149284,0.377748348,0.705617548,0.976004177,6.4,11.6
Gm11737,44.361405,-0.275265841,0.747635721,-0.368181767,0.712737705,0.976004177,35.1,80.2
Gm12276,7.579266562,-0.721295397,1.946328444,-0.370592846,0.710940812,0.976004177,3.3,18.9
Gm12504,11.54458426,0.413944986,1.132663178,0.365461679,0.714766807,0.976004177,12.4,19
Gm13666,2.328644938,0.311432553,0.859328333,0.362413924,0.717042736,0.976004177,1.6,3.3
Gm14326,2.548224115,-1.104906997,2.929753393,-0.377133106,0.70607469,0.976004177,5.1,6.1
Gm15501,30.28291604,-0.148536133,0.403685516,-0.367950117,0.71291043,0.976004177,24.1,56.9
Gm15832,21.80332068,-0.324291238,0.856768629,-0.378505032,0.705055456,0.976004177,20.6,39.4
Gm17655,8.762305772,0.681670832,1.817811583,0.374995318,0.707663949,0.976004177,6,11.3
Gm18811,54.71522397,-0.307003527,0.832398414,-0.36881801,0.71226338,0.976004177,45.2,112.5
Gm25427,2.411072396,-1.061224486,2.931161065,-0.362049189,0.717315273,0.976004177,5.2,6.8
Gm28693,6.210885687,-0.788176309,2.085999714,-0.377841043,0.705548682,0.976004177,4.8,12.5
Gm29666,13.08071216,0.640439814,1.769763261,0.361878805,0.717442599,0.976004177,8.5,18.5
Gm37879,18.63621933,0.479488666,1.294039669,0.370536296,0.710982938,0.976004177,11.3,28.6
Gm38142,9.815817735,0.639838039,1.704544242,0.375371917,0.707383888,0.976004177,7.2,12.9
Gm38309,14.40180411,-0.461657089,1.259291969,-0.366600518,0.713917022,0.976004177,10.1,29.4
Gm40466,11.17269438,-0.626738329,1.734163327,-0.361406748,0.717795404,0.976004177,4.6,23.1
Gm42602,9.970306038,0.674584004,1.782960863,0.378350427,0.705170289,0.976004177,13.8,14
Gm42798,43.01833993,-0.404914635,1.098432533,-0.368629499,0.712403905,0.976004177,17.5,80.8
Gm42850,9.778337866,0.355954156,0.977093147,0.364299102,0.715634671,0.976004177,8.2,15.7
Gm43292,86.06308251,0.193911042,0.531318572,0.364961912,0.715139838,0.976004177,58.3,144.9
Gm43294,4.056807971,0.800225508,2.130952324,0.375524829,0.707270184,0.976004177,5.9,4.9
Gm43707,9.456052012,0.648161084,1.751295016,0.370103882,0.71130509,0.976004177,7.7,12.2
Gm43890,10.76743903,-0.60293747,1.57881733,-0.381891849,0.702541586,0.976004177,10.8,25.6
Gm44552,12.46867236,0.619699167,1.615668055,0.383555994,0.701307561,0.976004177,11.9,17.8
Gm45266,24.78301536,0.381636577,1.017490508,0.375076301,0.707603721,0.976004177,14.5,43.7
Gm45555,84.68326123,0.199152187,0.543065762,0.366718363,0.713829108,0.976004177,56,132.8
Gm45854,17.15083106,-0.399370129,1.098632331,-0.363515725,0.716219668,0.976004177,10,36.2
Gm47503,8.471750248,0.657201588,1.784165765,0.368352314,0.71261055,0.976004177,9.3,13.6
Gm47772,7.374287171,-0.675540579,1.806130489,-0.374026452,0.708384636,0.976004177,6.9,15.7
Gm4841,22.73089424,0.395460992,1.080200651,0.366099569,0.714290779,0.976004177,25.2,34.7
Gm48690,6.353172957,-0.454335779,1.224584222,-0.371012276,0.710628388,0.976004177,5.8,10.9
Gm49785,3.429259473,-0.851574419,2.359091913,-0.360975515,0.718117751,0.976004177,1.4,7.3
Gm5165,25.60365626,0.48520524,1.308710464,0.370750639,0.71082327,0.976004177,13.2,38.9
Gm6322,9.905554816,-0.44999053,1.194718982,-0.376649687,0.706433958,0.976004177,7.4,20.8
Gm8251,20.6459212,0.512270066,1.400870949,0.365679698,0.714604097,0.976004177,11.5,34.5
Gm8253,4.609392767,0.503445669,1.363661747,0.369186619,0.711988629,0.976004177,5.4,7.6
Gm8623,3.86676096,-0.560304491,1.520176277,-0.368578631,0.712441826,0.976004177,4.9,8.7
Gnao1,2.091542452,-1.021129192,2.802103975,-0.364415168,0.71554801,0.976004177,5.8,5
Gramd1b,325.6399643,-0.063812896,0.168028602,-0.379774011,0.704113175,0.976004177,248,593.6
Hba-a2,7.487242541,-0.68111034,1.873194626,-0.363608955,0.716150039,0.976004177,5.3,14
Hdhd2,67.25085845,-0.195817654,0.535632406,-0.365582165,0.714676886,0.976004177,53,128.1
Hikeshi,64.37201296,-0.187074128,0.498318784,-0.375410549,0.707355161,0.976004177,49.9,122.3
Hmg20a,117.4434627,0.135714676,0.36217408,0.374722221,0.707867065,0.976004177,96.5,189.4
Hnrnpul1,683.7368261,0.07604578,0.203500926,0.373687636,0.708636725,0.976004177,493,1195.5
Hspa4,510.4486998,0.07140928,0.195169871,0.365882701,0.714452605,0.976004177,449.9,897.5
Ift52,133.3288431,0.141687651,0.391850416,0.361586067,0.717661378,0.976004177,76.5,222.2
Incenp,270.4814792,-0.094523494,0.246708495,-0.383138383,0.701617162,0.976004177,219.9,489.7
Ing1,188.6496953,-0.09793947,0.267906713,-0.365573035,0.714683699,0.976004177,127.6,339
Inppl1,52.52915729,-0.176884425,0.488953032,-0.361761587,0.7175302,0.976004177,49.5,97.4
Irak1,507.1064305,0.073721469,0.202683571,0.363726911,0.716061946,0.976004177,436.4,876.3
Isca1,87.05474951,0.204798558,0.549352764,0.372799723,0.709297509,0.976004177,64.1,138.5
Kcnc1,20.42097871,-0.389073539,1.063763771,-0.365751823,0.714550272,0.976004177,14.4,43.3
Klhdc3,114.731531,0.151723116,0.41723018,0.363643676,0.716124108,0.976004177,93.7,181.3
Kndc1,10.1684224,0.511567322,1.398826768,0.365711705,0.714580211,0.976004177,6.1,14
Lacc1,29.48874579,-0.325513547,0.853292113,-0.381479615,0.702847395,0.976004177,27.6,52.3
Lrrc4,7.093683859,0.837122191,2.181716495,0.383698887,0.701201638,0.976004177,5.7,7.8
Lrrc41,14.04706213,0.498979602,1.299181617,0.384072247,0.700924901,0.976004177,10.6,20.4
Lrrc8a,40.1591021,-0.314628593,0.862446162,-0.364809546,0.715253579,0.976004177,20.4,79.5
Luc7l,322.3630613,0.097986492,0.258529926,0.379014119,0.704677379,0.976004177,265.5,557.4
Man2b1,600.7662721,0.068094596,0.178082625,0.382376415,0.702182182,0.976004177,468.3,1035.9
Manf,470.185051,-0.071890274,0.190097248,-0.378176301,0.705299629,0.976004177,361.6,832.2
Map1lc3b,316.9908814,-0.104844927,0.277539504,-0.377765779,0.705604597,0.976004177,235.1,582.8
Map3k7,164.80138,0.08478615,0.220866419,0.383879771,0.70106756,0.976004177,142.2,290.3
Mapk3,273.2033095,-0.092575155,0.248311404,-0.372818783,0.709283322,0.976004177,198.4,494.4
Mboat7,162.3082482,0.152334065,0.416049033,0.3661445,0.714257253,0.976004177,131.2,261.8
Mdp1,173.7634482,0.10990329,0.295669805,0.371709548,0.710109115,0.976004177,142.1,294.5
Med28,351.6835887,-0.104624988,0.28158972,-0.371551162,0.710227057,0.976004177,255.5,645.3
Meis2,12.25773961,0.691781165,1.859425346,0.372040301,0.709862844,0.976004177,16.8,17.3
Meis3,29.08783372,-0.269547248,0.700419835,-0.384836686,0.700358417,0.976004177,27,60.8
Mgat5,143.1258747,0.150053158,0.406092354,0.369505007,0.711751342,0.976004177,104.5,230.2
Mier3,115.1461353,-0.154234425,0.425428374,-0.362539111,0.716949202,0.976004177,98,215.9
Mospd1,41.10012692,0.314043171,0.819375547,0.383271349,0.70151858,0.976004177,37.2,63.2
Mrfap1,75.23303004,-0.18166833,0.476414041,-0.381324466,0.702962501,0.976004177,61.8,144.6
Mthfsl,34.77410134,0.361957939,0.988263414,0.36625654,0.714173656,0.976004177,26.8,55.1
Mtx1,71.09383956,0.23043515,0.609975486,0.377777723,0.705595724,0.976004177,71.7,114.7
Myd88,143.2156053,-0.134527066,0.361260474,-0.372382466,0.709608107,0.976004177,112.5,262.4
Nampt,167.1753107,-0.118971711,0.322575101,-0.368818643,0.712262908,0.976004177,134,309.7
Ncbp3,329.5638325,-0.079975079,0.22043337,-0.362808403,0.716748014,0.976004177,259.1,602.6
Ndrg1,79.84058953,-0.34041483,0.894177958,-0.380701433,0.703424805,0.976004177,91.4,152.4
Nebl,16.66777337,0.405356579,1.11376204,0.363952589,0.715893413,0.976004177,12.8,27.5
Nek3,17.96863037,-0.447267026,1.163541659,-0.384401386,0.700680974,0.976004177,11.9,35.5
Nfia,26.98800352,0.394020039,1.054231654,0.373750909,0.708589646,0.976004177,39.7,40.7
Nip7,97.09311396,0.182760339,0.490128805,0.372882265,0.709236072,0.976004177,89.2,156.3
Nkrf,36.15164075,0.362527146,1.002836148,0.361501873,0.717724305,0.976004177,20.1,64
Nop10,277.3976584,-0.117331243,0.317533768,-0.369507923,0.711749168,0.976004177,247.7,497.9
Npc1,110.7246005,-0.137843748,0.363741258,-0.378960991,0.704716832,0.976004177,87.2,201.3
Nr2c2,300.8666285,-0.093543547,0.248541065,-0.376370589,0.706641408,0.976004177,215.2,534.5
Nufip1,65.02449708,0.238536256,0.64303873,0.370951616,0.71067357,0.976004177,47.2,98.7
Omg,9.001978427,0.740067929,1.976030454,0.374522532,0.708015596,0.976004177,13.1,11.1
Opn1sw,5.759706223,0.931939103,2.493627896,0.373728215,0.708606531,0.976004177,5.9,18.4
Pcyox1l,22.75796099,-0.416494976,1.127386499,-0.369434064,0.711804211,0.976004177,21.1,46.8
Pdap1,459.5853918,0.073145987,0.197265509,0.370799675,0.710786744,0.976004177,383.7,796.8
Pdxp,47.22845849,0.23468377,0.641476001,0.36584965,0.714477269,0.976004177,44.7,77.2
Pik3ca,384.1676587,-0.077142011,0.201445772,-0.382941822,0.701762901,0.976004177,288.7,690
Pkp4,259.4219099,-0.169704704,0.446612174,-0.379982263,0.703958582,0.976004177,150.1,457
Pomt2,15.73528411,0.461713136,1.233886932,0.37419404,0.708259958,0.976004177,23.1,24.9
Ppp1r3e,6.621428843,0.468968751,1.250680251,0.374970942,0.707682078,0.976004177,20.4,11.1
Pradc1,34.03791356,0.381795371,1.014699266,0.376264558,0.706720225,0.976004177,15.3,50.1
Prdm16,21.39166162,-0.458667128,1.21951605,-0.376105856,0.706838201,0.976004177,15.2,42.8
Prdm9,23.73948541,-0.464100103,1.250457007,-0.37114439,0.71052999,0.976004177,7.7,44.2
Prdx1,349.7319562,-0.124446357,0.33934088,-0.366729635,0.713820699,0.976004177,311.1,652.1
Prpf19,242.1312625,-0.149420835,0.391661839,-0.381504706,0.70282878,0.976004177,238.6,440.2
Psap,1335.633118,-0.115310267,0.310459715,-0.371417808,0.710326364,0.976004177,1375.9,2340.6
Ptpre,221.6362886,-0.141582133,0.391279031,-0.361844417,0.717468298,0.976004177,173.6,419
Ptprf,2.572042199,1.122046005,2.916285476,0.384751772,0.700421334,0.976004177,11.2,7.1
Pus1,75.55389907,-0.170969478,0.458540216,-0.372856016,0.70925561,0.976004177,53.6,145.1
Rab34,11.09606921,0.555178264,1.537544201,0.361081173,0.718038767,0.976004177,20.7,16
Racgap1,311.2066586,-0.071410523,0.193158329,-0.369699423,0.711606462,0.976004177,252.1,558.9
Ramp1,26.30702962,0.342855299,0.902090655,0.380067455,0.703895344,0.976004177,21.2,40.7
Rbm18,132.9429962,-0.159281013,0.42934904,-0.370982577,0.710650509,0.976004177,79.2,250.2
Rdx,562.4531875,0.089692641,0.233740962,0.383726672,0.701181042,0.976004177,416.9,975.8
Renbp,25.65365475,0.45653587,1.252109023,0.364613513,0.715399926,0.976004177,32.7,35.1
Rexo4,100.6399939,0.124239916,0.341432027,0.363878915,0.715948431,0.976004177,81,180.2
Rhoc,77.99137352,-0.27052668,0.70834892,-0.381911614,0.702526925,0.976004177,71,146.8
Rint1,92.82113361,-0.233040968,0.62270509,-0.374239702,0.708225988,0.976004177,77.1,185.6
Rlim,298.764594,0.142181675,0.386606168,0.367768771,0.713045657,0.976004177,237.4,503.7
Rmnd1,22.16706905,-0.376992542,1.007697632,-0.374112759,0.708320426,0.976004177,12.8,44.7
Rps19-ps7,4.395556084,-0.59532205,1.604041421,-0.371138826,0.710534134,0.976004177,5.4,9.7
Rras2,118.2701205,0.18529784,0.48793812,0.379756844,0.70412592,0.976004177,116.4,205.6
Rtf1,547.3118246,-0.07467436,0.201898563,-0.369860779,0.711486226,0.976004177,424.1,994.5
S1pr5,11.3374881,0.636467201,1.657072305,0.384091388,0.700910714,0.976004177,13.8,16.1
Samd10,55.66022442,-0.230960106,0.61767517,-0.373918392,0.708465033,0.976004177,42,109.4
Sema7a,55.12173603,-0.258291356,0.700219718,-0.368871868,0.712223233,0.976004177,45.4,103
Sf3b6,479.7741359,0.08690409,0.227051827,0.382750012,0.701905128,0.976004177,411,843
Shcbp1,45.74875388,-0.253108744,0.69207703,-0.36572337,0.714571506,0.976004177,28.1,89
Shmt1,26.95561098,-0.321177643,0.857627193,-0.374495638,0.708035602,0.976004177,17.8,52.5
Sigmar1,46.75262438,0.201535841,0.558475583,0.360867776,0.718198294,0.976004177,34.4,71.4
Slc15a2,48.59109221,-0.347329399,0.923326393,-0.376171852,0.70678914,0.976004177,41.2,93
Slc25a39,187.9173358,-0.153876849,0.405201002,-0.379754365,0.70412776,0.976004177,163.6,346.9
Slc35a5,42.93041733,-0.277251433,0.762553624,-0.363582867,0.716169523,0.976004177,31.9,85.8
Slc39a5,3.149005864,-0.384538759,1.042965023,-0.368697655,0.712353097,0.976004177,3.1,7
Slc7a2,2.580547642,0.75087119,2.013189279,0.372975953,0.709166341,0.976004177,3.9,3.3
Slc7a8,20.75619975,0.47523244,1.276479458,0.372299325,0.709670001,0.976004177,28.9,29.7
Slc9a3r1,432.2362628,-0.073703056,0.192291375,-0.383288411,0.701505931,0.976004177,331,800.5
Smarca4,613.8365648,-0.073561032,0.197792331,-0.371910434,0.709959536,0.976004177,469.7,1131
Smim20,105.1201232,-0.175781785,0.486613725,-0.361234746,0.71792397,0.976004177,76.1,208.3
Snap23,81.55178302,-0.235062905,0.648972379,-0.362207872,0.717196697,0.976004177,64.9,160.3
Sorbs3,2.047791504,1.034919865,2.823968318,0.366477152,0.714009059,0.976004177,5.3,7
Sox4,2.120746066,1.038940217,2.762493663,0.376087819,0.70685161,0.976004177,3.9,1.9
Spock2,30.28356584,-0.314117485,0.863834379,-0.363631609,0.71613312,0.976004177,17.3,57.2
Srf,80.27788775,0.174593938,0.464216554,0.376104507,0.706839204,0.976004177,55.2,136.1
Stard3,148.009994,-0.162350499,0.441564525,-0.367671065,0.713118518,0.976004177,99.8,272.1
Strada,127.8269843,-0.123600787,0.33080399,-0.373637536,0.708674004,0.976004177,90.5,228.2
Suco,599.5712757,0.082287028,0.227467271,0.361753266,0.717536418,0.976004177,470.1,1070
Supt7l,53.14448922,0.25625131,0.680838468,0.376376074,0.706637331,0.976004177,49.8,87.4
Suv39h1,86.18586281,0.239678671,0.628632621,0.381269859,0.703003017,0.976004177,69.6,137.6
Swi5,148.1402554,0.091451445,0.24829474,0.368318092,0.712636064,0.976004177,111.1,248.7
Tanc1,54.58432013,0.329018093,0.88190134,0.373078119,0.709090304,0.976004177,71.8,80.5
Tbc1d16,23.69809225,0.4680218,1.286967487,0.363662489,0.716110058,0.976004177,26.7,37.9
Tfam,156.8527631,-0.12892475,0.343655942,-0.375156469,0.707544102,0.976004177,121,292.2
Tha1,5.881091268,-0.548209468,1.45677365,-0.376317534,0.706680845,0.976004177,5.3,11
Tm7sf3,78.58478481,-0.163280232,0.451361474,-0.361750485,0.717538497,0.976004177,51.4,148.2
Tmc8,57.24399098,-0.2412322,0.655602874,-0.367954762,0.712906966,0.976004177,51.6,112.2
Tmem104,26.48212896,-0.294798234,0.816520919,-0.361041864,0.718068152,0.976004177,24.6,51.7
Tmem201,74.37950573,-0.225656608,0.614361148,-0.367302863,0.713393119,0.976004177,59.3,139.7
Tmem38a,2.748122641,0.875934069,2.415493079,0.362631579,0.716880117,0.976004177,1.3,3.2
Tnfaip8l1,34.44684643,-0.324322525,0.848379572,-0.382284694,0.702250206,0.976004177,27.3,64.3
Toe1,36.16354574,-0.370684319,1.019912873,-0.363447044,0.716270965,0.976004177,24.7,73.3
Traj27,143.8899997,-0.151132392,0.405401062,-0.372797229,0.709299365,0.976004177,90.4,258.7
Trim14,20.09679758,-0.371381586,0.977044461,-0.380107151,0.703865878,0.976004177,14.2,44.6
Trp53inp2,64.51102746,-0.295526971,0.786867179,-0.375574149,0.707233512,0.976004177,47,125.5
Tspan17,8.796861045,0.715344578,1.862456352,0.384086627,0.700914243,0.976004177,17.1,10.8
Ttc38,94.04861336,-0.164865007,0.430917094,-0.382591012,0.702023035,0.976004177,71.6,169.3
Txnl4b,14.94371522,-0.467214985,1.224297607,-0.381618801,0.702744137,0.976004177,11.2,31.8
U2af2,91.22390499,0.136338278,0.377197297,0.361450834,0.717762452,0.976004177,69.7,153.9
Ube2z,328.3970463,-0.097785915,0.259560143,-0.376737021,0.706369048,0.976004177,250.4,605.6
Unc50,210.017057,-0.106828403,0.295948766,-0.360969247,0.718122437,0.976004177,165.8,386
Uprt,4.565653468,0.857219205,2.362285098,0.362877117,0.716696682,0.976004177,8.6,10.5
Utp15,84.43329071,0.203173319,0.536456497,0.378732144,0.704886781,0.976004177,76.3,146.3
Vsig10,17.61706219,0.324738125,0.891458276,0.364277425,0.715650856,0.976004177,17.3,27.9
Wasf2,782.3159577,0.056837743,0.154874262,0.366992826,0.713624369,0.976004177,665.7,1373.9
Wdr6,2.746155804,0.645852765,1.754297306,0.368154681,0.7127579,0.976004177,5.1,4.3
Wdr82,296.223703,-0.145185333,0.40102313,-0.362037305,0.717324154,0.976004177,246.4,557.7
Wdr83os,110.2209076,0.110467968,0.299812441,0.368456918,0.712532563,0.976004177,88.5,185.9
Zbed4,27.23567463,0.347216585,0.912083216,0.380685204,0.703436849,0.976004177,23.3,41
Zbtb38,290.2761752,0.14626324,0.382027187,0.382860816,0.701822966,0.976004177,198.3,478.4
Zfp410,181.7337066,-0.119548919,0.324750711,-0.368125194,0.712779886,0.976004177,137.7,339.2
Zfp414,16.48218138,-0.27448315,0.722449758,-0.379933894,0.703994487,0.976004177,13,33.4
Zfp688,55.21992274,0.22706622,0.60589303,0.374762886,0.707836819,0.976004177,37.9,86.5
Zfp740,257.7431438,0.132553551,0.361544552,0.366631305,0.713894054,0.976004177,231.2,438.1
Zfp771,30.7696392,-0.285327687,0.767004863,-0.372002448,0.709891027,0.976004177,22.4,60.6
Zfp983,50.12842004,-0.196259894,0.535902745,-0.366222967,0.714198705,0.976004177,42.5,94.9
Gm25265,20.04910367,0.39452004,1.09402493,0.360613391,0.718388477,0.976089357,24.9,31.9
Gm26631,6.301934673,0.793283288,2.200478978,0.360504825,0.718469649,0.976089357,9.3,7.1
Tspan5,80.36435163,-0.190137475,0.527297133,-0.360588865,0.718406815,0.976089357,52.6,160.2
Zbtb17,87.97210586,0.167760424,0.465828317,0.360133591,0.718747234,0.976371957,67.1,152.8
Col18a1,7.876104782,0.640694087,1.781499234,0.359637588,0.719118171,0.97642727,13.9,10.2
Cops5,249.3316902,0.103512125,0.288397648,0.35892153,0.719653793,0.97642727,194.8,435.8
Fadd,16.95335596,-0.363848893,1.013387479,-0.359042222,0.719563504,0.97642727,18.1,34.8
Gm43378,4.134822181,-0.748831804,2.087930843,-0.3586478,0.719858583,0.97642727,3.4,7.9
Gzmf,1091.351397,-0.161085495,0.449218039,-0.358590886,0.719901166,0.97642727,799.8,1935.4
Il1a,7.073531092,-0.669464291,1.866270912,-0.358717636,0.719806333,0.97642727,6.4,13.2
Lrrc29,6.14288464,-0.731504942,2.037768895,-0.358973456,0.719614947,0.97642727,6.2,12.7
Mmgt1,41.69675693,-0.282732536,0.787622908,-0.358969416,0.719617969,0.97642727,39.2,82.4
Mras,6.113972018,0.866971767,2.410671479,0.359639119,0.719117025,0.97642727,8.5,6.4
Slc25a45,138.7237676,0.165562069,0.460753447,0.359328985,0.719348993,0.97642727,97.4,226.4
Smim13,22.67623167,0.463475292,1.289992003,0.359285399,0.719381596,0.97642727,16.4,31.1
Snrnp40,258.6801043,0.091212513,0.253943768,0.359183898,0.719457522,0.97642727,190.1,431.1
Tfg,91.02394246,0.136219236,0.379370634,0.359066368,0.71954544,0.97642727,81.3,150.2
Tomm40,127.1535165,0.161735257,0.449489085,0.35982021,0.718981588,0.97642727,119.3,211.4
Trmt11,59.09482711,0.264665509,0.737893836,0.358676948,0.719836776,0.97642727,41.7,96.1
Zfp677,21.73349169,0.422096386,1.173669666,0.359638148,0.719117751,0.97642727,24.5,32.3
9930111J21Rik2,67.37335472,-0.253294163,0.706889721,-0.358322034,0.72010233,0.976605731,50.5,119.5
Gm12355,2.30331739,0.476886992,1.331292759,0.358213465,0.720183571,0.976621533,1.3,3.6
Mnd1,7.242818697,0.940043015,2.626330584,0.357930194,0.720395554,0.97672024,4.9,9.5
Tnni2,4.113663865,-0.900501766,2.51575828,-0.357944471,0.72038487,0.97672024,3.6,9.3
Zfp513,83.65672179,-0.167230277,0.467627152,-0.357614558,0.720631782,0.976946139,61.4,162
Tmed1,2.458105258,1.042272709,2.917527319,0.357245227,0.72090823,0.977226515,4.7,7.2
Ctse,22.5410879,-0.365903807,1.02498341,-0.356985102,0.721102959,0.977350419,23.1,43
Prg4,11.97129355,0.709171338,1.986824573,0.356937068,0.721138919,0.977350419,5.3,13
3110040N11Rik,48.9832677,-0.248204187,0.697190054,-0.356006494,0.721835702,0.977440673,35.8,91.5
Cc2d1a,78.55571475,0.162317422,0.45602324,0.355941118,0.721884662,0.977440673,50.6,128.1
Cdc42bpg,40.91648658,-0.267991177,0.753310889,-0.355751099,0.722026974,0.977440673,22.5,78.7
Gm49747,18.59189505,-0.376330795,1.056453342,-0.356220933,0.721675116,0.977440673,13.8,35.2
Gsn,112.4835226,0.180831199,0.507564345,0.356272463,0.72163653,0.977440673,114.5,174.9
Hnrnph1,757.7743964,0.059032515,0.165880502,0.35587374,0.721935122,0.977440673,551.9,1311.3
Kmt2e,1965.508815,0.051260704,0.144127546,0.355662089,0.722093639,0.977440673,1357.7,3440.4
Mllt10,450.7449029,0.05370777,0.150793966,0.356166571,0.721715825,0.977440673,339.2,776.9
Nod1,149.5011164,0.141327698,0.396732718,0.356228995,0.721669079,0.977440673,124.1,262.1
Pcdhgc4,14.92675385,-0.584674233,1.640481478,-0.356404044,0.721538001,0.977440673,8.7,30.6
Rab3il1,16.49736914,-0.392446009,1.103495442,-0.355638994,0.722110937,0.977440673,19.4,29.8
Snrpg,99.04715129,0.133097759,0.373801224,0.356065605,0.721791435,0.977440673,92.2,167.6
Usf2,329.8080365,-0.075480543,0.211774085,-0.356420111,0.721525971,0.977440673,257,590.6
Acbd3,223.6844493,0.097496805,0.27453537,0.355133856,0.722489314,0.97755067,188,378.2
Art2b,32.22686545,-0.31616384,0.890617538,-0.354993953,0.722594121,0.97755067,19.6,66.2
Deaf1,80.85107685,-0.187844577,0.529686704,-0.354633364,0.722864278,0.97755067,67.8,147.8
Htt,238.8552781,-0.099574921,0.280335765,-0.355198777,0.722440681,0.97755067,166.3,437.3
Ift43,9.111562119,0.769094246,2.168750077,0.354625576,0.722870113,0.97755067,10.4,10.5
Klhdc8b,10.23802491,-0.517438128,1.459327984,-0.354572881,0.722909596,0.97755067,6.3,21.1
P2ry12,6.763366023,0.660764701,1.863893659,0.354507725,0.722958415,0.97755067,7,9.1
Ppfibp1,47.9642513,0.232520481,0.655040542,0.354971129,0.72261122,0.97755067,49.7,84.3
Ptcd1,45.14707503,0.225416826,0.634904944,0.355040275,0.722559419,0.97755067,40.1,73
Spats1,3.085124096,-0.754398257,2.126193843,-0.354811608,0.722730731,0.97755067,3.5,5.9
Syce2,50.02784971,-0.217430329,0.612507003,-0.354984234,0.722601402,0.97755067,39.5,91.8
G6pc3,94.96714318,0.184717497,0.521388893,0.354279693,0.723129285,0.977687513,86.9,150.8
Gm8864,9.167473842,-0.414485175,1.170856128,-0.354001799,0.723337535,0.977747264,8.2,18.8
Rpl14-ps1,39.96911647,0.130198556,0.367751502,0.354039494,0.723309286,0.977747264,29.7,66.7
Smtn,17.20652263,-0.387689806,1.095596499,-0.353861852,0.723442418,0.977747264,18.5,33.1
Usp39,102.5518815,-0.187352918,0.529471598,-0.353848855,0.723452158,0.977747264,84.1,196.1
Cand1,138.1804003,-0.14394226,0.407453065,-0.35327323,0.723883613,0.977859527,118.4,248
Gm37967,16.49981503,0.554239338,1.56790209,0.353491038,0.723720346,0.977859527,10.7,25.7
Siae,42.89926657,-0.26813026,0.758809613,-0.353356435,0.723821242,0.977859527,24.5,84
Zbtb8os,45.76487558,0.22239578,0.629356351,0.3533702,0.723810923,0.977859527,37.5,76.7
Zfp407,113.3170737,0.134471761,0.380382661,0.353517063,0.723700839,0.977859527,93.8,198.5
Naa10,102.2067073,0.170906819,0.484212391,0.352958375,0.724119646,0.978084227,84.6,162.8
Psme2b,116.8241949,0.136540964,0.387073463,0.352752066,0.724274322,0.978199003,89.8,190.4
Aimp2,3.371865493,-0.683842718,1.939549168,-0.352578181,0.724404697,0.978269156,2,7.8
Rhebl1,28.71271769,0.2808643,0.796995462,0.352403889,0.724535386,0.978269156,17.8,42.7
Setdb2,56.32546542,0.210455307,0.597120623,0.352450241,0.724500629,0.978269156,52.5,92.7
Adprhl2,93.68293595,0.172362132,0.489511091,0.35211078,0.724755184,0.978283568,91.7,154.3
Lactb2,49.8736091,-0.299283403,0.849931765,-0.352126388,0.724743479,0.978283568,30.4,98.4
Mcm6,557.2059809,0.061190908,0.173746137,0.352185716,0.724698989,0.978283568,424.3,971.9
Slc35b4,77.5624704,0.210394926,0.59776538,0.351969071,0.724861458,0.978332919,73,130.5
Bola1,33.93263668,-0.316497022,0.900076225,-0.351633577,0.725113081,0.978498578,29.1,74.1
Olfr543,12.14029183,0.66826737,1.900986762,0.351537098,0.725185446,0.978498578,12.4,17
Sri,713.7554642,-0.05294164,0.150604961,-0.351526538,0.725193367,0.978498578,508.2,1276.1
Dnajc1,638.067951,-0.081705902,0.232763451,-0.351025477,0.725569235,0.978557634,404.3,1148.9
Fancg,83.0848479,-0.222263686,0.633320623,-0.350949705,0.725626081,0.978557634,51,155.3
Nsrp1,257.543125,0.091974668,0.26196337,0.351097439,0.725515249,0.978557634,241.7,447.6
Rttn,75.69909489,0.193584906,0.551664631,0.350910491,0.725655501,0.978557634,70.8,124.2
Selenoh,193.0111664,-0.125038158,0.356189046,-0.351044366,0.725555064,0.978557634,168.8,360.9
Snord7,11.83430832,-0.689772931,1.964936573,-0.351040812,0.72555773,0.978557634,4.7,25.6
Creb3l1,28.08753945,0.343059773,0.978095685,0.350742548,0.725781502,0.978633512,40,45.1
2310022A10Rik,60.25629261,-0.257776193,0.737389004,-0.349579654,0.726654182,0.978855613,48.7,116.7
4930513N10Rik,9.201287431,0.740437069,2.118763209,0.349466644,0.726739008,0.978855613,10.3,13.7
Arpc5l,355.6968783,-0.100039066,0.286129731,-0.349628351,0.726617631,0.978855613,249.6,637.8
Bmf,21.70943805,0.369570782,1.058190285,0.349247945,0.726903175,0.978855613,25.9,32.4
Ciart,18.95927169,0.408006254,1.166776248,0.349686802,0.72657376,0.978855613,19.8,32
Gas7,58.6656087,0.184501252,0.526817824,0.350218318,0.726174861,0.978855613,54.4,98.4
Gm12182,4.519323184,-0.410048634,1.174802897,-0.349036111,0.7270622,0.978855613,2.5,10.2
Gm34006,61.73035732,-0.208026156,0.594978789,-0.349636256,0.726611698,0.978855613,45.4,118.9
Gm44745,36.10662297,0.298536848,0.855079836,0.349133304,0.726989235,0.978855613,36.3,66.1
Mccc2,17.8768672,-0.396855961,1.132974422,-0.350277953,0.72613011,0.978855613,12.2,34
Ndufa4,445.0735448,-0.092348417,0.264438693,-0.349224299,0.726920925,0.978855613,373.9,817.1
Sqle,64.95718939,-0.211463836,0.60570287,-0.349121403,0.726998169,0.978855613,54.5,126.7
Ubr1,256.8342678,0.073387199,0.210176119,0.349170018,0.726961673,0.978855613,204.5,452.3
Vti1b,204.4645235,0.137354543,0.39227457,0.350148985,0.72622689,0.978855613,159.1,344.7
Ythdc1,586.117812,-0.089572759,0.255885226,-0.350050529,0.726300777,0.978855613,368.5,1077.8
Znrf3,25.86403131,-0.256087454,0.731068913,-0.350291812,0.72611971,0.978855613,21.9,51.4
Gm42986,22.43686577,-0.413424056,1.185326757,-0.348784884,0.727250812,0.978911439,12.2,40.8
Rtn4ip1,24.5478222,0.33442441,0.958934924,0.348745678,0.727280248,0.978911439,16.7,36.7
Zfp217,235.3670193,0.139841654,0.401034667,0.348702158,0.727312924,0.978911439,192.2,395
B3gnt2,22.52264029,0.401506576,1.152603491,0.348347528,0.727579204,0.978988164,15.2,32.3
Ddx41,146.4257145,-0.138780181,0.398326301,-0.34840828,0.727533585,0.978988164,113.3,261.5
Rcor2,6.264698111,-0.574523637,1.64863651,-0.348484116,0.727476641,0.978988164,6.4,13.3
Rps19-ps6,42.3854516,0.117755157,0.338191291,0.348190979,0.727696762,0.978994242,37.5,71
Tlk1,308.7800239,0.089248999,0.256347932,0.348155721,0.727723239,0.978994242,237.6,532.1
Cct7,741.9704371,0.070728888,0.203226178,0.348030397,0.727817356,0.979027007,543.5,1257.5
Srrt,427.408465,-0.099781125,0.286846891,-0.347854998,0.727949084,0.979110355,333.2,778.5
Agtpbp1,128.0285474,-0.149814353,0.431270888,-0.347378775,0.728306777,0.979217603,100.3,241.4
Gpr35,34.57909997,0.322417483,0.928185648,0.347363142,0.72831852,0.979217603,42.8,51.1
Mrpl32,114.6134365,-0.160730668,0.462945306,-0.347191484,0.728447468,0.979217603,100,210.2
Pank1,28.81382133,0.355443095,1.023484715,0.347287155,0.7283756,0.979217603,21,42.7
Sertad3,29.95780345,-0.257232556,0.740747922,-0.347260584,0.72839556,0.979217603,19.3,60.9
Ypel5,293.7738833,0.090263785,0.25986701,0.347346072,0.728331342,0.979217603,235.9,500.3
AA413626,11.34493025,-0.605905728,1.746655053,-0.346894899,0.728670279,0.979235727,8.1,24.4
Gm24305,4.534941615,0.613890392,1.769114864,0.347004259,0.728588119,0.979235727,5.6,7.2
Ttc37,87.76750605,0.190773524,0.549921706,0.346910337,0.72865868,0.979235727,79,145.9
Actr3,826.0109558,0.060388796,0.174144766,0.346773534,0.728761461,0.979264491,705.1,1466.6
Cby1,21.98064472,-0.29641187,0.855435103,-0.346504216,0.728963816,0.979266839,15.3,40
Gm43360,11.93182319,-0.482462186,1.392416989,-0.346492603,0.728972543,0.979266839,12,23.3
Il2rg,2556.708628,0.039823379,0.114878255,0.346657246,0.728848834,0.979266839,1942,4470.8
Cep85,117.6262413,-0.140377367,0.40547395,-0.346205635,0.72918818,0.979364141,106.2,213.3
Exoc8,53.43937347,-0.278161897,0.803662947,-0.346117609,0.729254331,0.979364141,32.8,108.1
Fgfr1op,99.0796847,0.140031547,0.404516826,0.346169894,0.729215039,0.979364141,82.2,166.2
Fpgs,39.50998299,0.288763404,0.835062315,0.345798629,0.729494055,0.97949862,30.7,63.5
Mypop,30.84113842,-0.331168313,0.957659532,-0.345810073,0.729485455,0.97949862,13.4,60.3
Agrn,28.95049422,0.244623944,0.708088712,0.345470758,0.72974049,0.979641176,27.2,48
D530018E20Rik,42.17745883,-0.307288643,0.889980946,-0.34527553,0.729887241,0.979641176,28.2,74.8
Ero1lb,35.324719,-0.333734105,0.966732589,-0.345218635,0.72993001,0.979641176,26.7,74.7
Klri2,187.9892638,-0.1887676,0.546804616,-0.345219471,0.729929382,0.979641176,126.5,355.8
Zmym6,10.29586992,-0.64256207,1.8614572,-0.34519304,0.729949251,0.979641176,11.9,28.2
Arrb1,118.8344964,-0.14496299,0.420287657,-0.344913745,0.730159217,0.979641917,103.7,221.2
Gm48678,29.62724343,-0.435229926,1.261696126,-0.344956219,0.730127285,0.979641917,12.1,59.8
Serinc1,281.8986252,0.086609042,0.250998708,0.345057721,0.730050978,0.979641917,225.7,492.7
Gm49901,16.91910391,-0.470944816,1.36605073,-0.344749141,0.730282971,0.979714293,10.9,35.7
Ppp2r3a,43.57266122,0.243275877,0.705993973,0.344586337,0.730405379,0.979784848,44.3,73.9
Bola2,694.327133,0.064400576,0.18708581,0.344230146,0.730673213,0.979842411,564.1,1216.5
Cct4,522.9909487,0.068923926,0.200685127,0.34344312,0.731265125,0.979842411,482,899.6
Cpsf6,408.2062326,-0.062346144,0.181663661,-0.343195461,0.731451419,0.979842411,308.6,738.9
Gm26129,6.052071336,-0.526945582,1.534692955,-0.343355705,0.731330878,0.979842411,3.8,12.7
Gm26882,2.356064396,1.003035739,2.918793835,0.34364734,0.731111518,0.979842411,8.7,8.4
H2-T22,418.4538415,-0.073597794,0.213777679,-0.344272584,0.7306413,0.979842411,303.8,767
Higd2a,268.487196,0.088535265,0.257481527,0.343850939,0.730958389,0.979842411,232.6,456.6
Kctd3,60.23364882,0.22422683,0.653532173,0.343099911,0.731523298,0.979842411,41.7,92.5
Mob3a,8.215095336,-0.630419856,1.834925785,-0.34356695,0.731171983,0.979842411,8.1,18.8
Nek2,42.99227252,0.282129206,0.822651307,0.342951143,0.731635216,0.979842411,40.7,68.9
Rrp1b,145.6055807,-0.148964662,0.43369446,-0.34347836,0.731238618,0.979842411,100.3,273.6
Scamp3,346.790339,-0.111711248,0.325094157,-0.343627363,0.731126544,0.979842411,277.1,641.5
Slc8b1,47.75786223,0.171508831,0.499980063,0.34303134,0.731574883,0.979842411,40.4,81.5
Tmem251,125.323195,0.152319282,0.442776982,0.344009034,0.730839492,0.979842411,111.7,205.3
Ttc9c,192.7310286,-0.105641109,0.307487551,-0.343562232,0.731175532,0.979842411,160.8,358.3
Zfp445,400.4408635,0.072076872,0.20978255,0.343578968,0.731162944,0.979842411,294.2,699.6
Zfp850,8.269206468,-0.608493327,1.772778628,-0.343242703,0.731415882,0.979842411,9.9,16.6
Dok1,151.9802591,-0.102862556,0.300077513,-0.342786619,0.731758993,0.979914667,107.4,277
Apex1,2.212835998,-1.003603731,2.933862638,-0.34207591,0.732293766,0.980025439,1.6,4.8
Blmh,218.440706,0.101699749,0.297081659,0.342329275,0.732103107,0.980025439,151.5,363.2
Nfs1,126.2775874,0.112437815,0.328572344,0.342201093,0.732199563,0.980025439,109.3,219.7
Rps12-ps5,5.938428221,0.391496218,1.144635264,0.342027046,0.732330539,0.980025439,8.3,9.5
Sgo2a,23.24868604,0.365131525,1.067314707,0.342102965,0.732273407,0.980025439,16.4,37.1
Tctn3,13.43206165,-0.462274297,1.351496856,-0.34204615,0.732316162,0.980025439,12.9,25.3
Zfp946,8.096300724,0.635373044,1.857576405,0.342044097,0.732317707,0.980025439,8.7,11.3
Gadd45b,376.6098585,0.122467691,0.358174679,0.341921689,0.732409827,0.980030764,238.9,632.9
Zfp783,45.45397195,0.28423338,0.831490051,0.341836176,0.732474183,0.980030764,32.2,72
Tecpr2,22.24305302,-0.438956564,1.284510605,-0.341730588,0.732553651,0.980043654,17.1,47.2
Fam216a,8.316870656,0.472569284,1.38363715,0.341541338,0.73269609,0.980049584,6.8,11.1
Snupn,36.86837543,0.272622339,0.798230793,0.341533228,0.732702195,0.980049584,23.4,61.5
Usp18,201.3974473,-0.132624554,0.388419886,-0.341446353,0.732767585,0.980049584,163.5,375.6
2900060B14Rik,4.606201006,-0.77329041,2.273658082,-0.340108487,0.733774831,0.980150263,4.2,10
A930041C12Rik,6.552123343,0.742166766,2.189374029,0.338985827,0.734620407,0.980150263,7.2,9
Abracl,249.5565201,-0.094788051,0.285010754,-0.332577105,0.739453528,0.980150263,179,465.1
Acsl4,494.3164302,0.060925844,0.180443146,0.337645655,0.735630233,0.980150263,382.2,829.4
AI662270,241.5821391,0.105842409,0.318200832,0.332627694,0.739415336,0.980150263,204,429.6
Airn,70.24114758,0.292746705,0.873450601,0.335161147,0.737503529,0.980150263,49.7,115.1
Atg14,44.91397352,0.236944573,0.705251863,0.335971567,0.736892308,0.980150263,35.1,70.1
B230118H07Rik,4.620421108,-0.839651485,2.471586418,-0.339721678,0.734066135,0.980150263,5.8,9.5
B4galt6,10.97971201,0.49346981,1.485016526,0.332299204,0.739663341,0.980150263,18.7,14
Brf2,39.14130727,0.279620376,0.832695644,0.335801415,0.737020623,0.980150263,34.1,61.6
Cbx2,17.29370277,0.405984188,1.204717199,0.336995428,0.736120347,0.980150263,13.7,26.8
Cd36,7.893396303,0.655701542,1.956901121,0.335071371,0.737571248,0.980150263,11.8,9.9
Cdk2,95.93382369,0.118488824,0.352846275,0.335808628,0.737015183,0.980150263,81.3,162.4
Cep135,130.272669,0.16198765,0.485073944,0.333944242,0.738421634,0.980150263,110.8,229.8
Cep164,91.43295237,0.207166328,0.614756637,0.336989169,0.736125065,0.980150263,86.7,158.6
Chchd7,97.1624825,0.231844617,0.684911814,0.338502873,0.734984262,0.980150263,63,158.3
Cic,267.3064694,0.08918737,0.261977972,0.340438432,0.733526381,0.980150263,199.9,468.3
Cyb5a,190.1583115,0.145341846,0.427263974,0.340168735,0.733729461,0.980150263,164.7,323.6
Dhrs7,192.9366604,0.156787934,0.470900443,0.332953465,0.73916941,0.980150263,178.6,309.8
Dnlz,90.05148957,-0.204291722,0.611566168,-0.334046801,0.738344243,0.980150263,63.9,175.9
Dnmbp,36.86559076,0.207533748,0.609459132,0.340521188,0.73346407,0.980150263,26.5,61.7
Dock3,3.069085954,-0.480553247,1.426059445,-0.336979814,0.736132117,0.980150263,1.9,6.8
Dpm2,237.6538321,-0.131670581,0.389918163,-0.337687734,0.735598519,0.980150263,169.4,445
Ercc3,97.95888507,0.134467391,0.399187139,0.336853014,0.736227707,0.980150263,76,157.1
Fam192a,139.5820122,-0.143644478,0.427887806,-0.335705939,0.737092627,0.980150263,113,255.4
Fam83e,32.54584219,0.608970578,1.792733171,0.339688353,0.734091234,0.980150263,17.4,43.3
Fancd2,13.35308199,-0.514331331,1.516789145,-0.339092176,0.734540292,0.980150263,9,28.4
Fasn,123.3159458,0.149402856,0.444481022,0.336128764,0.736773769,0.980150263,110.6,198.8
Fkbp1a,820.9823542,-0.061955361,0.185128421,-0.334661532,0.737880422,0.980150263,663.5,1483.6
Galnt11,45.18243307,-0.187134545,0.54882284,-0.340974412,0.733122845,0.980150263,40.8,89.1
Gm10033,66.69246573,-0.227868422,0.684201969,-0.333042628,0.739102106,0.980150263,38.6,131.6
Gm11739,14.97445219,0.574996924,1.729881171,0.332390995,0.739594037,0.980150263,6.2,18.1
Gm14029,99.58299417,-0.150406352,0.442031296,-0.340261771,0.733659404,0.980150263,74.6,182.6
Gm15337,7.322586053,0.674154611,2.001688921,0.336792897,0.736273028,0.980150263,14.4,8.7
Gm19721,5.666153275,0.607948942,1.78506196,0.340575821,0.733422935,0.980150263,6.9,7.9
Gm26640,6.454813677,-0.610100271,1.835786731,-0.332337227,0.739634633,0.980150263,6.3,15.1
Gm3695,16.88165865,-0.311814471,0.931228657,-0.334842005,0.737744272,0.980150263,17.3,28.1
Gm37522,10.8853626,0.542224259,1.592488577,0.340488633,0.733488581,0.980150263,7.3,14.7
Gm37645,67.5388392,-0.226381083,0.678937801,-0.333434201,0.73880655,0.980150263,50,129.6
Gm4217,11.22026471,0.353197327,1.040599153,0.339417273,0.734295408,0.980150263,13.3,16.2
Gm42432,36.52433433,-0.246605094,0.724991714,-0.340148845,0.733744439,0.980150263,18.8,65
Gm44609,10.2803858,0.428292226,1.27084764,0.33701304,0.73610707,0.980150263,7.7,15.1
Gm47813,4.474104572,-0.83689062,2.476819112,-0.337889277,0.735446628,0.980150263,3.7,10
Gm49215,4.971780449,0.832519846,2.473372833,0.336592945,0.736423775,0.980150263,6,6.2
Gm5113,5.711876981,-0.533180822,1.587617662,-0.335837044,0.736993754,0.980150263,4.6,13
Gm6210,2.80121395,-0.580808498,1.716942972,-0.338280599,0.735151742,0.980150263,2.4,6.6
Gm7162,3.764958995,-0.77613273,2.311155955,-0.335820146,0.737006497,0.980150263,4.6,9
Gmpr2,36.61661413,-0.263347635,0.783806602,-0.335985477,0.736881818,0.980150263,22.3,69.7
Gmps,147.0789766,0.120033497,0.35345449,0.339600996,0.734157028,0.980150263,114.2,254.4
Gpr141,15.90904461,0.455833525,1.351447522,0.337292804,0.735896184,0.980150263,18,21.7
Herc3,278.8295346,0.106997903,0.317181719,0.337339437,0.735861034,0.980150263,223.5,484.3
Hexim1,416.5112903,0.07471483,0.224868092,0.332260702,0.739692411,0.980150263,286.7,718.6
Hlf,11.75739921,0.584064408,1.720355594,0.339502141,0.734231484,0.980150263,10.2,18
Hps6,25.49162241,0.285274427,0.855617408,0.333413538,0.738822145,0.980150263,21.4,43.6
Ift27,61.42633635,-0.235578252,0.692773642,-0.34005083,0.73381825,0.980150263,42.4,118.3
Impdh2,15.16171646,-0.367552263,1.083324248,-0.339281858,0.734397409,0.980150263,14.2,31.9
Inpp5e,48.24909238,-0.265725202,0.799955488,-0.332174984,0.739757132,0.980150263,32.2,91.9
Josd2,85.71394606,-0.157803564,0.471162993,-0.334923512,0.737682785,0.980150263,73.5,161.1
Klhl2,82.3206257,-0.184950599,0.554884005,-0.333313986,0.738897283,0.980150263,52.7,148
Lmnb2,72.34762309,-0.205948755,0.612568471,-0.336205281,0.736716071,0.980150263,47.4,138.8
Mcts1,179.6992745,0.092250886,0.27645447,0.333692872,0.738611329,0.980150263,161.9,310.6
Mcur1,111.5847404,-0.182377113,0.541611028,-0.336730798,0.736319845,0.980150263,78.2,203.2
Mkrn1,362.8075863,-0.059768577,0.177231437,-0.337234622,0.73594004,0.980150263,264.6,659.4
Mlkl,43.32926552,-0.266863547,0.791066385,-0.337346589,0.735855643,0.980150263,35.1,83.5
Ms4a4a,23.61539179,-0.698913884,2.082018988,-0.335690447,0.737104311,0.980150263,21.4,50.7
Naxd,158.7587252,-0.154400006,0.45852226,-0.336733936,0.736317479,0.980150263,118.2,281.4
Ndc80,131.2841215,0.175035293,0.513190791,0.341072552,0.733048964,0.980150263,111.7,212.6
Nr1h2,292.1821852,-0.075729825,0.226865002,-0.33381008,0.738522877,0.980150263,226.3,524.7
Oprm1,6.603001457,0.63362482,1.897854947,0.333863671,0.738482434,0.980150263,7.3,11
Pdgfc,7.789787355,0.790373544,2.368199294,0.333744523,0.738572349,0.980150263,9.7,9.8
Perm1,4.131399973,0.603259851,1.794699204,0.336134239,0.73676964,0.980150263,6.1,11.5
Pex2,60.838942,-0.259298877,0.761794215,-0.340379162,0.733571009,0.980150263,51.4,122
Phip,977.165455,0.083770705,0.250936072,0.333832852,0.738505692,0.980150263,712.8,1608.9
Pik3cg,311.1422961,0.094258178,0.282305766,0.333886832,0.738464956,0.980150263,240.9,554.8
Pink1,184.4489152,0.119786392,0.359632083,0.333080383,0.739073607,0.980150263,127.2,309.8
Pip4p2,59.15028963,-0.176189406,0.522587189,-0.337148345,0.736005075,0.980150263,49.1,113.3
Plekhg2,123.2384006,0.122632151,0.363998663,0.336902751,0.736190212,0.980150263,104.4,204.6
Prkab1,83.63566463,-0.185620686,0.555298704,-0.33427178,0.738174483,0.980150263,65.7,154
Prmt6,40.88811825,-0.255646438,0.760076428,-0.336343069,0.736612176,0.980150263,39,86.8
Rasal2,17.41722529,-0.52177149,1.559199559,-0.334640609,0.737896208,0.980150263,9.8,32.4
Rflna,9.299281006,-0.598365161,1.776545504,-0.336813867,0.736257219,0.980150263,10.3,20.5
Smco4,82.30527895,0.210312293,0.631572792,0.332997709,0.739136013,0.980150263,77.5,139.4
Snd1,258.0019847,-0.081892002,0.245121445,-0.334087465,0.738313559,0.980150263,207.6,457.8
Sprtn,77.07191012,0.262988533,0.775636357,0.339061637,0.734563297,0.980150263,61.8,122.6
Sptan1,531.8900937,-0.052274029,0.153715331,-0.340070368,0.733803536,0.980150263,393.7,955.3
Stambpl1,117.8709922,-0.122957293,0.369662827,-0.332620117,0.739421056,0.980150263,90.1,216.5
Tmem38b,48.08100248,0.275207948,0.824213745,0.333903614,0.738452293,0.980150263,33.7,74.1
Tns3,17.45702466,0.436479165,1.309801823,0.333240615,0.738952662,0.980150263,24.8,26.2
Tor1a,120.6208463,0.146088249,0.437989754,0.333542618,0.738724725,0.980150263,107.8,198.9
Tpcn1,59.28696533,-0.225322867,0.665489524,-0.338582139,0.734924539,0.980150263,49.3,104.4
Trp53rka,53.14768213,-0.204857702,0.607913676,-0.336984855,0.736128317,0.980150263,40,98.6
Usp12,18.14564898,0.331177361,0.982517051,0.337070345,0.736063872,0.980150263,11.6,28.4
Vbp1,218.9539127,-0.076891989,0.231459137,-0.332205462,0.73973412,0.980150263,176.9,399.9
Vegfb,89.03987227,0.155315326,0.466297557,0.333082007,0.739072381,0.980150263,69.8,143.2
Zfhx3,40.56223778,-0.527906333,1.577238155,-0.334702994,0.737849143,0.980150263,39.9,74.5
Zfp329,112.5338016,-0.18789998,0.553705922,-0.339349775,0.73434625,0.980150263,88.1,219.3
Zfp385a,4.946259604,0.53921401,1.602193001,0.336547476,0.736458057,0.980150263,8.2,14.1
Zfp420,17.46375209,0.4063428,1.2188872,0.333371948,0.738853536,0.980150263,18,24.6
Zfx,150.6220714,0.121667378,0.36248021,0.335652471,0.737132951,0.980150263,127.5,256
Csde1,1357.892905,0.038944591,0.117383957,0.331770986,0.740062195,0.980194466,1135.2,2352.4
Poldip3,451.3447942,-0.068542672,0.206602671,-0.331760821,0.74006987,0.980194466,355.3,822.9
Usp14,200.5526172,-0.081123049,0.244378089,-0.331957129,0.739921631,0.980194466,152.7,378.4
Xaf1,396.1591521,0.06670718,0.200996481,0.33188233,0.739978114,0.980194466,324,693.1
Slc25a28,152.5821818,0.133204582,0.401792549,0.331525765,0.740247383,0.980337055,118,248.2
3110009E18Rik,15.9998532,0.375912662,1.135963888,0.330919553,0.740705252,0.980378484,18.8,23.2
Atp6v0a1,7.838091366,-0.433663659,1.310260445,-0.330975159,0.740663249,0.980378484,7.8,17.5
Cpsf3,222.1496702,0.10291412,0.310640225,0.331296824,0.74042029,0.980378484,152.1,378.1
Gm10125,8.025309772,-0.469149976,1.417015273,-0.331083218,0.740581628,0.980378484,8.7,16.2
Gm37651,13.99529801,0.383422555,1.157062899,0.331375723,0.7403607,0.980378484,18.9,20.1
Prr12,161.476534,0.127155763,0.384300817,0.330875598,0.740738455,0.980378484,116,254.5
Shc1,44.66891151,-0.284712651,0.860583052,-0.330836925,0.740767668,0.980378484,33.7,85.8
Arl5a,118.0387263,0.127937628,0.386941188,0.330638432,0.740917613,0.980484468,93,210.9
4833421G17Rik,26.13680186,0.213351181,0.650115943,0.328174049,0.742780068,0.980814394,21.8,45
A930004J17Rik,109.9178716,0.175382245,0.534724739,0.32798603,0.742922225,0.980814394,99.1,194.1
Akip1,77.47357077,-0.179497506,0.544752789,-0.329502684,0.741775766,0.980814394,68.5,137.2
Aldh5a1,10.76239619,-0.522794985,1.594129835,-0.327950066,0.742949418,0.980814394,6,24.2
Ankrd13d,11.825038,-0.439794331,1.341237101,-0.327902003,0.742985759,0.980814394,6.3,22.3
Armcx4,28.75734097,0.259929547,0.793460993,0.327589572,0.743222007,0.980814394,24.3,47.4
Ccdc15,25.55957693,0.384674083,1.171645206,0.328319598,0.742670028,0.980814394,15.5,41
Celf3,4.357653493,-0.763976942,2.323708095,-0.328774919,0.742325822,0.980814394,3.6,9.6
Cnot11,71.7784555,-0.203632352,0.619507965,-0.328700136,0.742382352,0.980814394,49,138.4
Crygn,9.907543109,-0.69151913,2.108776324,-0.327924362,0.742968853,0.980814394,2.9,22.6
Cyb5d2,38.62131581,0.294136031,0.895861561,0.328327549,0.742664017,0.980814394,39.3,58
Emilin2,28.8781434,0.326310795,0.991261726,0.329187324,0.742014104,0.980814394,33.4,43.1
Espl1,59.90055478,-0.203677146,0.619084717,-0.328997213,0.742157795,0.980814394,38.4,110.2
Gm14541,12.24528035,0.592031743,1.805473776,0.327909356,0.7429802,0.980814394,5.3,17.1
Gm26877,3.421140227,-0.770347177,2.34179986,-0.328955173,0.742189571,0.980814394,4.4,7.8
Gm29670,12.45363593,0.532154368,1.622026884,0.328079869,0.742851274,0.980814394,11.5,15.1
Gm37780,6.182575944,-0.535278157,1.633983012,-0.327591017,0.743220915,0.980814394,16.2,12.2
Gm42743,2.93024078,-0.960246855,2.922562428,-0.328563334,0.742485766,0.980814394,2.8,6
Gstm4,7.67031888,-0.467554156,1.421387101,-0.328942169,0.7421994,0.980814394,5.6,16.4
Hscb,102.4738534,0.141879852,0.431565799,0.328756015,0.742340112,0.980814394,97.3,176.6
Il11ra1,9.652522664,-0.39561573,1.205260451,-0.328240862,0.742729554,0.980814394,8.6,17.7
Klc4,40.1538144,0.256926191,0.784424628,0.32753458,0.743263593,0.980814394,35.2,66
Lamp2,278.0722851,-0.119393621,0.363234068,-0.328696099,0.742385403,0.980814394,221.1,526.3
Ncapd2,191.5748,0.130761864,0.396297016,0.329959244,0.741430758,0.980814394,160.9,321.3
Pank4,44.31898206,-0.192949698,0.587419237,-0.328470172,0.742556193,0.980814394,26.1,75.6
Prss36,3.778994181,-0.753763709,2.287865926,-0.329461487,0.7418069,0.980814394,4.9,7.9
Ptpmt1,53.15261547,0.230754121,0.704808748,0.327399627,0.743365649,0.980814394,56.5,84.8
Pttg1ip,166.349569,-0.117814219,0.356787332,-0.330208527,0.741242404,0.980814394,149.5,310
Rap1b,1217.106744,-0.05309843,0.162207021,-0.327349765,0.743403357,0.980814394,872.2,2215.6
Rnf139,38.87272561,-0.320614263,0.979109114,-0.32745509,0.743323705,0.980814394,16.1,76.4
Tfe3,81.64909245,0.116004347,0.351435009,0.330087625,0.741333754,0.980814394,58.9,137.3
Wdr41,28.06181003,0.291913731,0.888319945,0.32861328,0.742448009,0.980814394,28.8,48.5
Gm36423,2.970796725,0.952548749,2.911977391,0.327114061,0.743581618,0.980865158,10.9,9.3
Pced1a,83.1014946,0.191928809,0.586682715,0.32714243,0.743560161,0.980865158,58.5,133.4
4632415L05Rik,33.58023714,-0.232964524,0.712505354,-0.326965297,0.743694133,0.980921378,27.1,64.5
Clec7a,42.82391447,0.326675161,0.999723884,0.326765386,0.743845342,0.980983377,45.5,60.6
Gm7160,18.70654619,0.269053052,0.823501566,0.326718325,0.743880939,0.980983377,21.8,31
Coa4,23.51417453,-0.339481049,1.040017319,-0.32641865,0.744107629,0.981097775,16.9,45.2
Maml2,203.9734148,0.127542597,0.390954342,0.326233997,0.744247322,0.981097775,158.4,347
Slc7a11,20.26368621,-0.361531465,1.108058565,-0.32627469,0.744216536,0.981097775,18.4,38.9
Smad4,341.6131851,-0.102120369,0.312933949,-0.326332024,0.744173162,0.981097775,292.5,638
Cfap74,9.468535908,-0.454715265,1.396128546,-0.325697277,0.744653405,0.981172273,3.8,21
Gm11423,21.98146261,0.360093768,1.105037808,0.325865563,0.744526071,0.981172273,20.8,37.4
Mybl1,32.10836308,0.408298125,1.252272959,0.32604563,0.744389832,0.981172273,18.6,45.9
Ppp1r35,101.381862,0.107634392,0.330424905,0.325745399,0.744616993,0.981172273,94.4,176.7
Ripor1,42.71980674,-0.227989383,0.699827271,-0.325779506,0.744591186,0.981172273,47.1,76.4
Actr10,348.525735,0.065213962,0.2008114,0.32475229,0.745368556,0.981275082,261.5,601.3
Btd,22.79029681,-0.279636154,0.862028549,-0.324393147,0.745640407,0.981275082,23.4,43.9
Cops4,296.8744199,-0.119912702,0.369534499,-0.324496636,0.745562069,0.981275082,227.6,542.6
Gm17251,11.26362297,-0.506527288,1.558764593,-0.32495432,0.745215645,0.981275082,7.5,28.3
Gm43029,5.314415413,-0.711251751,2.189693934,-0.324817884,0.745318908,0.981275082,6.7,13.4
Ilf3,305.8500318,-0.11169692,0.343452147,-0.32521829,0.745015867,0.981275082,206.4,548.5
Ints9,109.5439778,-0.158540746,0.488702171,-0.324411789,0.745626296,0.981275082,64.8,211
Lyn,98.19542446,0.214517645,0.659609694,0.325219061,0.745015284,0.981275082,115.3,147.7
Rpl13a,398.3894349,0.091845653,0.282660243,0.324933042,0.745231748,0.981275082,332.5,680.7
Syngr2,356.0791948,-0.084083599,0.259047581,-0.324587469,0.745493312,0.981275082,257.3,650.9
Tada3,52.42422715,-0.212937361,0.654407652,-0.325389473,0.744886321,0.981275082,52.3,109
Thop1,16.85616232,-0.24091339,0.742624386,-0.324408133,0.745629063,0.981275082,18.7,32
Utp23,44.62321793,-0.244170791,0.751540643,-0.32489366,0.745261555,0.981275082,32.6,91.4
Casc3,188.0864373,-0.107283482,0.33182048,-0.323317843,0.746454543,0.981302062,168.3,353
Eif2s3x,57.72057293,0.188871417,0.583262591,0.323818843,0.74607519,0.981302062,46.7,97.7
Gm4117,12.81548498,0.45670246,1.40924363,0.324076299,0.74588027,0.981302062,18,22.3
Gm43178,25.03214474,0.415234677,1.281647784,0.323985015,0.745949379,0.981302062,16.1,38
Gm48798,13.31602819,0.563573982,1.743190164,0.323300346,0.746467792,0.981302062,12.3,18.6
Kpna6,104.2424439,-0.122085679,0.377552879,-0.323360476,0.746422259,0.981302062,87.4,197.3
Ptger4,133.2144719,-0.161853344,0.500251599,-0.323543882,0.74628338,0.981302062,86.6,241.8
Rap1a,330.7310316,0.084980108,0.262961575,0.323165496,0.74656991,0.981302062,266.1,589
Sfxn2,122.2385395,-0.124517808,0.385306333,-0.323165743,0.746569723,0.981302062,73.7,224.3
Surf2,54.16917256,-0.241845209,0.747487948,-0.323543958,0.746283323,0.981302062,50,99.4
Tmem11,71.41245578,-0.18635769,0.575575654,-0.323776186,0.746107487,0.981302062,60.1,129.8
Tmem132a,19.83196704,0.422980402,1.308316749,0.323301221,0.746467129,0.981302062,22.9,25.2
Trappc13,104.1162769,0.148750167,0.459361713,0.323819253,0.746074879,0.981302062,95.1,179.9
Creb3,90.01047484,-0.176562283,0.546608366,-0.323014234,0.746684462,0.981360718,55.4,168.4
Gm20100,9.70576743,-0.681935112,2.112255059,-0.322846954,0.746811151,0.981435312,5.8,18.4
11-Sep,778.4437968,-0.043347681,0.13506699,-0.320934676,0.748259895,0.98146263,576.1,1414.4
4931414P19Rik,11.90996659,-0.453513451,1.405910316,-0.322576374,0.747016089,0.98146263,4.8,24.6
9430091E24Rik,17.12314527,0.475876819,1.476829695,0.322228636,0.747279492,0.98146263,12.8,21.7
AC122895.1,11.96590981,0.42874648,1.340051601,0.319947739,0.749007948,0.98146263,12.1,19.3
Adamtsl4,10.75816613,0.338507666,1.056244219,0.320482385,0.748602682,0.98146263,10.8,17.5
Aldh18a1,113.0758517,0.116370171,0.363347548,0.320272343,0.748761887,0.98146263,96.1,185
Ap5s1,28.45545943,-0.295277199,0.923841313,-0.319618959,0.749257201,0.98146263,27,57.4
Aqp9,2.618872332,0.931931686,2.915528213,0.319644201,0.749238063,0.98146263,9.2,8.3
Bicdl1,65.84373168,0.196896958,0.616449461,0.319404867,0.74941952,0.98146263,52.6,112.6
Ccnt2,360.5621815,-0.063096951,0.196251626,-0.321510462,0.747823585,0.98146263,282.5,643.1
Cstb,315.8847472,0.106478445,0.331998792,0.320719373,0.748423064,0.98146263,280.1,532.5
Dele1,31.76272493,0.197067167,0.616595041,0.319605502,0.749267403,0.98146263,27.4,50.9
Fbxo21,87.9569828,-0.195825352,0.612094458,-0.319926686,0.749023908,0.98146263,79.7,168.3
Gm19327,114.7605889,0.16449192,0.51210324,0.321208512,0.748052382,0.98146263,101.7,187.8
Gm26799,20.40302013,-0.306859782,0.96009842,-0.319612839,0.74926184,0.98146263,16.3,39.6
Gm37242,13.87567826,0.573715242,1.78327294,0.321720377,0.74766454,0.98146263,12.1,17.5
Gtf2h5,225.9346427,-0.091758992,0.28561544,-0.321267616,0.748007595,0.98146263,187.1,431
Igf2bp2,30.14797022,0.270046167,0.838826838,0.321933151,0.747503338,0.98146263,35.9,47.3
Luzp1,59.99909166,0.210364863,0.655569911,0.320888526,0.748294869,0.98146263,63.2,97.6
Map3k1,565.7650652,0.045208535,0.140833494,0.321006985,0.748205098,0.98146263,425.5,991.9
Mmp14,143.3062387,0.312630109,0.976272899,0.320228196,0.748795351,0.98146263,220.9,197.6
Nlrp1b,13.89762418,0.579094389,1.810475631,0.319857599,0.749076281,0.98146263,11.6,14.6
Nob1,82.24565599,0.161142428,0.502539462,0.320656267,0.748470892,0.98146263,68.3,141.4
Os9,475.7394264,-0.070846115,0.219992509,-0.322038762,0.74742333,0.98146263,355.5,859.3
Pabpc4,52.28798328,-0.168504791,0.522222709,-0.322668448,0.74694635,0.98146263,48.8,104.4
Pmp22,10.04960145,0.631188042,1.975675471,0.319479617,0.749362846,0.98146263,21.4,12.8
Pofut2,110.2319702,0.119374003,0.373674079,0.319460219,0.749377553,0.98146263,111.8,190.8
Rbm14,119.4234934,0.103541383,0.321625828,0.321931182,0.747504829,0.98146263,94.3,201.4
Rnase4,21.2723294,0.42317411,1.320605291,0.320439508,0.74863518,0.98146263,38.7,28.8
Rxrb,129.4615033,-0.128496674,0.400975338,-0.320460293,0.748619426,0.98146263,108,241.3
Sirpa,81.39527145,-0.363295634,1.13345185,-0.320521453,0.74857307,0.98146263,92,134.4
Slc25a37,67.90617878,-0.190365394,0.590707714,-0.322266646,0.747250699,0.98146263,62.7,122.6
Smim12,59.36983008,-0.171876016,0.5329394,-0.322505742,0.747069589,0.98146263,51.2,119
Spata2l,26.37517667,0.289309159,0.902963486,0.320399621,0.748665412,0.98146263,22.9,40.2
Tead2,15.9883028,0.370348924,1.150297929,0.321959133,0.747483655,0.98146263,15.6,26
Vamp4,84.84641259,0.198063018,0.616846489,0.321089641,0.74814246,0.98146263,71.1,140.2
Wdr47,46.72252749,-0.249724071,0.77908304,-0.320535884,0.748562133,0.98146263,29.9,89.7
Dtnb,84.95391458,0.18268066,0.573029162,0.31879819,0.749879551,0.981698658,57.2,145.4
Gm38200,13.53707625,0.403937427,1.266186894,0.319018803,0.749712255,0.981698658,12.6,19.5
Kdm8,10.97516076,0.538496757,1.688751117,0.318872776,0.749822989,0.981698658,4.1,17.5
Unc119b,274.4904277,-0.080526973,0.252530255,-0.318880495,0.749817136,0.981698658,197.6,507
Gm28229,14.52019767,0.398428119,1.25174419,0.318298357,0.750258631,0.981844843,12.7,23.2
Gm37953,4.287424479,-0.605020611,1.901989978,-0.318098738,0.750410041,0.981844843,5.4,11.4
Gm45828,47.61855491,0.241993508,0.760438063,0.318229084,0.750311173,0.981844843,30.3,73.7
Naalad2,6.839139012,-0.835615161,2.627233574,-0.318058953,0.750440218,0.981844843,5.7,16.3
Rpl39,303.1131927,0.076944518,0.241578389,0.318507455,0.750100041,0.981844843,257.3,514.8
Slc17a5,42.42565126,-0.273180777,0.859044842,-0.318005258,0.750480948,0.981844843,21.7,83.3
Suclg2,81.46466903,-0.170190926,0.534776647,-0.318246743,0.750297779,0.981844843,69.5,154.9
Rnf103,72.36740941,-0.162461955,0.511222941,-0.317790814,0.750643619,0.9818574,62.3,138
Scd1,8.405014067,-0.481327664,1.514226161,-0.317870392,0.750583252,0.9818574,24.1,16
Tbc1d4,117.0143206,0.198143781,0.623650781,0.317715919,0.750700434,0.9818574,111.2,200.4
2510046G10Rik,9.178806288,-0.50082289,1.582241726,-0.316527419,0.751602217,0.981885115,10.3,18.9
4833418N02Rik,7.398626869,0.527129509,1.679471998,0.313866209,0.753622656,0.981885115,8.3,9.8
Abhd8,160.8264713,0.138823204,0.440233384,0.31534002,0.752503503,0.981885115,120.4,277.8
Ankle2,176.1841914,0.100312233,0.319100727,0.31435915,0.753248279,0.981885115,135.2,298.1
Armc5,67.86890316,-0.160024221,0.503953688,-0.317537553,0.750835749,0.981885115,49.8,126.6
B430212C06Rik,15.25292893,-0.502021077,1.592364976,-0.315267596,0.752558486,0.981885115,9.2,32.5
Castor1,34.4013897,0.231595011,0.738768162,0.313488078,0.753909877,0.981885115,34.8,52
Cbwd1,67.19787753,-0.20435577,0.652297907,-0.313285951,0.754063423,0.981885115,39.9,126.5
Cc2d1b,38.95069406,-0.167510802,0.529177368,-0.316549444,0.751585502,0.981885115,30.7,75.1
Csf3r,5.696984446,-0.766974032,2.419461544,-0.317001952,0.751242121,0.981885115,6,11.7
Dbn1,8.721489266,-0.496851113,1.585116525,-0.31344769,0.753940557,0.981885115,9.1,20.1
Fam114a1,10.28297535,0.424694556,1.343248848,0.316169678,0.751873722,0.981885115,17.1,15.9
Fam78b,20.66143623,-0.33976202,1.074080207,-0.31632835,0.751753295,0.981885115,8.5,41.5
Gm1043,15.55709506,0.390408089,1.232859572,0.316668741,0.75149497,0.981885115,13.4,22.8
Gm11808,31.07309466,-0.105483411,0.333886107,-0.315926326,0.752058429,0.981885115,23.5,58.4
Gm3604,10.44238126,-0.496529886,1.581841309,-0.313893614,0.753601841,0.981885115,6.2,19
Gm36936,6.347519012,-0.602790951,1.917912859,-0.314295276,0.753296786,0.981885115,5.8,15.4
Gm37409,37.97466876,0.26601147,0.840227739,0.316594487,0.751551319,0.981885115,34.4,64
Gm37960,3.143276588,-0.749743803,2.394049291,-0.313169744,0.754151704,0.981885115,0.7,8
Gm43010,3.154898065,0.849363994,2.68850439,0.315924347,0.752059931,0.981885115,10.5,8.6
Gm47087,151.7496151,0.094677377,0.300828251,0.314722359,0.752972466,0.981885115,104.9,262.2
Gm8973,3.628343305,-0.628780446,1.982600093,-0.317149408,0.751130236,0.981885115,4,7.1
Gnb4,75.71779118,0.185056118,0.585596435,0.316013054,0.7519926,0.981885115,67.1,133.9
Gng2,564.106528,-0.057601795,0.182700473,-0.315279946,0.75254911,0.981885115,392.6,1027.8
Hebp1,12.48553597,0.656341307,2.075664102,0.316207861,0.751844741,0.981885115,22.4,13.9
Hgs,129.3006494,0.110783119,0.352202782,0.314543565,0.753108234,0.981885115,91.9,207.6
Ing3,104.1567672,0.085644364,0.271968663,0.314905267,0.752833582,0.981885115,84.6,173.7
Kat6b,128.712559,0.184342071,0.58526777,0.314970482,0.752784066,0.981885115,101.4,210.9
Kdsr,164.2614496,0.114196204,0.364812697,0.313026945,0.754260191,0.981885115,137.8,268.7
Kif1bp,57.13521754,-0.209260282,0.665971141,-0.314218244,0.753355287,0.981885115,46.2,111.9
Kit,74.94247014,0.221754275,0.698694996,0.317383517,0.750952613,0.981885115,64.6,119.4
Lgals1,4125.201344,0.044887229,0.142764004,0.314415595,0.753205413,0.981885115,3557.5,7230.6
Pan2,134.6220683,0.127674403,0.40348552,0.316428712,0.751677126,0.981885115,82.2,216.5
Psme3,293.343935,-0.071295534,0.227701169,-0.313110092,0.754197022,0.981885115,229.4,531.3
Rac2,4550.900145,-0.03275159,0.10453584,-0.313304893,0.754049033,0.981885115,3311.6,8212.7
Rbm15b,109.6695418,0.129602261,0.413568555,0.313375521,0.75399538,0.981885115,101.6,186.7
Rexo5,171.8014239,-0.090723037,0.289887711,-0.312959237,0.754311632,0.981885115,120,323
Rhot1,149.2884524,0.075897463,0.24256462,0.312895849,0.754359791,0.981885115,121.5,266.4
Rnf41,58.60344978,-0.201668186,0.644203833,-0.313050273,0.754242468,0.981885115,50.8,111.3
Rps12-ps19,7.98948343,0.30196628,0.957367053,0.315413278,0.752447887,0.981885115,7.1,13.3
Rps27l,299.1132221,0.068987622,0.219361342,0.31449307,0.753146579,0.981885115,261,502.2
Sdhb,428.6655516,0.059053267,0.18847703,0.313318112,0.754038991,0.981885115,328.5,740.2
Slfn3,18.10947855,0.339352382,1.083961381,0.313066857,0.754229869,0.981885115,13.7,32
Snord65,8.961168345,-0.51748262,1.650364995,-0.313556469,0.753857926,0.981885115,8.5,19.1
Sptbn2,3.339329624,0.672055701,2.137183879,0.31445853,0.753172808,0.981885115,2.2,10.8
Srr,7.295667241,-0.475872086,1.499823328,-0.317285428,0.751027034,0.981885115,7.9,14.4
Thrb,5.609747513,-0.711777902,2.266621916,-0.314025862,0.753501396,0.981885115,1.7,12
Tmem147,160.145298,-0.10090534,0.318334029,-0.316979433,0.751259208,0.981885115,141.1,293.9
Traj40,10.27376688,-0.538447107,1.719634486,-0.313117184,0.754191634,0.981885115,4.4,20.8
Tspan6,11.16600019,-0.556126095,1.77526008,-0.313264575,0.754079662,0.981885115,14.1,22
Uba5,178.0587845,0.074218632,0.23393921,0.31725606,0.751049315,0.981885115,145,302.7
Vapb,92.26033251,-0.108752942,0.346804806,-0.313585453,0.75383591,0.981885115,80.2,169.2
Faap100,94.82543819,-0.141598148,0.45286267,-0.312673482,0.754528745,0.981922886,74.9,168.1
Lmo2,7.341684418,0.432114329,1.381805605,0.312717163,0.754495555,0.981922886,12.3,10.6
Plekha3,151.7079949,0.158110724,0.506115789,0.312400299,0.754736323,0.982101952,118.6,256
Klrc1,516.9793587,-0.084337301,0.270054165,-0.312297723,0.75481427,0.982112319,348.8,946.8
3110039I08Rik,3.225128827,-0.678526712,2.175613164,-0.311878381,0.755132953,0.982194147,23.1,6.8
Arnt,134.9522916,-0.128419676,0.41163267,-0.311976393,0.755058464,0.982194147,109.9,239.5
Eme1,14.8796583,-0.393016267,1.2600365,-0.311908637,0.755109959,0.982194147,5.8,28.4
Wfs1,8.497039563,-0.439708089,1.410014058,-0.3118466,0.755157107,0.982194147,8.1,18.1
AC132452.1,3.956541091,0.905549874,2.905395151,0.311678731,0.755284694,0.982269057,9.4,12.3
Ccdc28a,40.36218831,-0.228379434,0.734464425,-0.310946897,0.755840992,0.982344393,35.3,74.3
Il13ra1,14.49164355,0.571400704,1.834298577,0.311509103,0.755413624,0.982344393,24.7,18.1
Letm2,67.99154006,0.225414377,0.724905925,0.310956731,0.755833516,0.982344393,67,102.9
Morn1,6.252033538,-0.526437966,1.692076297,-0.311119521,0.755709762,0.982344393,7.4,12.7
Rps13-ps1,3.842875668,-0.565689013,1.819556157,-0.310893957,0.755881239,0.982344393,2.4,9.4
Snap47,35.50266278,-0.276943471,0.890877736,-0.310865858,0.755902601,0.982344393,40.2,70.1
Vmac,25.33632589,-0.281481884,0.904211826,-0.311300821,0.755571943,0.982344393,17.1,47.9
Zfp958,26.24625047,0.406610343,1.306177699,0.311297875,0.755574182,0.982344393,17.1,40.1
Acvr1b,19.43005038,0.397792854,1.281264798,0.310468885,0.756204417,0.982448584,24.7,27.7
Ctns,33.58450533,0.283008082,0.911228151,0.31057873,0.756120899,0.982448584,36.9,53.6
Hook2,82.09646852,0.174503111,0.562202149,0.310392109,0.756262794,0.982448584,58.7,137.5
Purb,1114.981748,0.032947994,0.106099672,0.310538135,0.756151765,0.982448584,843.3,1956.2
1700109H08Rik,31.44048709,-0.330353601,1.070169896,-0.308692669,0.757555321,0.982553218,23.1,66.7
5830444B04Rik,24.06119066,0.473852823,1.530826309,0.309540553,0.756910369,0.982553218,20.3,30.9
Bloc1s4,70.54597838,-0.159920306,0.519940527,-0.307574228,0.758406333,0.982553218,62.4,136.4
Ccz1,274.2463313,0.077421765,0.251957831,0.307280644,0.758629767,0.982553218,207.5,476.8
Cd302,36.85425918,0.240646247,0.78109696,0.308087548,0.758015716,0.982553218,28.7,54.7
Cep55,50.65112416,0.248454631,0.802538896,0.309585781,0.756875971,0.982553218,45.3,86.1
Ciita,48.93282271,0.317020253,1.022357118,0.310087588,0.756494351,0.982553218,65.5,67.9
Fasl,472.0435043,0.066195406,0.214588771,0.308475629,0.757720442,0.982553218,340.5,839.7
Fbxo44,34.14215842,0.200650436,0.648048204,0.309622702,0.756847891,0.982553218,27.6,60.4
Flvcr1,79.90469499,0.157195231,0.509601057,0.308467238,0.757726826,0.982553218,68.9,137.9
Galnt6,253.9542236,-0.084186477,0.273842906,-0.307426174,0.758519008,0.982553218,179.8,456.4
Gm11249,3.376561669,0.347425348,1.121302189,0.309840961,0.756681901,0.982553218,2.6,12.4
Gm38190,82.09009128,0.24034663,0.781570535,0.307517517,0.758449492,0.982553218,63.3,123.7
Gm42721,23.44928318,-0.344213585,1.119440876,-0.307487061,0.75847267,0.982553218,15.8,40.8
Gm7027,16.31317027,-0.301795216,0.976160333,-0.309165621,0.757195544,0.982553218,10.3,32.1
Hagh,52.1789066,0.190321297,0.617373497,0.308275782,0.757872493,0.982553218,43.5,80.6
Ifng,1926.35059,-0.06558935,0.213390667,-0.307367474,0.758563683,0.982553218,1346.5,3522
Klhl26,26.0552386,-0.294935198,0.960209445,-0.307157151,0.758723758,0.982553218,29,50.5
Lyrm9,131.4785929,-0.195639415,0.633297946,-0.3089216,0.757381166,0.982553218,89,233.6
Map3k10,10.34744648,-0.387293654,1.256328337,-0.308274233,0.757873671,0.982553218,10,19.9
Nckap5l,14.51390749,0.311448748,1.006285639,0.309503322,0.756938686,0.982553218,16,22.7
Nubpl,19.10424542,-0.35922352,1.167804088,-0.307605979,0.75838217,0.982553218,8.6,34.9
Nudt5,104.8006392,-0.156848192,0.509287611,-0.307975667,0.758100848,0.982553218,73.5,197.4
Pbk,40.15969601,-0.232958596,0.754379459,-0.308808244,0.757467398,0.982553218,31.1,74.3
Pdcd11,217.7390019,0.070402101,0.228073127,0.308682138,0.757563332,0.982553218,200.4,374.9
Polm,143.4720677,0.145001623,0.470966372,0.307881055,0.758172842,0.982553218,112.2,236.7
Polr3h,34.01614771,0.266094472,0.862947318,0.308355407,0.75781191,0.982553218,38.7,56.6
Ppp1r13b,52.86595263,-0.206015276,0.668662678,-0.308100456,0.758005895,0.982553218,47.9,104.7
Ppt2,127.5375942,-0.117959999,0.382265101,-0.308581658,0.757639775,0.982553218,102.5,229.8
Rcbtb2,108.6373301,-0.118809713,0.386745834,-0.307203601,0.758688405,0.982553218,81.5,201.5
Rps23,58.94395382,-0.170168128,0.553785859,-0.30728146,0.758629146,0.982553218,57.6,108.9
Scoc,45.21718419,0.287883705,0.929884979,0.30959066,0.75687226,0.982553218,33.8,71.2
Tbc1d8b,45.31567828,0.327198935,1.057796569,0.30932123,0.757077183,0.982553218,36.1,72.3
Zfp560,35.60165267,-0.261576506,0.848920453,-0.308128407,0.757984627,0.982553218,28.9,70.2
Batf2,6.183387981,0.674529687,2.198034692,0.306878544,0.758935821,0.98264649,6.7,7.8
Ppp1ccb,3.109080476,-0.334691812,1.090383716,-0.306948652,0.758882456,0.98264649,2.3,6
Ankrd27,131.0252803,0.129861121,0.423690818,0.30649973,0.759224185,0.982657022,88.2,219.1
C1qa,334.4346193,0.202707365,0.662246479,0.306090514,0.75953573,0.982657022,451.5,479.3
Casd1,80.64209661,-0.189848635,0.619898786,-0.306257471,0.759408617,0.982657022,81.9,146.5
Gm43625,4.253617288,-0.585224102,1.909979972,-0.306403266,0.759297622,0.982657022,7.6,9.4
Gm6285,3.398667625,0.314633152,1.028168069,0.306013347,0.759594484,0.982657022,7.8,4.7
Hsf1,123.6258194,-0.151959473,0.49644574,-0.306094827,0.759532447,0.982657022,103.9,225.7
Inpp5d,459.8550221,-0.053312121,0.174378169,-0.305727037,0.759812486,0.982657022,352.1,832
Kdm3b,250.3096297,0.081412816,0.266238096,0.305789507,0.759764918,0.982657022,171.8,424.2
Lrpap1,115.7488401,-0.133430897,0.436516239,-0.30567224,0.759854211,0.982657022,78.2,210.6
Pgm2l1,113.5647572,-0.151142731,0.494369587,-0.305728215,0.759811589,0.982657022,73.1,218.6
Pop5,128.9575372,0.119654964,0.390812634,0.306169641,0.759475486,0.982657022,115.3,213.9
Ppil3,88.89067001,0.175149136,0.572368588,0.306007596,0.759598862,0.982657022,95.8,149.4
Zfp652,376.0933752,-0.085624315,0.279120902,-0.306764252,0.75902282,0.982657022,241.6,680.7
Gm2581,3.293293874,-0.33518111,1.097893057,-0.305294862,0.760141589,0.982847527,2.6,5.7
Zmat1,41.64515819,-0.284770611,0.932545259,-0.305369212,0.760084968,0.982847527,18.9,76.7
Ado,75.3251254,-0.201148154,0.659194597,-0.305142297,0.760257778,0.9829072,58.3,146.3
Lbr,165.0160389,0.081592401,0.267664467,0.304830902,0.760494945,0.983123255,139.3,287.2
Aco2,52.36935871,0.15371657,0.506567571,0.303447316,0.761548991,0.983132443,40.6,88.9
BC037032,14.09691226,-0.535821731,1.761119137,-0.3042507,0.760936901,0.983132443,17.9,30.7
Crim1,156.3308934,0.1187155,0.391022748,0.303602541,0.761430715,0.983132443,110.2,267.9
Gabpb2,606.3720334,0.072316683,0.238393306,0.303350309,0.76162291,0.983132443,434.5,1069.1
Gm37108,5.034567031,-0.351733188,1.155494877,-0.304400474,0.760822807,0.983132443,13.3,10.9
Ifi211,13.68730538,-0.367239283,1.209813792,-0.303550253,0.761470556,0.983132443,13.3,27.4
Mtx3,22.26975374,0.265175972,0.871039891,0.304436082,0.760795682,0.983132443,14.9,33.1
Pip5k1c,214.8851136,-0.073188763,0.240575337,-0.304223882,0.760957331,0.983132443,155.1,382.2
Pmpca,72.26384624,-0.168352769,0.553099507,-0.304380618,0.760837933,0.983132443,54.8,130.1
Prss12,5.78111779,0.610665841,2.009046983,0.303957969,0.761159913,0.983132443,11.7,8.5
Rpp40,6.721712291,-0.450509387,1.484229465,-0.30353082,0.761485363,0.983132443,7.2,14
Sbf1,200.8431509,-0.086703537,0.285358917,-0.303840291,0.761249569,0.983132443,150.9,379.9
Sh3rf1,20.66154108,0.363291808,1.19512247,0.303978728,0.761144098,0.983132443,19.3,32.9
Snord17,3.570887853,-0.704358011,2.312963749,-0.304526178,0.760727052,0.983132443,7,8.7
Sox5,5.487533713,-0.81591298,2.687901111,-0.303550223,0.76147058,0.983132443,4.6,13.8
Tatdn1,73.26308881,-0.174327954,0.574662935,-0.303356878,0.761617905,0.983132443,47.6,135.8
4833407H14Rik,3.757993358,-0.582306748,1.921876864,-0.302988583,0.761898562,0.98314571,2.1,8.6
Chchd10,52.31863115,-0.186539064,0.615890117,-0.302877183,0.761983461,0.98314571,42.7,97.2
Emid1,23.73720057,-0.250963222,0.828573957,-0.302885724,0.761976952,0.98314571,21.1,44
Erlin1,46.40043734,0.297747048,0.982212164,0.303139239,0.761783752,0.98314571,41.3,76.6
Siah1a,81.82642807,-0.168879786,0.556927568,-0.303234739,0.761710976,0.98314571,71.1,146.1
C5ar1,38.52676089,-0.355988635,1.177407993,-0.302349429,0.762385701,0.98321273,46,69.4
Gm43679,34.01403479,-0.314149599,1.038450083,-0.302517766,0.762257392,0.98321273,21.4,63.1
Pdss1,25.62411468,-0.331678815,1.096867861,-0.302387212,0.762356902,0.98321273,12.9,53.5
Tbc1d2,7.878672605,-0.512069206,1.692310393,-0.302585866,0.762205487,0.98321273,3.6,18
Tnrc18,307.731438,-0.074254016,0.245337077,-0.302661208,0.762148064,0.98321273,211.9,556.7
4930599N23Rik,5.192663365,-0.507329102,1.686812415,-0.300762016,0.763595975,0.983234204,4.8,11.5
8030462N17Rik,113.5481568,-0.149563355,0.498113786,-0.300259417,0.763979286,0.983234204,99.4,209.8
Ap1s1,143.2464255,0.105158005,0.348442107,0.301794768,0.76280852,0.983234204,117.1,242.9
Apc,204.0359098,0.092497354,0.30736957,0.300932048,0.763466311,0.983234204,158.4,349.2
Arhgap33,24.50645504,0.354814706,1.179323783,0.300862843,0.763519085,0.983234204,22.7,34.5
Atr,201.3763991,-0.107193199,0.35477093,-0.30214764,0.762539517,0.983234204,148.6,364.3
Copg2,46.82715544,0.195015031,0.648414882,0.300756562,0.763600134,0.983234204,46.3,82.7
Cyp2u1,6.644759534,0.672234448,2.235773789,0.300671943,0.763664666,0.983234204,3.5,8.9
Emp3,696.9647219,0.051079147,0.169073346,0.302112356,0.762566414,0.983234204,577.1,1223.9
Gm10847,49.72219614,0.217976689,0.723510274,0.301276563,0.763203611,0.983234204,34.2,78.2
Gm20139,5.315250417,-0.680017189,2.25320389,-0.301800113,0.762804445,0.983234204,1.7,11.8
Gm44175,369.2221215,0.09457679,0.314831373,0.300404592,0.763868561,0.983234204,233.9,611
Gm45033,6.289262336,0.665414368,2.216473889,0.300213042,0.764014658,0.983234204,6.1,9.7
Gm7336,3.704103772,0.335490228,1.11808804,0.300057076,0.76413362,0.983234204,4.7,6
Klhl20,137.4305653,0.144857826,0.48091928,0.301210269,0.76325416,0.983234204,113.9,237.1
Miip,70.47503692,-0.170420946,0.567733347,-0.300177798,0.764041539,0.983234204,46.1,134.2
Ms4a6c,79.35260341,-0.167555704,0.555979971,-0.301370035,0.763132341,0.983234204,65.9,140.9
Nfe2l1,229.8884461,-0.094161148,0.31235569,-0.301454885,0.763067648,0.983234204,205.6,427.4
Pcnx4,22.71301829,-0.353551821,1.178747032,-0.299938674,0.764223934,0.983234204,12.3,42.6
Prim1,95.03722084,-0.154469547,0.514728723,-0.300098945,0.764101684,0.983234204,53.3,185.3
Rbx1-ps,46.21501192,0.233421688,0.775100489,0.301150227,0.763299942,0.983234204,35.2,70.1
Snhg18,10.63980081,0.554208993,1.847371081,0.299998738,0.764178118,0.983234204,21.6,14.7
Srbd1,98.61887826,0.143264462,0.474779543,0.301749443,0.762843074,0.983234204,65.6,165.7
Srd5a3,104.8058951,0.156755633,0.520362052,0.301243397,0.763228899,0.983234204,84,175.9
Vps33b,52.40277388,0.22644911,0.753705005,0.300447931,0.763835508,0.983234204,42.5,80.7
Znhit1,61.1156694,-0.146944387,0.489368522,-0.300273475,0.763968564,0.983234204,45.2,110.6
Kcnj8,13.66698908,0.396036033,1.320912547,0.299820025,0.76431444,0.983260505,13,19.5
Podxl,2.062772496,-0.879169811,2.935150861,-0.299531388,0.764534627,0.983453616,1.8,9.7
Cebpg,266.7663322,-0.07493647,0.250502559,-0.299144529,0.764829772,0.983743105,230.6,481.2
Crocc,14.35599989,-0.35222721,1.179807615,-0.29854631,0.765286237,0.983942185,9.7,32.8
Ell2,86.4924547,-0.198584926,0.664784366,-0.298720812,0.765153076,0.983942185,48.7,157.5
Hs6st1,8.041094246,-0.490208467,1.64297271,-0.298366774,0.765423245,0.983942185,3.8,16.7
Kcnip2,9.618837112,-0.523142507,1.753529292,-0.298336908,0.765446038,0.983942185,8.6,19.3
Sem1,943.0509756,-0.043222736,0.144837738,-0.298421781,0.765381267,0.983942185,771.9,1683.8
Snapc5,123.6772169,0.146414713,0.490558628,0.298465269,0.76534808,0.983942185,101.9,203
Tbrg1,149.5644273,-0.119755488,0.401461885,-0.298298526,0.765475329,0.983942185,122.4,277.9
Cep89,29.03926806,-0.23747339,0.79668599,-0.298076523,0.765644759,0.984069837,21,53.5
AC109138.8,2.084776196,0.824793892,2.770714515,0.297682741,0.765945317,0.984275852,4.6,2.9
Mob3c,65.52229979,-0.193652854,0.650466148,-0.297713963,0.765921486,0.984275852,56.6,125.4
Sec61a2,26.10672516,-0.349000645,1.172956077,-0.297539398,0.766054734,0.984326326,17.3,51.9
P4htm,17.02596907,-0.315388451,1.060393271,-0.297425926,0.766141352,0.9843475,11.5,34.7
Fbxo11,184.0477769,0.080536284,0.270920514,0.297269049,0.76626111,0.984389589,135.3,322.7
Gm32401,12.89350911,0.417971591,1.406439724,0.297184148,0.766325924,0.984389589,13.5,17.4
Slc15a1,10.7052883,0.525670091,1.769444805,0.297081938,0.766403954,0.984389589,11.3,16.5
Wdr43,393.6504745,-0.089595122,0.301651348,-0.297015489,0.766454684,0.984389589,315.1,717.2
2210011C24Rik,6.316693646,-0.503637265,1.718084637,-0.293138798,0.769416062,0.984759385,2.7,11.1
2510017J16Rik,53.49291855,-0.247674111,0.8645342,-0.286482722,0.774508425,0.984759385,27.7,99.7
4833403J16Rik,74.34295118,-0.163705571,0.556450632,-0.294196038,0.768608108,0.984759385,54,139.6
6030458C11Rik,94.57664629,-0.124176836,0.427299139,-0.290608674,0.771350625,0.984759385,80.5,181.7
6720427I07Rik,68.31130019,-0.200189185,0.686640382,-0.291548809,0.77063162,0.984759385,38.2,127.2
9630013D21Rik,29.93002859,0.236554483,0.820309508,0.288372231,0.773061822,0.984759385,27,46.8
Aars2,17.26426914,-0.318973261,1.086779007,-0.293503334,0.769137452,0.984759385,6.7,32.4
Aasdh,42.79643746,0.29599721,1.018402259,0.290648619,0.771320072,0.984759385,35.7,63.8
Acin1,1013.979883,-0.040175098,0.136916462,-0.293427813,0.769195169,0.984759385,788.8,1847.6
Ap4s1,69.16755549,-0.190376858,0.65743087,-0.289576999,0.772139866,0.984759385,51,129.6
Arap3,19.19720167,0.302389357,1.04808378,0.288516398,0.77295148,0.984759385,14.2,29
Bbs2,19.51996949,0.423256236,1.453977118,0.291102405,0.770973001,0.984759385,12.7,31.3
CAAA01118383.1,67.28035065,0.135993484,0.474463157,0.286626015,0.774398693,0.984759385,45.5,116.8
Calm1,4217.49956,-0.027918983,0.097155873,-0.287362791,0.773834548,0.984759385,3427.9,7480.2
Cblb,1070.271337,-0.043992947,0.151198871,-0.290960815,0.771081288,0.984759385,741.7,1919.8
Cd274,265.0772166,-0.088733588,0.305951988,-0.290024551,0.771797455,0.984759385,175.9,477.6
Cdc26,52.6669953,-0.220036454,0.743540504,-0.29593069,0.767283013,0.984759385,36.6,98.2
Cdk16,21.74733617,0.241374198,0.821238813,0.293914748,0.768823049,0.984759385,15,34.8
Cdkal1,105.0465474,0.097423417,0.330857773,0.29445709,0.768408648,0.984759385,74.5,186.5
Cdkn2aip,62.99865207,0.210159103,0.724515566,0.290068444,0.771763876,0.984759385,63.2,108.4
Cfp,31.39712442,-0.265497783,0.905517009,-0.293200217,0.769369118,0.984759385,27.3,54
Chaf1b,73.54363201,0.168404456,0.569335035,0.295791487,0.767389325,0.984759385,62.7,122.8
Chml,19.60321448,0.317323725,1.083161349,0.292960717,0.769552179,0.984759385,15.2,29.6
Ckb,31.30732827,-0.285616698,0.980115693,-0.291411208,0.770736844,0.984759385,22.1,57.2
Coro2a,423.4193041,0.076521651,0.263383918,0.290532738,0.771408709,0.984759385,317,741.9
Cpt1a,126.2887187,0.118390671,0.401801151,0.294649906,0.768261334,0.984759385,99,217.1
D830035M03Rik,3.09928636,-0.833182748,2.901387609,-0.28716699,0.77398446,0.984759385,3.9,7.9
Dcp1b,56.91361864,-0.224823839,0.783542547,-0.286932522,0.774163988,0.984759385,38.8,105.4
Ddx23,116.8909306,0.105579799,0.357957445,0.294950701,0.76803154,0.984759385,100.6,196.7
Dhcr24,9.726422105,0.36130176,1.236971234,0.292085822,0.770221007,0.984759385,8.9,15.8
Dhx40,181.0352175,0.108064677,0.366750948,0.294654118,0.768258116,0.984759385,116.3,314.5
Dnajc12,24.74984117,0.306151033,1.058584467,0.28920794,0.772422256,0.984759385,15.7,38.9
Eif2s2,267.6869932,-0.081753617,0.285130261,-0.286723747,0.774323854,0.984759385,239.4,486.6
Fads1,52.29293823,0.187504546,0.642440581,0.291862861,0.77039148,0.984759385,61.9,83.5
Fbxo32,123.3368709,0.113042244,0.389234043,0.290422294,0.771493191,0.984759385,82.6,212.8
Fiz1,69.28210275,-0.136071753,0.462308668,-0.294330957,0.76850502,0.984759385,44.6,127.9
Fzd5,37.15411163,0.281566316,0.953854569,0.295187889,0.767850353,0.984759385,33.8,58.4
Gar1,229.9629072,0.112563967,0.385957469,0.291648631,0.770555289,0.984759385,241.2,383
Ggnbp1,2.576710113,-0.84975322,2.925966805,-0.290417929,0.771496529,0.984759385,6.4,10.7
Gm18959,13.04997425,-0.491491903,1.705310348,-0.288212585,0.773184016,0.984759385,6.8,27.9
Gm23887,4.574352927,-0.735619081,2.520691824,-0.291832216,0.770414912,0.984759385,4,8.9
Gm24826,16.18887406,-0.456406903,1.545436899,-0.295325486,0.767745249,0.984759385,11.3,35.1
Gm26740,172.5446807,-0.129453634,0.443568944,-0.291845577,0.770404696,0.984759385,114.2,330.8
Gm37090,39.08592036,-0.256084128,0.881338137,-0.290562858,0.77138567,0.984759385,18.6,67.5
Gm37349,32.20571348,-0.394491212,1.364069662,-0.289201661,0.772427061,0.984759385,27.7,66.8
Gm37420,27.48748143,-0.300896124,1.032472563,-0.291432562,0.770720514,0.984759385,21.9,59.8
Gm37423,53.94446268,-0.204597791,0.697574299,-0.293298924,0.769293676,0.984759385,38.4,104.3
Gm37452,8.169114424,0.556579212,1.879318188,0.29616018,0.767107757,0.984759385,7.6,12
Gm38009,11.2790816,-0.568042832,1.935502637,-0.293485951,0.769150736,0.984759385,29.3,25.8
Gm43460,6.784126628,0.578678126,1.98145033,0.292047758,0.770250109,0.984759385,10.3,9.1
Gm43609,2.391554292,0.714054303,2.460485376,0.290208717,0.771656568,0.984759385,7,10.3
Gm43682,16.77551011,0.3757022,1.305964447,0.287681798,0.773590325,0.984759385,10.4,26.8
Gm44091,7.439068168,-0.5374578,1.829984019,-0.293695352,0.768990707,0.984759385,3.1,14.8
Gm44752,21.80677596,0.34637695,1.198332408,0.289049138,0.772543775,0.984759385,16.2,30.1
Gm45313,10.3003588,-0.431262212,1.49236858,-0.288978351,0.772597944,0.984759385,5.9,23
Gm45767,8.699042083,0.581785495,2.006946417,0.289885913,0.771903519,0.984759385,8.1,12
Gm48551,3.272992433,-0.833237516,2.891821007,-0.288135923,0.773242695,0.984759385,2.6,7.8
Gm6472,24.20851277,-0.262071993,0.894083814,-0.293117926,0.769432015,0.984759385,15.5,45.1
Gm7968,16.55655001,0.441733046,1.515412483,0.291493604,0.770673835,0.984759385,23,23.2
Gm8927,5.770159032,-0.341877846,1.183473588,-0.288876617,0.772675798,0.984759385,5.9,11.2
Gnb1l,16.99051611,0.350640045,1.214153575,0.288793817,0.772739164,0.984759385,14.3,25.8
Gnptg,259.4568619,0.119812599,0.408333768,0.293418298,0.769202441,0.984759385,154.6,437.8
Gpalpp1,129.5285085,-0.108434496,0.368707851,-0.294093265,0.768686637,0.984759385,93.3,232
Hectd4,159.5057044,-0.082545254,0.286171069,-0.288447236,0.773004414,0.984759385,109.5,281.5
Hist1h4i,14.68808078,0.319786757,1.105315352,0.289317213,0.772338641,0.984759385,19.9,24.6
Hmgcs1,153.0586699,0.114731659,0.394542489,0.290796714,0.771206798,0.984759385,142.9,254.6
Hps1,104.7781307,0.155196175,0.541528586,0.286589072,0.774426983,0.984759385,85.7,177.5
Ldlrad3,13.72517837,0.615718826,2.077204268,0.296417081,0.766911582,0.984759385,12.8,16.3
Lin52,36.20250799,0.25377095,0.882223339,0.287649328,0.773615182,0.984759385,23.5,56
Lrrc32,13.87835585,-0.514137005,1.772162098,-0.290118498,0.771725585,0.984759385,12.9,28.9
Mbip,48.57315738,-0.219835087,0.754448119,-0.291385294,0.770756661,0.984759385,41.1,98.4
Mirt1,98.46732533,-0.144418692,0.497052165,-0.290550372,0.77139522,0.984759385,73.4,187.8
Mrps15,142.5268371,0.10510492,0.361517782,0.290732365,0.771256017,0.984759385,118.5,239
Ndufa13,815.4849756,0.042519925,0.144232185,0.294801923,0.768145197,0.984759385,642.6,1410.2
Nes,2.849657393,0.859105926,2.912962111,0.294925198,0.768051023,0.984759385,12.4,7.8
Nr6a1,3.83629181,-0.604775579,2.101738502,-0.287750154,0.773537995,0.984759385,3.3,8.2
Nudt18,53.6880007,-0.225499788,0.776934605,-0.290242945,0.771630384,0.984759385,30.4,109.7
Osm,39.09222354,-0.298403378,1.038872987,-0.287237594,0.773930402,0.984759385,46.3,74
Parp11,138.1812705,-0.125532323,0.423721907,-0.296261111,0.767030683,0.984759385,107.6,256.3
Plxnb1,2.05689361,-0.722184509,2.521130207,-0.286452682,0.77453143,0.984759385,1,4
Polr3g,26.7410577,0.238515961,0.820602301,0.29065963,0.77131165,0.984759385,31,45.3
Prr14l,146.2497927,0.097184904,0.328764203,0.295606707,0.767530451,0.984759385,114.3,255.1
Rad54b,14.39423022,0.381646138,1.306813683,0.292043267,0.770253543,0.984759385,14.3,21.2
Rae1,194.4711116,-0.095166203,0.325883476,-0.292025249,0.770267319,0.984759385,129.6,342.5
Rfwd3,59.10981599,0.166616123,0.570678998,0.291961197,0.770316292,0.984759385,53.4,100.3
Rit1,44.75677689,0.216047591,0.740384989,0.291804391,0.770436188,0.984759385,40.2,73.3
Rnf165,36.59673656,-0.261973574,0.898896653,-0.291439036,0.770715563,0.984759385,23.9,69.9
Rnpc3,145.7800692,0.09955564,0.345354465,0.288270893,0.773139386,0.984759385,109,255.3
Scamp1,29.91215335,0.302679911,1.032221589,0.293231525,0.769345189,0.984759385,25.4,42.8
Sdhaf2,146.0149728,0.142672901,0.497813472,0.286599116,0.774419291,0.984759385,130.7,243.4
Slc29a2,3.134971808,-0.52023185,1.795051658,-0.289814417,0.771958218,0.984759385,7,7.3
Slc35e2,110.2553449,-0.131677989,0.457893254,-0.28757355,0.773673194,0.984759385,95.5,214
Smg9,110.2609418,-0.109412661,0.381770616,-0.286592672,0.774424226,0.984759385,83.2,206
Sp3os,32.79923695,-0.280851697,0.949689516,-0.295730017,0.767436272,0.984759385,13.9,59.2
St13,459.0379176,0.058710331,0.2023208,0.290184358,0.771675202,0.984759385,381.9,794.9
Stoml1,72.71005899,-0.184259594,0.638923138,-0.288390862,0.773047562,0.984759385,57.7,134.3
Stxbp5,195.9293067,-0.110599648,0.374706259,-0.295163599,0.767868907,0.984759385,114.7,358.1
Syne2,93.62606665,-0.139926971,0.483204043,-0.28958154,0.772136391,0.984759385,82.4,187.1
Synj2bp,242.8402076,0.079363688,0.274230979,0.289404532,0.772271827,0.984759385,190,411.5
Tbc1d22a,70.85998848,0.135816188,0.473626471,0.286758018,0.77429761,0.984759385,58.7,122.8
Tec,60.92320149,0.137119512,0.4761273,0.287989182,0.773355019,0.984759385,51.4,102.8
Thap7,59.70496071,-0.188257053,0.637914478,-0.295113311,0.767907322,0.984759385,50.5,115.1
Tmc4,4.881543785,-0.467887019,1.623342122,-0.288224529,0.773174873,0.984759385,4.5,11.6
Tmem108,2.694500623,0.783425984,2.683112079,0.29198407,0.770298804,0.984759385,2.4,3.5
Tmem143,23.54327962,-0.303202751,1.056960965,-0.286862771,0.774217398,0.984759385,21.2,44.9
Tpk1,25.01816745,0.39609804,1.3358237,0.296519698,0.766833226,0.984759385,21.1,39.9
Ubqln2,134.4342373,-0.156718651,0.544121394,-0.288021484,0.773330293,0.984759385,90.5,260.9
Yipf3,213.830782,-0.087703217,0.296142816,-0.296151761,0.767114186,0.984759385,172.1,376.1
Zfp729b,46.49435919,0.24814018,0.853648218,0.29068201,0.771294531,0.984759385,38.9,69.1
Zfp84,48.39373521,-0.183698093,0.636232117,-0.288728104,0.772789454,0.984759385,33.6,91.4
Zscan26,51.65974789,-0.206854184,0.705539979,-0.29318563,0.769380267,0.984759385,39.9,93.3
Mfsd11,31.58732768,-0.266751378,0.931863998,-0.286255697,0.774682287,0.984775837,30.2,59.2
Polb,121.1923919,-0.11333984,0.395943538,-0.286252532,0.774684711,0.984775837,98.9,228.1
Rpl18a,636.126136,0.061284336,0.214314345,0.285955361,0.774912311,0.984974087,495,1097.2
Txnrd3,5.422304729,0.69339125,2.425584502,0.285865633,0.774981036,0.984974087,7.8,8.4
Iars2,142.2801646,-0.114132453,0.399772148,-0.285493759,0.775265885,0.985157681,109.2,259.3
Slc26a2,247.6129721,-0.090831381,0.318124016,-0.285521924,0.77524431,0.985157681,154.2,444.7
Dclk1,34.6342823,0.282000682,0.988503112,0.28528052,0.775429236,0.985170753,31.8,55.4
Fcgr4,84.5019832,-0.248369672,0.870844855,-0.28520542,0.775486768,0.985170753,83.2,140.7
Sema6d,116.9717082,0.140097379,0.490935366,0.285368277,0.775362009,0.985170753,93.4,196.3
A530083M17Rik,76.04274944,-0.2656039,0.931617707,-0.285099669,0.775567784,0.985184493,47.1,154.5
1810058I24Rik,286.7467867,0.061754613,0.21774873,0.28360493,0.776713159,0.985301679,225.4,492.5
Arl6ip4,169.3298918,-0.130882018,0.461037858,-0.283885619,0.776498038,0.985301679,128.1,313.8
Ccdc84,40.89548306,0.169267316,0.595586841,0.284202579,0.776255139,0.985301679,31.5,65.3
Cisd2,400.6652097,-0.068620103,0.241643462,-0.283972521,0.776431439,0.985301679,293.4,718.3
Elavl1,414.2536511,-0.060480145,0.212879055,-0.284105663,0.776329407,0.985301679,307.7,774.6
Gm13212,6.530832647,0.390858053,1.377693459,0.283704659,0.776636724,0.985301679,4.4,10.4
Gm15700,7.416471832,-0.618152347,2.176505321,-0.284011411,0.776401636,0.985301679,3.7,16.2
Gm19195,11.68718648,0.554135267,1.953088841,0.28372251,0.776623043,0.985301679,11.6,14.2
Gm49760,4.248872566,-0.632460091,2.226027201,-0.284120558,0.776317993,0.985301679,4.6,10.7
Mmp12,21.24279099,-0.420451468,1.481896193,-0.283725318,0.776620891,0.985301679,15.6,36.6
Pgs1,132.4973925,-0.130210463,0.458792164,-0.283811436,0.77655489,0.985301679,104.1,248.5
Pmepa1,1052.895903,-0.043560812,0.153516638,-0.283753037,0.776599647,0.985301679,871.1,1899.1
Pnrc2,329.2088445,0.079326982,0.279615426,0.283700306,0.77664006,0.985301679,288.5,558.7
Socs4,160.4209169,0.125653695,0.442486668,0.283971709,0.776432062,0.985301679,116.7,278.5
Tfcp2,25.10945105,0.281511538,0.992594694,0.28361177,0.776707916,0.985301679,26.6,37.2
1700020I14Rik,615.5290937,-0.053019098,0.187090302,-0.283387739,0.776879626,0.98533472,472.6,1122.7
Drosha,85.16432586,-0.152319642,0.537468553,-0.283401961,0.776868725,0.98533472,70.4,155.6
0610009B22Rik,11.63722222,-0.455307007,1.615696973,-0.281802228,0.778095162,0.985629345,7.5,22.2
Ankrd9,20.41446625,-0.339515905,1.204368349,-0.281903709,0.778017345,0.985629345,16,39.3
Ccdc173,16.38866935,0.328878731,1.164470921,0.282427603,0.777615652,0.985629345,13.4,26.1
Ccdc30,9.297446792,-0.301253669,1.067504636,-0.282203617,0.777787385,0.985629345,4.6,17.7
Clp1,77.17171604,-0.130749224,0.463876314,-0.281862255,0.778049132,0.985629345,72.2,142.1
Cpt2,19.97635029,-0.285517771,1.009447204,-0.28284567,0.777295144,0.985629345,15.3,39.6
Fastkd2,24.95245603,0.256687389,0.90777257,0.282766188,0.777356075,0.985629345,20.5,38
Gm9574,5.261510869,-0.624383035,2.212130724,-0.282254131,0.777748654,0.985629345,7,12
Gtf2b,279.3085597,-0.076255844,0.270335588,-0.28207845,0.777883357,0.985629345,192.3,517.6
Ift80,97.39842088,0.148505722,0.526872453,0.281862757,0.778048748,0.985629345,70.2,164
Lrp1,57.28360514,-0.225669878,0.800365968,-0.281958363,0.777975437,0.985629345,48.4,94.5
Map1b,11.75284287,0.489237935,1.731277756,0.282587779,0.77749285,0.985629345,21.6,18.7
Nono,151.720746,0.099222045,0.350654565,0.282962365,0.777205687,0.985629345,111.9,256.8
Romo1,388.7421096,-0.061831901,0.219403211,-0.281818578,0.778082625,0.985629345,323.4,705.6
Procr,8.177069072,0.518196337,1.840071899,0.281617439,0.778236867,0.985719872,14.8,10.5
Abcg1,186.0853445,0.104363144,0.371805932,0.280692521,0.778946246,0.985792063,124.8,324.1
Alg8,27.51750412,-0.242089659,0.861870544,-0.280888656,0.778795801,0.985792063,23.9,55.5
Eci2,128.7601683,0.157179596,0.559956951,0.280699429,0.778940947,0.985792063,108.5,210.9
Gadd45gip1,36.05533772,-0.195347258,0.696336525,-0.280535705,0.779066536,0.985792063,23.7,70.3
Irf7,610.9980758,0.057065156,0.203053744,0.281034739,0.778683755,0.985792063,462.7,1021.9
Lrp6,120.8680085,0.089366055,0.317758795,0.281238651,0.778527361,0.985792063,98.4,212.8
Nfam1,22.0477487,-0.310967335,1.106121018,-0.281133194,0.778608242,0.985792063,20.3,34.9
Noc2l,64.40151271,0.126304079,0.449272154,0.281130442,0.778610353,0.985792063,48.8,107.1
Tmem127,343.3691048,0.082907174,0.29508615,0.280959217,0.77874168,0.985792063,259.9,594.9
Vps28,758.8098627,0.041733512,0.148753962,0.280553953,0.779052538,0.985792063,561.5,1320.8
Zkscan17,88.89120325,-0.1973205,0.701280375,-0.281371769,0.778425269,0.985792063,64.1,168.3
Xrcc3,12.30245565,0.39261269,1.400650664,0.28030736,0.779241705,0.985924818,12.2,19.9
Mfsd13a,11.92526235,-0.343584504,1.226188474,-0.280205295,0.779320004,0.985934998,6.8,21
Lmf1,46.89228756,0.192178139,0.686847452,0.279797412,0.779632937,0.986196657,52.5,76.1
Mapk1ip1,53.79078244,-0.176152003,0.629670812,-0.279752531,0.779667373,0.986196657,34.6,101.5
Ptpn3,15.31049441,0.340725156,1.218422673,0.279644464,0.77975029,0.98621265,15.3,25.3
1700021F05Rik,34.91023033,0.225222281,0.809293928,0.278294787,0.780786077,0.986382453,38,53.1
Abcd4,55.21447715,-0.167224485,0.604032184,-0.276846978,0.781897607,0.986382453,52.3,105.8
AC113540.1,24.54518291,0.300995563,1.088112156,0.276621818,0.782070509,0.986382453,19.5,38.8
Aimp1,356.3348805,0.072135067,0.259832729,0.277621173,0.781303177,0.986382453,263,606.4
Cd163l1,22.1889,0.3358251,1.214785568,0.276448049,0.782203956,0.986382453,13.7,36
Cdc14b,53.16929256,0.203512039,0.729501428,0.278974148,0.780264664,0.986382453,47.1,88.5
Chmp2b,114.6210687,-0.118259433,0.425319455,-0.278048492,0.780975134,0.986382453,94.8,212.4
Coq8a,15.25517231,0.370486062,1.336084813,0.277292323,0.781555654,0.986382453,14.9,22.9
Dnaaf5,32.01234914,-0.195807197,0.708134048,-0.276511485,0.78215524,0.986382453,23.6,63.3
Fbxl2,18.62531808,0.47153573,1.697432365,0.277793531,0.781170857,0.986382453,16.2,22
Fitm2,16.95887501,-0.284461108,1.027961058,-0.276723623,0.781992331,0.986382453,15.4,31.2
Gm12854,8.739699827,0.320358901,1.147834642,0.279098477,0.780169252,0.986382453,6.4,16
Gm20692,9.976218083,0.394800124,1.423919302,0.27726299,0.781578175,0.986382453,15.1,13.8
Gm38372,16.74483652,0.503409003,1.805761109,0.278779403,0.780414122,0.986382453,9.7,23.5
Gm43511,15.65230634,0.316330269,1.143099568,0.276730285,0.781987216,0.986382453,7.9,21.6
Gm6712,13.82407579,0.508306599,1.837048536,0.276697425,0.782012449,0.986382453,11.4,21.5
Gm7232,3.876330871,0.373709662,1.34887967,0.27705189,0.781740262,0.986382453,2.4,6.4
Gnl2,126.3402193,-0.144309886,0.521863122,-0.27652823,0.78214238,0.986382453,113.5,240.2
Guca1b,8.53463914,0.473817193,1.713223934,0.276564659,0.782114405,0.986382453,6.8,12.9
Itga1,466.8516233,0.067738705,0.24364305,0.278024369,0.780993652,0.986382453,366.4,798.7
Lonrf1,8.178111851,-0.612260747,2.209286545,-0.277130528,0.781679881,0.986382453,10.9,17.9
Mgat2,156.9893326,0.064217922,0.231662882,0.277204194,0.78162332,0.986382453,128.2,275.1
Mid2,7.855286437,-0.397749788,1.431927636,-0.277772269,0.78118718,0.986382453,7.3,14.4
Rai1,211.1016815,-0.083302014,0.300821725,-0.276914887,0.781845462,0.986382453,133.4,374.7
Smarcb1,166.5544604,0.111486302,0.401280659,0.277826254,0.781145737,0.986382453,123.3,274.6
Snx16,9.279659088,0.417295224,1.503789138,0.277495836,0.781399403,0.986382453,10.4,11.7
Snx24,10.91203844,0.550953096,1.976108642,0.278807088,0.780392875,0.986382453,14.7,12.3
Tex30,43.62030547,0.230761668,0.83107032,0.277668042,0.781267195,0.986382453,23.7,72
Tmem135,142.309758,-0.126355468,0.455338358,-0.277497966,0.781397767,0.986382453,114.3,267.6
Tmem168,111.9472731,-0.163435085,0.586541787,-0.278641843,0.780519698,0.986382453,69,207.1
Ttc39b,769.0178623,-0.04545872,0.163653187,-0.277774733,0.781185288,0.986382453,543.7,1417.9
Xkrx,3.662822895,0.810664073,2.907122065,0.278854501,0.780356487,0.986382453,7.6,12.4
Zfp628,37.30036962,-0.205293521,0.736779074,-0.278636471,0.780523821,0.986382453,30.9,78.5
Mtbp,81.02886367,0.167991656,0.608070892,0.276269854,0.782340808,0.986466388,65.5,129.7
Fbxw8,11.93628039,-0.341856453,1.238037186,-0.276127775,0.782449929,0.986515344,6.5,25.7
Acta2,5.584313751,-0.489321609,1.77700358,-0.275363322,0.78303712,0.986611281,5.7,12.5
Asna1,101.1754192,-0.126680708,0.461876422,-0.274274031,0.78387404,0.986611281,69.2,184.3
Car12,10.22775183,0.409554342,1.488955415,0.275061522,0.783268973,0.986611281,13,16.8
Cluh,155.0616846,-0.104619388,0.381992003,-0.273878478,0.784178012,0.986611281,123.3,285.4
Cnot2,220.015789,0.055744194,0.203820101,0.273497037,0.784471169,0.986611281,181.6,381.3
Dennd3,45.33303952,0.18754357,0.683537673,0.274371958,0.78379879,0.986611281,42.7,75.6
Dnaja3,72.22125869,-0.127348582,0.462444743,-0.275381187,0.783023396,0.986611281,50.7,128.3
Dscc1,16.11911855,-0.315501719,1.152811313,-0.273680276,0.784330336,0.986611281,12.5,35.2
Gdap2,70.26300027,-0.118714092,0.432828025,-0.274275428,0.783872966,0.986611281,54.8,138.2
Gm16305,13.2598596,0.306172435,1.115027891,0.274587244,0.783633368,0.986611281,8.7,21.5
Gm26546,31.09920105,0.33860767,1.233978283,0.274403265,0.783774734,0.986611281,26,47.5
Gm42549,15.4880359,-0.31082206,1.1369693,-0.273377707,0.784562888,0.986611281,10,30.6
Gm42577,2.736746276,-0.803028216,2.923054151,-0.274722319,0.783529582,0.986611281,2.3,7.7
Gm42908,21.06269013,0.405313195,1.476453609,0.27451807,0.783686519,0.986611281,14.1,31.9
Gm43162,63.6347274,-0.136373181,0.494448186,-0.27580884,0.782694894,0.986611281,50.7,108
Gm47251,5.47006983,-0.605255018,2.208957891,-0.274000252,0.784084428,0.986611281,4.8,12.1
Gm6134,5.673502423,0.197206638,0.72073389,0.273619211,0.784377269,0.986611281,6.6,17.9
Gm9887,22.91325739,-0.319757006,1.163745465,-0.274765415,0.783496471,0.986611281,14.3,44.5
Gpank1,54.14273987,-0.12813908,0.467220439,-0.274258292,0.783886134,0.986611281,36.2,99.3
Isg20l2,133.2631476,-0.149308864,0.54524926,-0.273835978,0.784210674,0.986611281,118.1,258.4
Nt5c,220.5177971,0.068453995,0.249032069,0.274880239,0.78340825,0.986611281,166.3,373.1
Pcnp,67.10275549,0.152710153,0.555561046,0.274875559,0.783411845,0.986611281,52.1,105.6
Ppm1l,11.84631705,0.493855887,1.792311575,0.275541314,0.78290039,0.986611281,10.1,16.1
Sec23ip,152.0952874,-0.075838204,0.277414284,-0.273375266,0.784564764,0.986611281,111.5,278.4
Spen,274.7947177,-0.057330638,0.209582977,-0.273546251,0.784433344,0.986611281,215.3,492.6
Trak1,176.496987,-0.125725485,0.456238757,-0.275569496,0.782878741,0.986611281,128.6,324.2
Triap1,86.28578792,-0.145020889,0.52790898,-0.27470813,0.783540484,0.986611281,70.4,172.7
Tspyl4,60.26964474,-0.204052962,0.744904784,-0.273931604,0.784137184,0.986611281,35.2,109.8
Vegfa,36.5628249,0.243538278,0.889092071,0.273917951,0.784147676,0.986611281,51.3,55.2
9030407P20Rik,11.64858453,0.542307196,1.993959316,0.271975056,0.785641199,0.986704929,4.1,16.8
Abca2,434.0268744,0.062250683,0.231628644,0.268752094,0.788120461,0.986704929,318.3,749.4
Abcg3,31.23784315,-0.253915526,0.948232114,-0.267777817,0.788870347,0.986704929,16.7,61.8
Acsbg1,273.5962393,0.075044953,0.277537769,0.270395459,0.786856033,0.986704929,185.3,461.2
Actn4,536.7904349,0.047826209,0.179130148,0.266991402,0.789475781,0.986704929,408.4,936
Adck5,73.68308898,-0.129718692,0.479004978,-0.270808651,0.786538206,0.986704929,58.9,128.5
Aldh3a2,82.01685308,-0.129623933,0.484581908,-0.267496436,0.789086958,0.986704929,77.6,153.4
Arrdc1,206.4137568,-0.067974924,0.255227943,-0.266330259,0.789984871,0.986704929,147.7,377.1
Atf1,165.5737109,-0.11579782,0.43355734,-0.26708767,0.789401661,0.986704929,133.7,312.3
Cd14,93.62694807,0.164852195,0.612327301,0.26922235,0.787758582,0.986704929,90.9,139.1
Cenpv,62.27457142,-0.155230257,0.583081318,-0.266224028,0.790066679,0.986704929,46.9,124.6
Cmc2,106.4961869,0.13465643,0.502082863,0.26819563,0.788548739,0.986704929,85.4,183.2
Cog4,124.2999997,-0.069556029,0.262250385,-0.265227558,0.790834167,0.986704929,89,227.2
Crebrf,352.5416945,0.057448086,0.212608901,0.27020546,0.787002192,0.986704929,279.2,622.4
Cyp27a1,2.282621157,-0.657755218,2.473170789,-0.265956246,0.790272907,0.986704929,2.8,3.9
Ddost,293.6387283,0.050908345,0.192034646,0.265099795,0.790932585,0.986704929,256.5,499.7
Ddx39,185.5726196,0.104281648,0.393666574,0.264898405,0.791087727,0.986704929,176.8,324.1
Dus3l,90.31593564,-0.129884882,0.490143127,-0.264993785,0.79101425,0.986704929,53.8,171.4
E130307A14Rik,60.04828334,-0.170374716,0.626128946,-0.272108033,0.785538953,0.986704929,41.7,117.3
Gas5,1372.058058,0.034555951,0.128579866,0.268750872,0.788121401,0.986704929,1139.7,2385.5
Gm10388,11.12757969,-0.479523067,1.805955675,-0.265523165,0.790606467,0.986704929,5.9,21.3
Gm14113,3.094444496,-0.399146195,1.468337166,-0.271835519,0.785748493,0.986704929,2.9,6.8
Gm17511,2.821316873,0.269910127,0.998057936,0.27043533,0.786825363,0.986704929,2.5,5.5
Gm32036,34.01587612,-0.2123397,0.784072884,-0.270816278,0.78653234,0.986704929,27.4,65.4
Gm33782,51.35870088,0.195288229,0.730791863,0.267228248,0.789293428,0.986704929,35.8,83.8
Gm36298,3.320482209,-0.629684483,2.349360186,-0.268023816,0.788680987,0.986704929,9,7.7
Gm37127,9.040633416,0.500119797,1.850609845,0.27024594,0.786971052,0.986704929,14.7,12.8
Gm37678,8.673309808,0.383388322,1.440801855,0.266093718,0.790167033,0.986704929,8.1,15.3
Gm38192,15.50963809,0.37455001,1.411569558,0.265342935,0.790745292,0.986704929,8.5,23.1
Gm44198,8.788318674,0.517283173,1.937260589,0.267017858,0.789455411,0.986704929,8.5,14.6
Gm44695,20.61605382,0.264702821,0.999358916,0.264872627,0.791107586,0.986704929,19.4,33.2
Gm5453,37.46415334,-0.229987943,0.866724694,-0.265352937,0.790737588,0.986704929,26.2,69.6
Gm6548,37.67046209,0.166777568,0.625792473,0.26650619,0.789849393,0.986704929,36.4,61.1
Gm7867,7.625605411,-0.362685175,1.346566592,-0.26934069,0.787667522,0.986704929,4.6,16.7
Gm9616,13.81954751,0.192051076,0.709235142,0.270786182,0.786555488,0.986704929,15.4,23.6
Gmip,274.5169222,0.051609466,0.189610262,0.272187092,0.785478167,0.986704929,211.4,474.9
Gpnmb,13.55674925,0.485856787,1.795345121,0.270620273,0.786683102,0.986704929,20.7,15.9
Hnrnpul2,354.9339363,-0.064174468,0.237592589,-0.270102987,0.787081024,0.986704929,249.6,644.9
Hvcn1,102.3488779,-0.162914822,0.602079518,-0.270586886,0.786708783,0.986704929,66.8,188.7
Ide,374.2556761,0.048041116,0.178946774,0.268465954,0.788340678,0.986704929,296,650.4
Irs2,176.8179028,-0.107184195,0.396640434,-0.270230127,0.786983217,0.986704929,145.7,334.5
Lair1,89.06617004,0.178721102,0.665836351,0.268415957,0.788379158,0.986704929,109,138.3
Lamp1,458.214698,0.074646137,0.276903163,0.269574882,0.787487326,0.986704929,444.7,774.3
Lims1,638.2444006,0.046702629,0.175743461,0.265743198,0.790436992,0.986704929,510.6,1112.7
Malsu1,117.3159891,0.181896492,0.683522211,0.266116433,0.79014954,0.986704929,119.2,201.3
Mapk12,4.956470761,0.601891611,2.241110219,0.2685685,0.788261755,0.986704929,6.5,5.9
Mocs3,12.27248235,-0.281330469,1.052861218,-0.267205652,0.789310825,0.986704929,8.6,27.5
Mus81,19.3771579,0.273733252,1.009962913,0.271032974,0.786365672,0.986704929,21.2,30.9
Nfkbie,132.3769606,-0.09914241,0.37273622,-0.265985447,0.790250417,0.986704929,93.4,235.1
Nmnat3,27.74174855,0.280290518,1.052412246,0.266331487,0.789983926,0.986704929,22.9,48.7
Npepl1,216.607872,-0.064368823,0.239484942,-0.268780252,0.788098791,0.986704929,166,398.9
Nrn1,38.39162557,0.260014753,0.953377719,0.27273005,0.785060733,0.986704929,24.5,61.3
Ntmt1,46.69872915,0.239176712,0.889846081,0.268784363,0.788095627,0.986704929,22.6,74.3
Nup205,172.3929119,-0.089435775,0.332068533,-0.269329269,0.78767631,0.986704929,116.6,316.8
Pbx2,69.60305931,-0.093145864,0.349259713,-0.266695127,0.789703906,0.986704929,57.5,127
Pdcl,71.6359838,-0.187394309,0.690435868,-0.271414504,0.786072248,0.986704929,47.7,131.8
Pilrb1,12.09928466,-0.355173435,1.336638462,-0.265721394,0.790453786,0.986704929,14.3,23.2
Pirb,40.75296349,-0.230289499,0.86630912,-0.265828321,0.790371431,0.986704929,27.3,71.2
Pla2g12a,72.58321455,0.1615524,0.600043341,0.269234553,0.787749192,0.986704929,66.4,126
Ppp1r37,5.374025338,0.396731004,1.486838045,0.266828661,0.789601086,0.986704929,7.8,7.7
Prkci,35.78571041,0.277214777,1.044659643,0.265363727,0.790729276,0.986704929,41.2,53.2
Psmd12,231.7926854,-0.094211627,0.350890727,-0.268492781,0.788320031,0.986704929,178.7,425.3
Psmg2,173.278393,-0.106260231,0.397255575,-0.267485815,0.789095134,0.986704929,156,314.3
Ptprs,320.1105105,-0.0685294,0.257269105,-0.266372443,0.789952386,0.986704929,215,567.8
Rab14,881.4883719,-0.047897852,0.178020933,-0.269057416,0.787885499,0.986704929,712.6,1616.8
Rab6a,442.3606521,0.063498948,0.233672346,0.271743531,0.785819228,0.986704929,345.8,767.5
Rexo2,229.408657,0.065632598,0.241687008,0.271560308,0.785960122,0.986704929,202.5,406.5
Ripk3,111.294426,0.137998219,0.507686219,0.271817933,0.785762015,0.986704929,86.2,187.8
Rtl6,20.98779039,-0.308319277,1.152019875,-0.267633644,0.788981331,0.986704929,16.9,42
Rtn4rl1,29.73040604,0.337038049,1.257410728,0.268041334,0.788667502,0.986704929,18.4,44.5
Sap30bp,82.69109341,0.113986479,0.417578237,0.272970355,0.784876004,0.986704929,77.5,145.8
Sec61b,449.6336447,-0.056585649,0.211984167,-0.266933376,0.789520458,0.986704929,365.1,808.2
Shtn1,8.964462226,0.415099851,1.559325142,0.266204809,0.79008148,0.986704929,14.5,13.2
Slc31a1,59.00990392,-0.170469408,0.635110543,-0.268409035,0.788384485,0.986704929,44,111
Slc4a5,5.329687758,-0.59938125,2.234836962,-0.268199094,0.788546072,0.986704929,5.3,9.5
Slx4ip,56.07116645,-0.189033024,0.699873636,-0.270095935,0.787086449,0.986704929,36.4,102.3
Smap2,706.0652281,0.041080893,0.151525112,0.271116068,0.786301764,0.986704929,533.9,1251.3
Smim3,129.1061242,-0.095868119,0.357083055,-0.268475689,0.788333186,0.986704929,90.8,237.8
Snrpf,74.16084099,0.189653392,0.714709375,0.265357359,0.790734182,0.986704929,60.2,117.1
Snx15,74.49860147,-0.137206179,0.51727505,-0.265248012,0.79081841,0.986704929,54.9,143.8
Spi1,46.18951941,-0.286672571,1.053987157,-0.271988676,0.785630727,0.986704929,44,76.1
Ssr1,403.8394502,-0.068499649,0.253421419,-0.270299367,0.786929952,0.986704929,358.5,734.2
Susd3,134.8443731,0.127008337,0.473502019,0.268231879,0.788520838,0.986704929,97.9,226.4
Syne3,77.29005654,-0.14975765,0.557493162,-0.268626882,0.788216824,0.986704929,47.3,139.2
Trim32,12.26557274,-0.389282974,1.446455961,-0.269128812,0.78783056,0.986704929,10.7,22.2
Tubgcp5,93.03317849,0.119151304,0.436597049,0.272909093,0.784923097,0.986704929,97.1,165.6
Ubald1,220.9743489,0.063036123,0.237170485,0.265784013,0.790405556,0.986704929,159.6,376.9
Wdr18,70.17630668,-0.135157738,0.50138708,-0.269567653,0.787492889,0.986704929,58.7,127.8
Zbtb7a,646.1380685,-0.048275433,0.176812884,-0.273031197,0.784829235,0.986704929,528.3,1182.6
Zfp189,3.329771551,0.790383913,2.909086797,0.271694854,0.785856658,0.986704929,9.7,11.6
Zfp24,112.6144261,0.127571265,0.475185775,0.268466085,0.788340577,0.986704929,69.6,184.3
Zkscan5,18.01286892,-0.323844418,1.188801589,-0.272412504,0.785304859,0.986704929,8.8,39.4
Far2,24.1680474,0.308084046,1.16419343,0.26463304,0.791292165,0.986759752,20.1,40.4
Gucd1,41.39800961,-0.17295832,0.653473744,-0.264675241,0.791259652,0.986759752,38.3,74.6
Gm12693,5.471960909,-0.461188483,1.744719325,-0.264333911,0.791522632,0.98695945,1.6,9.4
Acp5,165.4390941,-0.109291804,0.414617941,-0.263596418,0.792090919,0.986995277,145.7,295
Gale,39.5395283,-0.209423817,0.792928385,-0.264114416,0.791691756,0.986995277,32.7,76.8
Gm10773,8.454623531,-0.565041345,2.144571144,-0.263475216,0.792184324,0.986995277,3.9,16.5
Gm47345,19.69136978,-0.273809472,1.038076309,-0.263766228,0.791960059,0.986995277,14.8,41.2
Impact,268.6164461,0.073145696,0.277292178,0.263785645,0.791945096,0.986995277,183.7,465.3
Slfn10-ps,82.98633161,-0.172020184,0.652454723,-0.26365076,0.792049041,0.986995277,59,141.2
Ttll4,70.56021356,0.163540197,0.619621479,0.263935649,0.791829505,0.986995277,51.4,116.8
Urb2,15.67739832,0.319443525,1.2103855,0.26391883,0.791842466,0.986995277,10.2,25.8
Znhit2,84.04128812,-0.170809094,0.648081341,-0.263561197,0.792118062,0.986995277,55.4,164.9
1500009L16Rik,18.33065359,-0.290023767,1.10517629,-0.262423081,0.79299528,0.987129303,19.3,35.9
Dnase1l3,15.01773648,-0.322977914,1.230687259,-0.262437034,0.792984524,0.987129303,13,28.4
Dusp1,717.9925792,-0.060092955,0.22829625,-0.263223574,0.792378262,0.987129303,563.5,1325.1
Icam1,81.4438033,-0.15080368,0.573401535,-0.262998389,0.792551821,0.987129303,50.3,156.3
Iscu,71.55098915,0.176984821,0.673461833,0.262798592,0.792705821,0.987129303,43.3,121.1
Olfm1,39.02844772,0.217589483,0.827665379,0.262895475,0.792631144,0.987129303,32.4,61
Prkrip1,106.7396786,0.118291642,0.450411742,0.262630014,0.792835764,0.987129303,79.9,173.6
Rbbp7,326.1114429,-0.061995585,0.235868723,-0.262839364,0.792674394,0.987129303,240.8,595.6
Slc23a2,72.8878138,-0.222408174,0.847106829,-0.262550326,0.792897191,0.987129303,49.9,136.7
Vezt,54.57467995,-0.127853443,0.486728727,-0.262679056,0.792797961,0.987129303,45.9,101.5
Gm38948,37.21843617,-0.232921599,0.888399662,-0.262181098,0.793181825,0.987273946,28.8,74.8
Apaf1,251.3635532,-0.070027075,0.267486735,-0.261796441,0.793478383,0.987555483,186.9,453.5
Gm6627,6.354266386,0.334337541,1.278154118,0.261578425,0.79364648,0.987677103,7.7,8.5
Anks1,75.91782779,-0.110572186,0.423553767,-0.261058204,0.794047623,0.987976612,51,139.8
Ermard,44.92308851,-0.18031905,0.690539862,-0.261127648,0.793994071,0.987976612,30.3,84.4
Ttc39c,264.2420681,-0.065405175,0.250601809,-0.260992429,0.794098345,0.987976612,191.1,462.9
Aldh2,5.054886757,-0.320974325,1.23185746,-0.260561255,0.794430872,0.988078522,6.1,9.5
Cdk11b,560.8368745,-0.050151299,0.192571303,-0.260429763,0.794532287,0.988078522,414.7,1003.3
Flot2,124.9717065,0.109450031,0.42009522,0.260536244,0.794450162,0.988078522,119.1,211
Pitpna,436.4049714,0.039307005,0.150897985,0.260487277,0.794487928,0.988078522,379.5,760.4
Zfp51,59.66379103,-0.159835445,0.613195954,-0.260659653,0.794354983,0.988078522,35.3,106.9
4931415C17Rik,4.288898223,0.646466086,2.498885589,0.258701754,0.795865366,0.988125904,6,6.3
Aldh9a1,183.8611679,0.081889502,0.314823695,0.260112258,0.794777183,0.988125904,129.6,314.4
Anapc13,118.5353232,0.159456892,0.615556708,0.259045008,0.795600514,0.988125904,124.4,209.9
Ece1,157.9856084,-0.12790009,0.494272359,-0.258764398,0.795817028,0.988125904,147.8,287.4
Fbxl22,41.68632266,0.242511682,0.93997192,0.257998858,0.796407788,0.988125904,35.6,69.5
Gm10275,26.13545475,0.126228912,0.486034536,0.259711815,0.795086078,0.988125904,25.3,45.7
Gm43387,18.26210019,0.337349625,1.305453958,0.258415567,0.796086204,0.988125904,23.1,29.1
Haus4,110.3834209,-0.118105004,0.455662381,-0.259194106,0.795485478,0.988125904,86.6,200.7
Ints6,232.9127544,-0.103577317,0.39803001,-0.260224893,0.794690303,0.988125904,151.3,415.7
Mast2,52.31651531,-0.134466861,0.517130135,-0.260025188,0.794844344,0.988125904,44.4,102.1
Mettl25,13.68210385,-0.397489265,1.541155561,-0.257916381,0.796471442,0.988125904,6.6,28.9
Mindy1,54.46362029,0.191004896,0.734964825,0.259883044,0.794953991,0.988125904,41.3,85.4
Mmut,71.08435649,0.127132937,0.491150455,0.258847236,0.795753111,0.988125904,73.8,122.4
Mpp2,22.55249388,0.258121725,1.000582237,0.257971525,0.796428884,0.988125904,14.1,36.2
Naa16,186.4255648,0.087225286,0.336788554,0.258991242,0.795641998,0.988125904,140.6,314.9
Nrm,125.6474292,0.113322194,0.437644784,0.258936466,0.795684262,0.988125904,134.5,220.3
Oaz1-ps,4.326175553,-0.217406131,0.836589695,-0.259871873,0.794962608,0.988125904,3.5,8.7
Ptcd2,81.63969999,0.141392824,0.545158803,0.259360802,0.79535687,0.988125904,86,130.8
Rbm48,62.57788689,-0.115959822,0.447765291,-0.258974567,0.795654864,0.988125904,44.2,112.5
Serp1,271.9236659,0.065288386,0.252932099,0.258126141,0.796309558,0.988125904,215.3,463.9
Slc36a1,69.28121675,-0.160824929,0.62320964,-0.258059117,0.796361283,0.988125904,57.6,128.9
Tbc1d8,13.17128884,-0.314570657,1.217328175,-0.258410726,0.79608994,0.988125904,14.6,23.9
Tbp,66.63330173,0.131730032,0.508571951,0.25901946,0.795620226,0.988125904,59.8,113.4
Tenm4,15.20218959,0.45728871,1.762416745,0.259466844,0.795275061,0.988125904,17.3,20.8
Tmem165,252.2753849,-0.076447881,0.295757543,-0.258481594,0.796035252,0.988125904,193.5,462.6
Vkorc1,10.04764206,-0.310985038,1.205477611,-0.257976618,0.796424952,0.988125904,11.8,18
Zc3hc1,47.39257535,0.149584977,0.576934915,0.259275306,0.795422831,0.988125904,44.6,82
Eif4g1,903.7620878,-0.051510029,0.200105381,-0.257414511,0.796858802,0.988156949,818.1,1635.2
Ethe1,38.84691569,0.152769893,0.593577732,0.257371335,0.796892129,0.988156949,35.2,64.4
Gm12967,9.585837837,0.243435569,0.945582047,0.25744521,0.796835106,0.988156949,10.7,14.7
Mapk8ip3,170.7549227,-0.080088759,0.311022682,-0.257501345,0.796791777,0.988156949,131.1,321.8
Zfp809,76.96609152,0.172385565,0.669883569,0.257336607,0.796918936,0.988156949,53.3,131.5
Zrsr1,49.35804418,-0.128668768,0.499405174,-0.257644042,0.796681636,0.988156949,39.4,99.8
A430046D13Rik,38.07000744,0.221335398,0.861616668,0.25688384,0.797268446,0.988415669,29.6,61.1
Sap18b,2.312001782,0.321385995,1.25104467,0.256894101,0.797260525,0.988415669,4.4,3.4
Gtpbp6,4.855162555,-0.628456707,2.44837829,-0.256682846,0.797423615,0.988433405,6.7,11.4
Nabp1,1085.569088,-0.043769331,0.170474288,-0.256750335,0.797371512,0.988433405,743.5,1982.2
Anxa2,1785.669759,-0.043533314,0.172177544,-0.252839672,0.80039211,0.988624548,1437.2,3218.5
Apbb2,21.71133442,0.223112235,0.877150222,0.254360347,0.799217182,0.988624548,22.5,36.1
Atf7ip,598.8609474,-0.057702724,0.225772343,-0.255579241,0.798275749,0.988624548,415.3,1096.1
BC060293,12.55605091,-0.44179377,1.747126889,-0.252868737,0.800369649,0.988624548,7.4,27.6
Cenpu,13.07851851,-0.400336717,1.571582022,-0.254734854,0.798927895,0.988624548,4.2,25.6
Cers5,231.6492663,0.059384859,0.232544333,0.255370056,0.798437296,0.988624548,184,411.1
Chtf18,9.186830796,-0.350242898,1.368947727,-0.255848263,0.798068005,0.988624548,9.6,20
Copg1,161.6685797,-0.086145848,0.337524424,-0.255228488,0.798546629,0.988624548,145.2,294.4
Ctnnbl1,119.6233127,0.126041636,0.497861866,0.253165878,0.800140033,0.988624548,104.8,199.4
Dedd2,149.0694363,0.089877957,0.353339746,0.254366959,0.799212074,0.988624548,135,265.6
Dennd4b,139.0596357,0.126825041,0.497512619,0.254918239,0.798786249,0.988624548,111.3,230.6
Dguok,185.1968493,-0.077715183,0.303186796,-0.256327729,0.797697788,0.988624548,133.2,337.7
Fnbp1l,6.649920241,-0.558225564,2.179581286,-0.256115965,0.797861295,0.988624548,7.7,15
Fry,111.035094,-0.136349965,0.537200298,-0.253815877,0.799637807,0.988624548,64.5,195.8
Glul,248.2387867,-0.081620464,0.321063058,-0.254219418,0.79932605,0.988624548,196.7,451
Gm11712,4.264048913,-0.379727412,1.492459124,-0.254430695,0.79916284,0.988624548,11.9,9.3
Gm15879,3.281374994,-0.666479736,2.616841738,-0.254688591,0.798963628,0.988624548,2.8,7.5
Gm15880,5.497503552,-0.627662852,2.453157551,-0.255859169,0.798059584,0.988624548,7.6,13.1
Gm26780,6.595698108,-0.475774969,1.879910701,-0.253083814,0.800203447,0.988624548,5.9,12.6
Gm6599,2.28985686,-0.30348812,1.193766354,-0.254227403,0.799319881,0.988624548,1.6,4.7
Gm7890,28.87395734,-0.311137872,1.22944651,-0.2530715,0.800212962,0.988624548,11.5,59.4
Idh3a,172.7773824,-0.102671546,0.402955366,-0.254796325,0.798880414,0.988624548,140.6,334.2
Lpin2,237.4005669,-0.092175512,0.361234062,-0.255168383,0.798593049,0.988624548,194.3,428.9
Pafah1b3,78.45339774,0.154245907,0.608498498,0.253486093,0.799892607,0.988624548,76.5,133
Ppp4r2,57.74600516,0.143421692,0.566965397,0.252963749,0.800296226,0.988624548,58.3,96.2
Rab37,123.7319575,0.098536432,0.385844193,0.255378812,0.798430534,0.988624548,102.8,218.2
Ranbp9,228.2562313,-0.086840741,0.343941863,-0.252486685,0.800664905,0.988624548,169.4,407.5
Rgs11,58.20289786,-0.195164109,0.770365905,-0.253339494,0.800005879,0.988624548,54.1,100.2
Slc30a1,40.42991812,-0.190701937,0.75324814,-0.253172795,0.800134688,0.988624548,36.7,73.9
Surf4,390.0982225,0.044182456,0.175000455,0.252470519,0.800677399,0.988624548,295.9,678.8
Tbc1d23,96.35844786,-0.127861676,0.502327597,-0.254538427,0.799079621,0.988624548,91.3,178.5
Thoc5,96.53659153,0.11617783,0.459644513,0.25275583,0.800456902,0.988624548,90.2,152.7
Tmod1,3.474743655,-0.542105018,2.117846972,-0.255969872,0.797974101,0.988624548,2.4,6.9
Trbc1,1972.396599,-0.041820623,0.164384355,-0.254407562,0.799180709,0.988624548,1418.4,3524.5
Tstd1,16.22609886,0.336293599,1.320477876,0.254675679,0.798973602,0.988624548,14.7,23.8
Usp46,12.74626252,0.232710632,0.908993487,0.25600913,0.797943787,0.988624548,17.9,20.1
Vdac1,375.5295851,0.054464762,0.215721997,0.252476626,0.800672678,0.988624548,305.1,637.7
Wwp2,215.9731905,-0.070249769,0.276668447,-0.253913193,0.799562622,0.988624548,158.3,395.3
Zcchc18,41.94676398,-0.244133975,0.964536691,-0.253110097,0.800183137,0.988624548,41.6,86
Zfp341,23.71754611,0.267488377,1.055159004,0.253505279,0.799877783,0.988624548,15.7,36.9
Zfp60,26.43077696,0.250630776,0.988364265,0.253581382,0.799818982,0.988624548,21.4,37.6
Zfp691,19.80058852,-0.218756009,0.862920423,-0.253506584,0.799876774,0.988624548,20.8,33.8
Zfp868,73.70423924,0.190047217,0.748732042,0.253825409,0.799630442,0.988624548,49.2,123.8
Zfp933,25.55276846,0.258232306,1.021950758,0.252685664,0.800511127,0.988624548,22.5,41.2
Cep44,86.1636859,-0.136813689,0.542271101,-0.252297584,0.800811055,0.988702591,74.2,158.6
Gm17137,32.37658238,0.235789356,0.93541126,0.252070256,0.80098676,0.988757141,19.4,50.3
Gm36262,18.74525634,0.362423629,1.438879186,0.251879124,0.801134496,0.988757141,9.7,27.8
Mgrn1,29.29767901,-0.222734745,0.884623949,-0.251784666,0.801207511,0.988757141,29.9,59.1
Trub1,30.64746076,0.185973276,0.738092526,0.251964719,0.801068334,0.988757141,29.3,47.5
Zfp599,18.36364256,0.342472332,1.359952411,0.251826703,0.801175016,0.988757141,16.6,28.1
Iws1,228.602326,-0.103655618,0.411943455,-0.251625841,0.801330283,0.9888217,175.7,426.9
Arhgap27os3,100.8773618,-0.110349352,0.439167283,-0.25126952,0.801605739,0.988856183,81,189.4
Exosc3,114.3789067,0.111532724,0.4444677,0.250935498,0.801863979,0.988856183,92.8,201.9
Gm15356,18.12623464,0.410391855,1.634528721,0.251076564,0.801754915,0.988856183,14.9,23.6
Nemf,470.4505053,-0.052151224,0.207889292,-0.250860559,0.801921919,0.988856183,366.3,845.6
Rpusd1,32.11489749,-0.226817755,0.901936676,-0.251478581,0.80144412,0.988856183,21.1,67.3
Snx5,536.2113528,0.046186171,0.183973653,0.251047744,0.801777197,0.988856183,429.4,935.2
Tmem50a,605.4219007,-0.035945136,0.143256938,-0.250913755,0.80188079,0.988856183,466.3,1077.5
Wdsub1,19.99596942,-0.182351128,0.726526561,-0.250990312,0.801821599,0.988856183,16.1,37.8
Timm29,62.22539951,0.12385991,0.494227183,0.250613309,0.802113091,0.989005019,50.1,108
Capn1,196.2680002,0.077677206,0.310310517,0.250320894,0.802339199,0.98904471,132.2,340.8
Gm17552,9.051454076,0.352807063,1.410649841,0.250102508,0.802508076,0.98904471,8.8,13.9
Gm17669,2.344353434,0.516387916,2.06625819,0.249914516,0.802653457,0.98904471,2.5,4.6
Gmeb1,123.0280042,0.151033386,0.60451417,0.249842591,0.802709081,0.98904471,102.5,221.5
Luc7l2,2546.487521,-0.031506347,0.125854006,-0.250340436,0.802324089,0.98904471,1809.2,4590.8
Psmd1,282.350741,-0.07594915,0.303533315,-0.250216852,0.802419654,0.98904471,215.8,503.9
Sec22c,65.18012474,0.196645394,0.786935142,0.249887676,0.802674214,0.98904471,45.3,112.9
Zfp65,27.34428964,0.279997971,1.119875484,0.250025985,0.802567253,0.98904471,18,41.7
Ddx1,173.180385,0.093255679,0.3737949,0.249483552,0.802986763,0.989299993,176.4,293.7
Trim13,23.43724591,0.336077959,1.347605371,0.249389002,0.803059891,0.98930324,27.3,35.3
Ppp1r16b,999.7248335,0.040682168,0.163229913,0.24923231,0.803181088,0.989365697,734.6,1756.5
Ak6,75.87504646,0.144802474,0.585223065,0.247431248,0.804574493,0.989427168,73.5,120.4
Arid3b,112.3119099,-0.082294485,0.33206312,-0.247827837,0.804267616,0.989427168,74.2,203.2
Atrn,102.0950679,-0.117104865,0.473289501,-0.247427557,0.804577349,0.989427168,84.7,182.4
C920009B18Rik,181.2875759,0.136633717,0.551134016,0.247913779,0.804201118,0.989427168,119,320.6
Casz1,26.14344749,0.273088818,1.099140862,0.248456616,0.803781134,0.989427168,23,43.3
Ccnd2,3039.097173,0.029340147,0.118537932,0.247516946,0.804508178,0.989427168,2453.2,5387.9
Cldn10,2.556729204,-0.723818441,2.925149092,-0.247446683,0.804562549,0.989427168,1,9.5
Cyth3,107.324602,0.102072546,0.41126309,0.248192819,0.803985222,0.989427168,86.4,179.5
Eif3g,517.5857974,0.056773753,0.229345387,0.24754696,0.804484954,0.989427168,439.5,905.3
Gm11212,15.49941553,0.440355826,1.770794418,0.24867699,0.803610649,0.989427168,10.9,21.8
Gm37183,26.86746013,-0.319207972,1.287506491,-0.247927272,0.804190678,0.989427168,22.9,53.3
Hnrnph3,444.6627909,-0.086292343,0.348125,-0.247877466,0.804229215,0.989427168,354.1,802.9
Manbal,70.5012008,-0.205501266,0.826129456,-0.248751893,0.803552705,0.989427168,63.9,138.3
Mir146,8.783511934,-0.374322949,1.504712409,-0.248767104,0.803540938,0.989427168,6.1,17.4
Myh10,22.69062428,0.343751234,1.388040365,0.247652188,0.804403528,0.989427168,19,35.9
Rpl24,8.661478663,0.451442856,1.820120944,0.248029043,0.804111936,0.989427168,3.9,12.8
Sgo1,70.12697109,0.172105539,0.69287239,0.248394281,0.803829358,0.989427168,62.5,110.7
Tiam2,6.239081854,0.473530762,1.914035991,0.24739909,0.804599379,0.989427168,8.3,9.6
Tmem81,41.77258521,-0.170742747,0.688663228,-0.247933591,0.80418579,0.989427168,35.2,80.5
Zcrb1,356.1991328,-0.060896712,0.24620125,-0.24734526,0.804641034,0.989427168,250.8,636.4
Brf1,170.6375073,0.098677269,0.399422635,0.247049767,0.804869709,0.989455782,147.4,287.8
Gtf3c3,42.65609814,-0.168828666,0.683520238,-0.246998782,0.804909167,0.989455782,29.1,82.7
Lpcat4,72.68934826,0.094408271,0.381895232,0.247209871,0.804745806,0.989455782,53.7,123.7
Zfp658,3.88583762,0.576081927,2.332780397,0.246950775,0.80494632,0.989455782,5.4,5
1810044D09Rik,8.157852916,0.532119733,2.159141241,0.24644971,0.805334129,0.989514764,11.8,11.5
Fbxl17,129.1172424,0.077758647,0.315207425,0.246690403,0.805147834,0.989514764,94.6,216.5
Gmppa,157.710445,0.097043265,0.393791231,0.246433282,0.805346845,0.989514764,149,265.7
Orm3,63.0468579,-0.199197232,0.80769008,-0.246625825,0.805197816,0.989514764,38.8,122.2
Ppm1g,586.492885,-0.055906753,0.226821551,-0.246479016,0.805311447,0.989514764,471.2,1060.9
Marveld2,36.80631033,-0.208287943,0.845843239,-0.246248871,0.805489586,0.989603506,21.7,63.8
4933412E12Rik,41.61498041,0.209403662,0.85971723,0.243572717,0.80756176,0.989754391,31.5,74.7
Arrdc3,124.2381708,-0.136372143,0.556894396,-0.244879719,0.806549565,0.989754391,61.8,224.9
Bmp1,6.499221639,0.348681251,1.421665973,0.24526243,0.80625324,0.989754391,10.6,10.7
Cdca2,51.81505377,0.159447276,0.648660206,0.245810171,0.805829183,0.989754391,43.3,92.9
Cops7a,95.2055839,0.118581125,0.482775363,0.245623812,0.805973455,0.989754391,78.5,166.7
Ctbp2,10.51090744,-0.445912309,1.82740241,-0.244014294,0.807219749,0.989754391,10.9,18.9
Ext2,142.4464872,0.089759877,0.366095098,0.24518186,0.806315622,0.989754391,103.5,251.7
G0s2,4.984646036,0.428707168,1.761983631,0.243309393,0.807765728,0.989754391,5.7,40.1
Gm21926,10.1107751,-0.352998844,1.445874786,-0.244142057,0.807120801,0.989754391,7,20.6
Ighmbp2,48.11070951,-0.158379035,0.646554448,-0.244958542,0.806488532,0.989754391,35.4,90.1
Itga6,266.654047,0.090734997,0.371407013,0.244300709,0.806997934,0.989754391,255.5,457.2
L1cam,55.65968761,-0.217940078,0.886861097,-0.245743194,0.805881034,0.989754391,39.6,103.3
Ndnf,36.03439832,0.186045775,0.763520901,0.243668215,0.807487792,0.989754391,21.4,59.5
Pex19,110.9146101,-0.100238298,0.410297556,-0.244306349,0.806993566,0.989754391,78.1,211.7
Pip5k1a,246.5680736,-0.066289336,0.272469288,-0.243291038,0.807779947,0.989754391,208.3,449.1
Por,128.7135996,0.120633583,0.492112485,0.245134165,0.80635255,0.989754391,99.6,223.8
Rdh12,18.45153971,-0.399105991,1.636146219,-0.243930515,0.807284635,0.989754391,7.8,41.1
Rmdn1,14.59104358,-0.29690974,1.211981574,-0.244978757,0.806472879,0.989754391,10.1,29.1
Rnf31,183.2717481,0.091979209,0.377621768,0.243574966,0.807560018,0.989754391,129.4,322.6
Rpf2,104.0033451,0.091469378,0.375188292,0.243795928,0.807388874,0.989754391,100.5,175.5
Rsad1,18.58127484,-0.282598796,1.15543186,-0.244582832,0.806779458,0.989754391,20.9,33.6
Rsph1,5.257550776,-0.496224803,2.039574207,-0.243298234,0.807774372,0.989754391,9.2,9.5
Sec62,530.4743664,-0.057589076,0.23620553,-0.243809176,0.807378613,0.989754391,390.8,973.3
Spire1,29.31206129,0.225452809,0.920977107,0.244797409,0.8066133,0.989754391,25.6,46.4
Srsf5,798.6210318,0.037278846,0.151897636,0.245420845,0.806130591,0.989754391,630.3,1420.6
St7,65.52423614,0.168883528,0.69007896,0.24473073,0.806664932,0.989754391,63.1,104.3
Taz,118.8130486,-0.072973561,0.29957944,-0.243586678,0.807550947,0.989754391,88.3,213.8
Tbccd1,27.7071565,-0.192238012,0.78692318,-0.244290697,0.807005688,0.989754391,27.3,53.6
Ube2d-ps,30.50977532,0.224452485,0.918405183,0.244393749,0.806925883,0.989754391,33.3,48.1
Ube2e1,44.33074552,0.19183824,0.788591809,0.243266843,0.807798689,0.989754391,28.9,76.3
Zfr,339.757317,-0.037172337,0.151155352,-0.245921408,0.805743071,0.989754391,257.9,617.4
Atad5,110.2476192,0.103999009,0.427765089,0.243121778,0.807911061,0.989779639,102.7,193.3
Ip6k2,48.8804187,0.168296641,0.692932167,0.24287607,0.808101404,0.989779639,48.5,76.5
Rpl3-ps1,27.10980655,0.120663047,0.496695243,0.242931755,0.808058266,0.989779639,27.6,47.2
Rps12-ps3,27.10738331,-0.260016101,1.070097499,-0.242983561,0.808018132,0.989779639,28.8,57.4
Dtx3l,992.5390805,-0.068050823,0.280338984,-0.242744774,0.80820312,0.989817836,794.8,1873.5
Atp1b1,13.48273225,0.438414782,1.811399147,0.242031019,0.808756128,0.989862917,19.2,19.1
Brpf3,64.08057635,-0.124737361,0.516643223,-0.241438107,0.809215581,0.989862917,51.6,120.5
Cdk14,9.630115677,-0.435391648,1.798983672,-0.2420209,0.808763968,0.989862917,10.5,19.2
CR555305.3,5.418822774,0.158862399,0.656729951,0.241899122,0.808858331,0.989862917,4.5,8.9
Gm47050,33.33140667,0.215464594,0.889581878,0.242208839,0.808618346,0.989862917,29.2,55.6
Gm47573,9.060257878,0.576755304,2.390838967,0.24123553,0.809372575,0.989862917,4.2,11.2
Hsbp1,224.948101,0.075915099,0.314378237,0.241476952,0.809185477,0.989862917,169.3,386.8
Magef1,15.34459289,-0.280605593,1.159528137,-0.241999813,0.808780308,0.989862917,9.5,29.7
Myo9b,305.7797855,0.06878125,0.284919721,0.241405719,0.809240681,0.989862917,244.6,543.3
Ngly1,135.2353214,0.098737109,0.409104663,0.241349264,0.809284432,0.989862917,97.5,239.3
Poc1a,13.9793739,-0.281135941,1.165814389,-0.24114983,0.809438993,0.989862917,11.2,27.9
Smim27,85.03231497,-0.107298535,0.443627228,-0.241866432,0.808883661,0.989862917,66,158.7
Sumf1,83.45836918,-0.098133707,0.40466835,-0.242504034,0.808389631,0.989862917,59.3,147.7
Tbkbp1,25.46375846,-0.21728156,0.899600321,-0.241531217,0.809143425,0.989862917,15.4,47.5
Tmem126b,56.19506577,-0.185181528,0.767670495,-0.241225277,0.809380521,0.989862917,47.9,104.4
Yif1b,24.89026662,-0.26810831,1.10838827,-0.241890245,0.808865209,0.989862917,27.1,51.5
Zbtb32,252.9285295,0.076554072,0.315933306,0.242310863,0.808539297,0.989862917,210.1,433.9
Platr17,6.955166529,0.459395708,1.906124557,0.24101033,0.80954711,0.989908874,3.8,10.6
Myef2,47.45811434,-0.138311656,0.574228275,-0.240865283,0.80965953,0.989960084,42.1,90.5
Ccdc32,80.78236871,-0.127470426,0.530208292,-0.240415753,0.810007967,0.990127325,54.1,154.3
Pold1,152.0894423,-0.084883332,0.352998417,-0.240463776,0.809970742,0.990127325,118.2,272.9
Trim36,43.41278745,0.228442678,0.949837189,0.240507195,0.809937086,0.990127325,35.8,71.4
2810455O05Rik,8.12888485,-0.361857287,1.507461466,-0.240044138,0.81029604,0.990306943,9.4,15.5
Kntc1,45.09909524,0.155570046,0.648057578,0.240055901,0.810286921,0.990306943,41.6,74
8-Mar,23.89119758,0.281306648,1.330174173,0.211481063,0.832511907,0.990338586,25.1,38.2
0610009L18Rik,15.85623444,0.33305603,1.497153909,0.222459447,0.823956239,0.990338586,10.5,23.2
1810041H14Rik,13.36638641,-0.383023613,1.725807417,-0.221938792,0.824361532,0.990338586,13.1,29.2
2210016F16Rik,113.3276552,-0.082373005,0.343820497,-0.239581425,0.810654766,0.990338586,90.9,205.4
2310057M21Rik,71.33924442,-0.171151238,0.771199044,-0.221928748,0.824369351,0.990338586,64,138.8
2510002D24Rik,134.0548452,-0.10528375,0.4899625,-0.214881241,0.829859911,0.990338586,80.9,244.5
2610001J05Rik,262.555307,-0.067162914,0.306818419,-0.218901179,0.826727028,0.990338586,220.5,470.9
3010003L21Rik,11.99753505,-0.329708706,1.426463428,-0.23113716,0.817208247,0.990338586,7.4,22.9
6330562C20Rik,5.236593958,0.410393743,1.837079338,0.223394676,0.823228348,0.990338586,7.7,7.8
9430015G10Rik,31.81107653,0.185260066,0.808465637,0.229150205,0.818752174,0.990338586,28.2,49.4
A230083N12Rik,4.85490132,-0.60482681,2.745291278,-0.220314258,0.825626417,0.990338586,2,11.7
A930004D18Rik,8.268897962,-0.395539638,1.714377024,-0.230719167,0.817532982,0.990338586,8.2,17.5
A930007I19Rik,31.4436091,-0.253795159,1.060192419,-0.239385941,0.810806331,0.990338586,26.4,55.8
Abcc3,11.79892972,0.352627274,1.535098552,0.22970986,0.818317232,0.990338586,19.3,17.1
AC133451.1,28.30129481,0.338269446,1.523198744,0.222078338,0.8242529,0.990338586,10.8,41.5
Aftph,433.5268205,0.070345425,0.314237609,0.223860618,0.82286576,0.990338586,329.4,734.1
Agpat4,155.0772058,-0.081899443,0.359992255,-0.227503346,0.820032368,0.990338586,94,279
AI847159,77.50072536,0.110112901,0.47759051,0.230559232,0.817657243,0.990338586,54.9,137.1
Aida,226.976681,0.053758015,0.234538153,0.229207974,0.818707276,0.990338586,169,395
Aifm1,127.133121,0.095046274,0.423875253,0.224231713,0.822577008,0.990338586,92.5,224.5
Akr1b8,2.878468825,-0.505353145,2.406145554,-0.210026008,0.833647374,0.990338586,2.4,7.8
Alkbh6,61.32915344,0.172536511,0.757736505,0.227699879,0.819879566,0.990338586,53.2,96.4
Angpt2,10.32936005,-0.318637674,1.460721286,-0.218137215,0.827322202,0.990338586,5.9,17.3
Ano8,45.22752938,0.13454486,0.566084627,0.237676229,0.812132222,0.990338586,46.4,77.5
Armt1,67.20312948,-0.120720692,0.54318054,-0.222247821,0.824120969,0.990338586,45.9,116.9
Asb7,72.53350198,-0.151836513,0.636553164,-0.238529193,0.811470676,0.990338586,39.8,145.4
Atg2b,91.61778074,-0.091318919,0.431402759,-0.211679034,0.832357446,0.990338586,67.4,165
Atp5e,1564.896035,-0.035395192,0.1476731,-0.239686118,0.810573598,0.990338586,1290.9,2794.7
Atp5j2,841.9319638,-0.039151975,0.170856742,-0.229150892,0.81875164,0.990338586,655.7,1521.7
Atp6v0b,283.2276243,-0.080929282,0.347442142,-0.232928804,0.815816692,0.990338586,234.3,516.7
Atp6v1g1,79.28784998,0.129686954,0.547065173,0.237059422,0.812610692,0.990338586,69.7,127.6
Atxn1,960.0492621,0.044789794,0.197981874,0.226231792,0.821021145,0.990338586,671.5,1725.6
B3glct,41.17098886,-0.151801687,0.720471282,-0.210697762,0.833123121,0.990338586,42.5,73.9
BC005537,1311.315455,-0.019993659,0.084327561,-0.237095187,0.812582946,0.990338586,984.7,2343.3
Bcl2a1a,11.64784921,0.297409337,1.326879193,0.224141985,0.822646824,0.990338586,13.7,15.9
Bcl6,38.00915605,0.19825476,0.934270301,0.212202785,0.831948834,0.990338586,28.4,57.8
Bcr,122.1882271,-0.104083337,0.457639464,-0.227435231,0.820085328,0.990338586,100.4,235.6
Bcs1l,40.61327755,0.199880953,0.943332456,0.211888134,0.832194308,0.990338586,29.4,68.5
Bdh1,51.49294267,0.127373413,0.571133966,0.223018452,0.823521146,0.990338586,50.1,95.8
Bicral,117.6079071,-0.124708281,0.57144363,-0.218233741,0.827246997,0.990338586,102.7,220.2
Bloc1s1,19.2700116,0.205254702,0.95617158,0.214663044,0.830030038,0.990338586,20,32.5
Btbd9,136.9479264,-0.103731792,0.481693403,-0.215348168,0.829495878,0.990338586,104.6,245.4
C1qtnf12,35.28775597,-0.163445588,0.711350107,-0.229768136,0.818271946,0.990338586,32.6,63.6
C2cd2l,44.40527321,0.176521907,0.779687772,0.226400764,0.820889734,0.990338586,33.7,70.4
C77080,14.39619412,0.328882744,1.436820066,0.228896263,0.818949545,0.990338586,10.2,22.3
Cage1,12.34215765,0.333447872,1.395135698,0.239007483,0.81109978,0.990338586,7,18.2
Capn5,5.337082915,0.416646321,1.920674374,0.216927099,0.828265158,0.990338586,6.2,7.1
Card11,211.6886207,-0.066355133,0.298781456,-0.222085849,0.824247053,0.990338586,154.4,381.1
Carns1,100.7980162,-0.116029714,0.540252733,-0.214769324,0.829947171,0.990338586,59.9,186
Ccdc17,15.94247531,0.315059857,1.370239138,0.229930563,0.818145727,0.990338586,14,24.3
Ccdc18,40.72245228,0.159176695,0.749703458,0.212319542,0.831857751,0.990338586,38.3,64.2
Ccnd3,169.2043131,0.061938686,0.277831503,0.222936152,0.823585199,0.990338586,140.1,295.1
Cd22,4.916850222,0.393011642,1.722197044,0.228203645,0.819487928,0.990338586,6.9,8.3
Cdc42ep3,279.5709954,-0.047334222,0.205778602,-0.230024998,0.818072345,0.990338586,203.3,501.4
Cdca8,131.6017081,0.081776026,0.363910942,0.224714391,0.822201469,0.990338586,112.3,227.5
Cenpq,124.2676569,0.116256984,0.539325247,0.215560062,0.82933069,0.990338586,84,221.3
Cep162,142.0174944,-0.072360556,0.310546,-0.233010747,0.81575306,0.990338586,103.7,257
Cfdp1,218.9141609,-0.051595629,0.246373567,-0.20942031,0.834120139,0.990338586,181.4,398.2
Cgrrf1,61.14531546,0.138013924,0.640687543,0.215415339,0.829443512,0.990338586,56.3,103.2
Chac1,3.022807853,0.442564521,1.929300052,0.229391235,0.818564848,0.990338586,3.3,4.5
Chaf1a,13.18870051,-0.232501537,1.089061758,-0.213487927,0.830946405,0.990338586,7.4,23.6
Chd1l,108.1251357,-0.115417555,0.533350043,-0.216401136,0.828675081,0.990338586,82.1,192.4
Ckap5,241.6031861,0.062585969,0.271783456,0.230278805,0.817875129,0.990338586,178.4,424.4
Cnot10,155.1402587,0.097720885,0.465478663,0.209936337,0.833717361,0.990338586,119.9,263.3
Cnot6l,1147.656046,-0.030929283,0.146303681,-0.21140468,0.832571505,0.990338586,848.4,2099.7
Cops7b,68.16998602,-0.113680972,0.510872514,-0.222523172,0.823906637,0.990338586,62.5,124.3
Coq5,97.47320682,-0.106415673,0.455155037,-0.233800935,0.815139523,0.990338586,76.3,183.3
Crb3,2.199238552,-0.624628038,2.930023742,-0.213181903,0.831185083,0.990338586,0.9,5.3
Cryab,2.456986182,0.610336551,2.91748563,0.209199506,0.834292498,0.990338586,10.2,11.2
Ctnnd1,14.24145312,0.310862258,1.374871366,0.226102794,0.821121471,0.990338586,24,19
Cyfip1,195.6086352,0.075004896,0.341524003,0.219618227,0.826168495,0.990338586,170.7,341.2
D10Wsu102e,128.502872,0.0524711,0.24053573,0.218142644,0.827317973,0.990338586,102.7,230.2
Dab2,95.64449636,-0.17021279,0.735349118,-0.23147208,0.816948074,0.990338586,93.7,153.2
Ddx17,1449.335982,0.034786313,0.164642464,0.211283966,0.832665694,0.990338586,1085,2526.7
Dennd4a,2261.951436,0.036917467,0.170239325,0.216856283,0.828320348,0.990338586,1642.3,4004.2
Dennd6a,55.09022635,-0.121087786,0.562845716,-0.215134951,0.829662105,0.990338586,47.8,102
Det1,21.75344332,-0.189151143,0.860726747,-0.219757483,0.826060034,0.990338586,14.5,40.6
Dgkg,9.626098118,0.423981818,1.995636269,0.212454456,0.831752506,0.990338586,10,16.6
Dis3,98.22691446,-0.105263019,0.464021026,-0.226849675,0.820540635,0.990338586,85.6,185.6
Dis3l,93.31722595,0.098185979,0.449253727,0.21855351,0.826997871,0.990338586,76.1,160.6
Dnaja2,356.0785062,-0.054286218,0.243964448,-0.22251692,0.823911503,0.990338586,300.9,642
Dnase2a,45.57888711,-0.175918873,0.749515151,-0.234710229,0.814433648,0.990338586,39.9,76.6
Dph7,41.07617245,0.17716093,0.809121938,0.21895455,0.826685453,0.990338586,41,65.8
Dusp10,148.9176648,-0.129885336,0.587075384,-0.221241325,0.824904534,0.990338586,103.9,275.6
E430018J23Rik,6.246984922,0.391782584,1.744485548,0.224583451,0.822303341,0.990338586,8.4,10.1
Eif1,1063.995099,-0.041905321,0.179099953,-0.233977289,0.81500261,0.990338586,792.3,1895
Eif1ax,220.4436406,-0.071468104,0.317776997,-0.22490018,0.822056929,0.990338586,179.1,403.1
Eif3h,908.3176141,-0.032880083,0.143923771,-0.228454844,0.819292657,0.990338586,687.4,1593.2
Elp2,154.868469,0.090992324,0.391361852,0.232501772,0.816148311,0.990338586,125.3,271.3
Eogt,43.09663438,-0.16598931,0.772847508,-0.214776277,0.82994175,0.990338586,28.2,74.7
Epc1,252.5422014,-0.086633245,0.37942639,-0.228326883,0.819392127,0.990338586,193.3,462.1
Eps8,12.69751289,-0.337358811,1.528799967,-0.220669033,0.825350145,0.990338586,19.4,25.8
Exosc2,94.85544701,0.13881785,0.583387931,0.237951187,0.811918954,0.990338586,72.7,169.7
Farsb,129.0445233,0.102380495,0.444427398,0.230364949,0.817808195,0.990338586,111.5,230.1
Fcgr3,93.97077378,0.159917817,0.749448981,0.213380525,0.831030169,0.990338586,110.8,143.8
Fchsd1,31.47009939,-0.183205191,0.765823104,-0.239226514,0.810929944,0.990338586,17.5,56.4
Fem1b,50.09570553,-0.167578746,0.714460841,-0.234552738,0.814555896,0.990338586,51.6,97.8
Fsd2,6.401026567,0.506231155,2.203180588,0.229772883,0.818268257,0.990338586,7.8,9.9
Ftx,66.76122025,0.11954526,0.559114036,0.213811945,0.830693709,0.990338586,58.3,106.2
Fzr1,137.556286,-0.065372835,0.297977392,-0.219388575,0.826347369,0.990338586,123.5,261.5
Galk1,140.9183161,-0.101755352,0.455578732,-0.223354043,0.823259969,0.990338586,145,252.3
Galk2,113.2406525,0.08739559,0.414981695,0.210601071,0.833198576,0.990338586,84.4,193.2
Gapdh-ps14,23.67900704,-0.166227411,0.726308887,-0.228866001,0.818973066,0.990338586,15,43.3
Gata3,361.6208998,-0.071308281,0.333184529,-0.214020385,0.830531161,0.990338586,244.7,683.8
Gcnt2,17.84112813,0.289386233,1.267950343,0.228231519,0.81946626,0.990338586,28.5,27
Gfer,64.6737077,0.123473612,0.549312948,0.224778267,0.822151774,0.990338586,57.2,108
Gfod2,12.02561784,-0.274918937,1.302113256,-0.211132892,0.832783575,0.990338586,10.9,20.9
Gkap1,13.48731929,0.379332382,1.792313976,0.211643934,0.832384831,0.990338586,18.9,16.9
Gm10093,3.02366527,-0.299530454,1.38738259,-0.215896074,0.829068757,0.990338586,1.8,5.3
Gm10134,23.76180182,-0.343783409,1.496430337,-0.229735659,0.818297184,0.990338586,21.7,37.2
Gm10288,4.420735642,-0.207219636,0.906665588,-0.228551341,0.819217648,0.990338586,3.8,8.3
Gm10827,9.365810852,0.454278844,1.970953089,0.230486888,0.817713451,0.990338586,10.9,16
Gm11478,127.7271167,-0.05216844,0.227718127,-0.22909217,0.818797279,0.990338586,103.3,234.7
Gm11672,36.52952961,0.16204636,0.741233126,0.218617267,0.826948201,0.990338586,27.2,55.2
Gm11960,37.07016834,0.150129116,0.702390688,0.213740185,0.830749672,0.990338586,27.2,57.5
Gm12166,7.794724278,0.26568066,1.239402717,0.214361851,0.830264889,0.990338586,7.4,13.3
Gm12195,13.48605201,-0.329326868,1.40325204,-0.234688323,0.814450652,0.990338586,9.3,26.1
Gm12529,2.579150087,0.646850436,2.915950657,0.221831749,0.824444863,0.990338586,12.2,12.1
Gm12669,9.508849893,0.23277993,1.061863593,0.219218298,0.826480002,0.990338586,8.6,16.6
Gm12857,2.687903001,-0.227554638,1.070956058,-0.212478034,0.831734113,0.990338586,1.4,4.7
Gm14044,10.73602703,-0.241966473,1.154301852,-0.209621489,0.833963106,0.990338586,10.6,19.7
Gm15638,10.50224948,-0.3102831,1.440895807,-0.215340414,0.829501923,0.990338586,10.7,20.5
Gm15720,12.33898789,-0.409077434,1.813487875,-0.225574949,0.821532027,0.990338586,5.4,21.3
Gm16907,12.9423234,0.33325287,1.402451183,0.237621725,0.812174499,0.990338586,9.2,19.8
Gm16976,8.056151655,0.410224865,1.745549065,0.235011936,0.814199469,0.990338586,10.7,13.3
Gm20604,30.34338247,-0.209599758,0.962198366,-0.217834248,0.827558259,0.990338586,19,58.9
Gm22672,3.484157726,0.49488848,2.366592902,0.209114326,0.834358991,0.990338586,2.1,5.6
Gm24840,9.11747628,-0.343235027,1.621992115,-0.211613252,0.83240877,0.990338586,9.1,20
Gm25517,4.80723138,-0.406415923,1.920308587,-0.211640944,0.832387164,0.990338586,2.5,7.9
Gm26771,4.319311487,-0.578752477,2.537622403,-0.228068792,0.819592761,0.990338586,4,8.9
Gm26772,105.6039366,0.136610163,0.593087665,0.230337218,0.817829742,0.990338586,80.2,168.9
Gm29216,7.751621076,-0.34669669,1.656418387,-0.209305024,0.83421013,0.990338586,8.6,13.5
Gm30373,25.91624203,0.204782921,0.9510956,0.215312658,0.829523562,0.990338586,15.7,42.7
Gm37023,10.52107281,0.47670131,2.166276077,0.220055659,0.825827807,0.990338586,11.6,11.4
Gm37305,9.355372735,0.461389798,2.143325285,0.21526821,0.829558213,0.990338586,8.7,13.7
Gm37366,6.81211162,-0.39579266,1.865636225,-0.212148893,0.831990877,0.990338586,6.4,15.7
Gm37494,73.95034735,-0.111619687,0.473684984,-0.235641176,0.813711119,0.990338586,54.8,131.8
Gm37566,51.85133267,0.171685672,0.796047821,0.215672561,0.829242991,0.990338586,38.3,80.3
Gm37691,22.34829201,0.193609181,0.862955917,0.224355818,0.822480446,0.990338586,13.2,32.9
Gm39041,23.84567741,0.246500754,1.120839027,0.219925206,0.825929405,0.990338586,19.9,42.2
Gm41077,20.35332279,-0.339133945,1.4304262,-0.237085943,0.812590117,0.990338586,7.9,40.3
Gm42684,26.49357836,-0.331750905,1.494114461,-0.222038481,0.824283928,0.990338586,10.7,52.5
Gm42941,21.00498632,-0.26730559,1.269851896,-0.210501391,0.833276366,0.990338586,19.8,43.7
Gm43753,27.87597381,-0.211409934,0.951027793,-0.222296273,0.824083253,0.990338586,12.5,50.6
Gm45902,41.47593677,-0.199811989,0.931240304,-0.214565444,0.830106138,0.990338586,24.1,81.4
Gm48225,11.14023976,0.432022869,1.874279758,0.230500739,0.817702689,0.990338586,4.6,20.2
Gm48505,12.11972472,-0.437496746,1.916844474,-0.228237998,0.819461222,0.990338586,5.3,23.5
Gm49172,84.20861356,-0.125599712,0.562881099,-0.223137198,0.823428728,0.990338586,68.7,147.6
Gm5239,3.703389943,-0.236404062,1.062762657,-0.222442951,0.823969079,0.990338586,7.1,7.7
Gm6023,6.543126021,-0.152359026,0.662928584,-0.229827208,0.818226041,0.990338586,4.6,12.6
Gm6377,10.68135668,0.448176384,2.105792876,0.212830231,0.831459383,0.990338586,14.8,13.5
Gm7618,62.48845446,-0.126604333,0.556518904,-0.227493321,0.820040162,0.990338586,56.7,121.6
Gm7788,6.55606318,-0.148323474,0.6711762,-0.220990366,0.825099934,0.990338586,4.8,11.7
Gm8492,2.114832383,-0.192233141,0.879744033,-0.21851031,0.827031526,0.990338586,4.5,4.1
Gm8606,5.381365722,-0.248964426,1.155257712,-0.21550553,0.829373201,0.990338586,5.2,9.2
Gm8942,13.33080699,0.093465695,0.443174498,0.210900437,0.832964963,0.990338586,11.3,22.7
Gorasp2,230.8484312,-0.078030711,0.340755381,-0.228993336,0.818874096,0.990338586,185.1,421.5
Gosr1,149.4911973,0.092416053,0.403412483,0.229085754,0.818802266,0.990338586,123.4,266.8
Gpatch8,312.0874604,-0.058254817,0.270528055,-0.215337435,0.829504245,0.990338586,229.7,569.8
Gpr171,594.6440844,-0.047083672,0.203603655,-0.231251605,0.817119341,0.990338586,403.4,1059.9
Gpx8,4.612390698,-0.451797014,2.105096731,-0.214620548,0.830063172,0.990338586,5,9.5
Grk3,18.07563505,0.269249778,1.258481857,0.213948081,0.830587545,0.990338586,24.1,29.7
Grwd1,45.65696382,-0.188594357,0.818687925,-0.230361718,0.817810706,0.990338586,37.5,80.5
Gsta4,18.55735214,0.328366315,1.510295178,0.217418634,0.827882111,0.990338586,12,28.2
Gstt2,101.1949697,0.079339304,0.37852805,0.209599537,0.833980241,0.990338586,77.8,174.3
Hdhd3,5.480768341,-0.484650782,2.247315234,-0.215657677,0.829254594,0.990338586,5.6,10.6
Hes6,133.617642,0.083362639,0.397553468,0.209689126,0.833910313,0.990338586,91.7,233.1
Hist3h2a,7.883031082,0.2859273,1.34761943,0.212172141,0.83197274,0.990338586,8.7,13
Hspe1,206.3271395,-0.065226721,0.280928629,-0.232182533,0.816396244,0.990338586,179.6,380.2
Ifi208,255.6400658,0.084294559,0.393277114,0.214338837,0.830282834,0.990338586,183.8,438
Ifit2,247.9467353,0.065255941,0.285541308,0.228534152,0.819231009,0.990338586,178,420.7
Igsf8,77.34224642,-0.088639636,0.418676203,-0.211714052,0.832330124,0.990338586,67.8,129.7
Il20rb,23.48776752,0.243855671,1.140261732,0.213859383,0.830656715,0.990338586,20.2,38.7
Inpp4a,98.45223038,0.133022136,0.592426138,0.224537925,0.82233876,0.990338586,79.1,168.2
Ints7,147.4174072,0.071833452,0.314399983,0.228477912,0.819274726,0.990338586,108.8,247.1
Irf6,2.846724677,-0.603591034,2.673894635,-0.225734786,0.821407701,0.990338586,6.6,5.8
Itgb8,9.487855672,0.345849036,1.615096705,0.214135188,0.830441636,0.990338586,7.2,16.4
Jcad,15.60222969,-0.33934814,1.496785949,-0.226717882,0.820643122,0.990338586,15.1,29.5
Kcnip3,13.23617202,0.394739605,1.825808501,0.216199894,0.828831936,0.990338586,6.5,19.3
Kcnk7,29.97936189,0.194749328,0.900742712,0.216209718,0.828824279,0.990338586,15.5,49.3
Kctd13,92.16425409,0.115927398,0.496976561,0.233265323,0.815555384,0.990338586,83.2,156.7
Kctd16,3.264983517,0.283926475,1.274700607,0.222739735,0.823738074,0.990338586,1.9,4.6
Klrb1b,50.35927456,0.193794266,0.848999269,0.228261995,0.819442569,0.990338586,48.2,72.1
Krtcap3,37.43663042,-0.179259128,0.764026631,-0.234624188,0.814500435,0.990338586,38.8,70.3
Lancl2,33.06311229,-0.262149571,1.23291271,-0.212626221,0.831618517,0.990338586,38.8,58.9
Larp7,261.3267915,-0.07557595,0.326875136,-0.231207399,0.817153682,0.990338586,199.5,475.8
Lclat1,132.421886,0.099037831,0.434970919,0.227688396,0.819888494,0.990338586,116.8,232.6
Lcorl,156.8875272,0.093852124,0.435045747,0.215729321,0.829198744,0.990338586,120.5,259
Lpar6,78.97242708,-0.089334123,0.399628983,-0.223542654,0.82311319,0.990338586,49.2,143.6
Lrrc75a,4.505978833,0.43489199,2.060846595,0.211025892,0.832867068,0.990338586,6,6.9
Maea,196.4573325,-0.084767478,0.395635203,-0.214256663,0.830346911,0.990338586,163.3,356.7
Maf1,270.2212757,-0.048011732,0.204856537,-0.234367587,0.81469962,0.990338586,198.2,482.9
Magt1,289.6237679,0.082199454,0.36362615,0.226054846,0.821158763,0.990338586,243.8,500.2
Marcks,211.4995237,-0.188619288,0.870473512,-0.216685844,0.82845318,0.990338586,274.6,357.8
Mau2,391.0443862,-0.0502859,0.240509626,-0.209080612,0.83438531,0.990338586,279.6,703
Mcam,9.340133989,-0.360733353,1.707906415,-0.21121377,0.832720466,0.990338586,10.4,14.9
Mcm10,59.37563994,0.175841518,0.762051828,0.230747452,0.817511007,0.990338586,47.7,101
Metrnl,139.5964089,0.082878752,0.393403225,0.210671258,0.833143804,0.990338586,126.1,245.2
Mgat4b,70.43915735,0.11986008,0.570792895,0.209988738,0.833676463,0.990338586,78.7,119.6
Mical3,10.35915893,-0.441706884,2.024930034,-0.218134393,0.827324401,0.990338586,4.9,17.5
Minar1,13.95632504,0.323541595,1.480797831,0.218491402,0.827046256,0.990338586,8.2,21.4
Mipep,26.35036204,0.17987204,0.829221085,0.216916868,0.828273132,0.990338586,23,43.5
Mir22hg,136.801034,-0.098467603,0.427396765,-0.230389211,0.817789344,0.990338586,94.4,262.2
Mmp9,15.03385186,0.283105904,1.351422852,0.209487285,0.83406786,0.990338586,25,22.1
Mospd3,76.17056508,-0.12761256,0.564866624,-0.225916269,0.821266544,0.990338586,74,142.7
Mrpl18,193.1472745,0.085978749,0.363832286,0.236314236,0.813188841,0.990338586,184.4,333.5
Mrpl44,76.43889342,0.175088772,0.788895032,0.221941785,0.824359202,0.990338586,72.4,126.9
Mrpl57,170.211652,0.074897084,0.331516733,0.225922483,0.821261711,0.990338586,143.1,283
Mrps26,92.38105087,0.108939637,0.485271478,0.224492148,0.822374376,0.990338586,75.7,153.1
Mxi1,282.4553364,-0.066883326,0.288199362,-0.232073123,0.816481219,0.990338586,201.9,519.9
Myo1b,8.247733461,0.48897384,2.141721672,0.22830877,0.819406207,0.990338586,9.5,10.4
N4bp2l2,605.7052578,0.036851112,0.175235916,0.210294287,0.833437994,0.990338586,464.2,1072.3
Ndufa9,127.7390529,-0.109584372,0.513689187,-0.213328165,0.831071007,0.990338586,105.6,245
Nefh,26.22879851,-0.221975581,1.036024248,-0.214257129,0.830346548,0.990338586,22.8,51.8
Npat,154.9076803,-0.105753025,0.494125488,-0.214020584,0.830531006,0.990338586,112.8,292.3
Npnt,16.4164968,-0.294238265,1.393801494,-0.211104857,0.832805451,0.990338586,10.6,27.6
Ormdl2,4.494046338,0.356346901,1.53161888,0.232660295,0.816025203,0.990338586,10.7,16.7
Otop1,2.521082547,0.659813934,2.917467537,0.22615982,0.82107712,0.990338586,0.9,2.5
Otud3,11.85726888,-0.377264373,1.688603173,-0.223418018,0.823210183,0.990338586,8,23.6
Pank2,170.9313499,0.04271582,0.183048312,0.233358176,0.815483287,0.990338586,150.2,297.9
Papss1,57.38537828,0.122670674,0.576210988,0.212891939,0.83141125,0.990338586,43.7,104.1
Patj,22.77387968,0.212252401,0.901229496,0.235514264,0.813809609,0.990338586,21.2,36.8
Pccb,29.11686376,-0.13452079,0.643080846,-0.20918177,0.834306343,0.990338586,28.5,54.2
Pcgf1,16.1448217,-0.23845714,1.037893552,-0.229751057,0.818285219,0.990338586,17.8,31.2
Pcyt1b,11.67867434,0.383145951,1.611463445,0.237762732,0.812065126,0.990338586,9,19.8
Peli2,2.530746596,0.672144484,2.916484011,0.23046397,0.817731258,0.990338586,6.9,7
Phf5a,162.7550133,0.087032401,0.388946593,0.2237644,0.822940632,0.990338586,134.7,279.7
Phldb1,9.286488475,0.388706974,1.63945984,0.237094538,0.81258345,0.990338586,14.9,13.5
Pinx1,57.81878154,-0.118013077,0.504944253,-0.233715062,0.815206194,0.990338586,39.8,109.7
Pithd1,114.6691729,-0.077605585,0.341089,-0.227522978,0.820017104,0.990338586,93.8,207.8
Plaa,333.0578466,-0.058687814,0.280465759,-0.209251263,0.834252096,0.990338586,297.5,612.2
Plagl2,211.9984007,-0.063063828,0.276238381,-0.228294953,0.819416948,0.990338586,158.6,387.2
Plcd4,9.024984972,-0.528236639,2.3188416,-0.22780195,0.819800211,0.990338586,10.8,16.2
Plekhg3,45.59015109,0.187920293,0.86128775,0.218185262,0.827284768,0.990338586,22.8,69.7
Plpbp,94.8286175,-0.090750034,0.378993738,-0.239449957,0.810756696,0.990338586,69.1,175.2
Pmf1,122.7925858,-0.10401618,0.436666727,-0.238204959,0.811722131,0.990338586,94.7,216.9
Pmm1,25.83630425,-0.187533386,0.891126026,-0.210445415,0.83332005,0.990338586,14.2,49.2
Pole2,26.39739259,-0.149341,0.6816974,-0.219072275,0.826593748,0.990338586,29.8,48.4
Polr1c,171.2089292,0.0471227,0.205135063,0.229715483,0.818312863,0.990338586,134.7,290.7
Polr2f,255.2134904,0.056626587,0.238430335,0.237497409,0.812270929,0.990338586,215.4,441.2
Prc1,54.85319389,-0.179672419,0.821001523,-0.218845415,0.826770468,0.990338586,48.4,99.1
Proz,13.25979533,-0.276115929,1.207624587,-0.228643845,0.819145744,0.990338586,13.8,24.5
Prpf3,104.1226514,0.09350802,0.406762537,0.229883561,0.818182251,0.990338586,74.4,176.1
Psmb5,145.2283246,-0.099148958,0.443493728,-0.223563383,0.823097059,0.990338586,126.3,260.1
Psmb6,432.1910103,-0.053336524,0.233731236,-0.228195959,0.819493903,0.990338586,331.8,771.5
Psmg3,54.34246919,0.119495871,0.548703072,0.217778753,0.8276015,0.990338586,53.7,87.8
Psrc1,13.70313896,-0.390484566,1.64261504,-0.23772129,0.81209727,0.990338586,5.8,32
Ptp4a1,30.24830289,-0.200691185,0.915033295,-0.219326647,0.826395606,0.990338586,19.2,57.1
Ptpn11,276.7905335,0.081711992,0.344395966,0.237261758,0.812453728,0.990338586,204.3,478.4
Pycr2,98.63553563,-0.092527799,0.42437466,-0.218033279,0.827403182,0.990338586,84.6,178.6
Rab21,428.9350482,0.034049443,0.153598251,0.221678587,0.8245641,0.990338586,337.7,754.4
Ran,153.8256175,-0.092435865,0.403666317,-0.228990781,0.818876082,0.990338586,127.1,281
Rassf7,17.62114658,0.212268898,0.983313878,0.215870947,0.829088344,0.990338586,19.1,29.5
Rer1,412.4698322,-0.050772308,0.230785549,-0.219997777,0.825872886,0.990338586,357.6,752.7
Rgl2,143.8430077,-0.075359349,0.317958272,-0.237010185,0.812648889,0.990338586,121,248.3
Rhbdd2,45.30748443,-0.150915231,0.688405811,-0.219224225,0.826475385,0.990338586,40.3,87.8
Ripk2,64.97018117,0.160463149,0.765433178,0.209637044,0.833950965,0.990338586,58.5,115.6
Rnf216,127.1850498,-0.065157827,0.278588351,-0.233885683,0.815073728,0.990338586,91.2,223.1
Rnf227,28.72370289,0.216855095,1.013917626,0.213878415,0.830641873,0.990338586,26.2,49.6
Rnf43,71.81472575,-0.163229316,0.73140961,-0.223170866,0.823402526,0.990338586,37.9,126.2
Rnu3a,20.28391173,0.212981456,0.984291561,0.216380455,0.8286912,0.990338586,19.1,33.3
Rorb,5.905425199,0.314566796,1.353679807,0.232379027,0.816243637,0.990338586,7.5,9.3
Rpl27a-ps2,6.536643852,-0.230036861,0.961010178,-0.239369849,0.810818808,0.990338586,4.3,11.8
Rps24-ps2,19.28351795,-0.179466344,0.770846586,-0.2328172,0.815903356,0.990338586,20.4,34.6
Rrp7a,29.8780947,0.228247008,0.95514201,0.238966568,0.811131507,0.990338586,30.7,45.9
Rundc3b,95.78173154,0.142538845,0.661738569,0.215400539,0.82945505,0.990338586,90.6,166.5
S100g,10.14955313,0.388488479,1.751829618,0.221761566,0.824499501,0.990338586,4.5,17
Sart3,149.6707002,-0.066753883,0.293139491,-0.227720541,0.819863502,0.990338586,109.3,268.7
Sdccag8,112.8208452,-0.120781746,0.540051348,-0.223648634,0.823030718,0.990338586,91.4,199.7
Sec23a,71.64422294,0.128973746,0.612917167,0.210426062,0.833335154,0.990338586,72.3,128.3
Selenoi,175.7627746,0.08599008,0.384509794,0.223635603,0.823040858,0.990338586,128.1,315.2
Senp8,11.06548801,-0.442580751,1.96519585,-0.225209488,0.821816309,0.990338586,6.6,22.4
Serpind1,5.466228345,-0.489587425,2.225908549,-0.219949478,0.825910501,0.990338586,4.6,11.5
Sh3bgrl,283.648306,0.056570487,0.248568655,0.227584959,0.819968914,0.990338586,224.5,495.5
Shkbp1,122.4584997,-0.086437727,0.391378379,-0.22085463,0.825205625,0.990338586,103,228.4
Slc11a1,42.9759791,-0.224431848,0.958180698,-0.23422706,0.814808708,0.990338586,34.8,69.5
Slc17a6,162.3411783,-0.104321307,0.44698443,-0.23338913,0.815459253,0.990338586,122.7,276.1
Slc19a1,39.61886072,0.20991201,0.89435046,0.234708897,0.814434682,0.990338586,30.7,61.8
Slc24a3,6.062519573,0.5568022,2.4228245,0.229815325,0.818235276,0.990338586,6.7,8.5
Slc26a11,61.18871808,0.128553748,0.588744264,0.218352443,0.827154517,0.990338586,57.2,94.6
Slc35a2,97.91243502,-0.072765616,0.324202147,-0.224445201,0.822410902,0.990338586,83.9,174.9
Slc37a3,193.5984688,0.068602928,0.321223666,0.213567478,0.830884363,0.990338586,136.3,352.4
Slc38a7,20.58567009,-0.218571575,0.985255756,-0.221842474,0.824436513,0.990338586,27.4,37.2
Slc39a8,6.561994475,-0.370473364,1.71700297,-0.215767457,0.829169016,0.990338586,3.7,14.4
Slc4a2,119.789551,-0.092796509,0.401022829,-0.231399566,0.817004402,0.990338586,87.7,217.9
Slf1,115.418871,0.156264156,0.663588728,0.23548344,0.813833531,0.990338586,89.4,191.3
Slit2,9.689032041,0.542774644,2.307884632,0.235182745,0.814066898,0.990338586,17.4,12.4
Smim6,3.878832749,-0.512066631,2.341632141,-0.218679366,0.826899824,0.990338586,5.2,9.3
Smim7,176.7382403,-0.0556087,0.242987751,-0.228853922,0.818982455,0.990338586,114.9,327.2
Snapc1,162.3964152,-0.103213501,0.46779513,-0.220638255,0.825374112,0.990338586,108.2,303.8
Snapc4,41.73735591,0.128758492,0.567932918,0.226714261,0.820645937,0.990338586,38,66.6
Snip1,108.5200446,0.087912963,0.393355659,0.223494847,0.823150393,0.990338586,88,189.7
Snx9,102.527382,-0.146609886,0.654711965,-0.223930361,0.822811491,0.990338586,116.4,181.6
Socs7,145.1069787,0.058924592,0.268393986,0.21954513,0.826225429,0.990338586,113.3,245.3
Spcs3,455.9886958,-0.061220089,0.277945548,-0.220259289,0.825669224,0.990338586,354.7,830.4
Spg20,83.06008663,0.129350035,0.548436828,0.235852205,0.813547357,0.990338586,63.2,131
Sppl2b,54.56554512,-0.137447219,0.586948954,-0.234172356,0.814851175,0.990338586,36.6,104.8
Srfbp1,68.70826955,0.177066221,0.771076242,0.229635166,0.818375279,0.990338586,53.8,117.8
Stat5a,381.399119,0.051741168,0.240940747,0.214746441,0.829965012,0.990338586,251.6,656.6
Svbp,196.9804446,-0.07710536,0.339847435,-0.226882276,0.820515284,0.990338586,173.1,365.6
Synj1,316.4700466,-0.078256223,0.365870963,-0.213890225,0.830632663,0.990338586,241.5,583.7
Tfap4,18.30284042,-0.246305429,1.110484699,-0.221799931,0.824469633,0.990338586,17.8,36.3
Tmbim1,89.73943559,-0.10247745,0.477844961,-0.214457531,0.830190282,0.990338586,81,158.2
Tmem126a,201.6808721,-0.061639753,0.293405535,-0.210083812,0.833602259,0.990338586,145.9,368.7
Tmem140,54.93762803,0.147114018,0.702507634,0.209412696,0.834126082,0.990338586,31.5,92.5
Tmem43,102.1581758,-0.111874481,0.472922307,-0.236559958,0.812998187,0.990338586,82.3,191.7
Tmem62,53.41036073,-0.153917252,0.679156098,-0.226630156,0.820711341,0.990338586,40.7,91.2
Tmem80,70.69335089,0.145879597,0.622225677,0.23444805,0.814637159,0.990338586,57.6,120.3
Tmub1,51.9737687,-0.121257914,0.53231017,-0.227795599,0.819805148,0.990338586,38.2,97.2
Tnfaip2,75.33114054,0.188834754,0.82913843,0.227748163,0.819842028,0.990338586,96.2,109.2
Traf3,202.6845543,-0.114070225,0.49787122,-0.229115925,0.818778816,0.990338586,124.8,361.8
Traj4,15.83808598,-0.326352611,1.372769173,-0.237733056,0.812088143,0.990338586,8.2,27.5
Trip6,26.75692541,0.198247876,0.897111235,0.220984721,0.825104329,0.990338586,22.6,42.2
Tspo,697.1035551,-0.049097603,0.224749659,-0.218454628,0.827074906,0.990338586,575.6,1245
Ttc5,187.9364574,0.045398947,0.206725018,0.219610318,0.826174655,0.990338586,142.8,325.3
Ttpal,150.6559154,-0.08042782,0.34774577,-0.231283389,0.817094651,0.990338586,113.8,280.9
Twf2,151.2214951,0.08848754,0.382888751,0.231105092,0.817233159,0.990338586,134.1,253.3
Ube2l3,319.8105469,-0.059993009,0.270890158,-0.221466183,0.824729465,0.990338586,264.9,569.1
Uchl4,12.14994029,0.337078413,1.522860345,0.221345584,0.824823359,0.990338586,11.7,18.8
Ulk1,77.50828641,-0.095786572,0.412169926,-0.232395829,0.816230588,0.990338586,49.7,143.1
Unc5b,8.413106433,0.53113684,2.333102941,0.227652553,0.819916361,0.990338586,15.7,11.5
Usb1,68.0402166,0.099626415,0.447577822,0.222590152,0.823854502,0.990338586,47.3,115
Vaultrc5,5.148073511,0.525862728,2.230505896,0.235759398,0.813619376,0.990338586,5.5,6.9
Vrk1,113.816153,0.115613685,0.538359935,0.214751652,0.82996095,0.990338586,97,193.6
Wdr36,134.3969237,-0.114214738,0.541031393,-0.211105564,0.832804898,0.990338586,111,250.6
Wdr76,115.8940105,-0.12506788,0.589510767,-0.212155378,0.831985817,0.990338586,99.1,221.1
Xrcc6,99.53366653,-0.106429299,0.46937898,-0.226744919,0.820622096,0.990338586,67.8,183.6
Zbtb39,7.722907413,-0.337959991,1.503635098,-0.224761973,0.822164451,0.990338586,6,15.5
Zc3h7b,153.794472,-0.096099332,0.413614157,-0.23234053,0.816273536,0.990338586,114.4,279.2
Zfand5,275.0538438,0.07430555,0.31468631,0.23612578,0.81333507,0.990338586,240.7,476.2
Zfp280c,111.2632955,0.095694821,0.454461513,0.210567491,0.833224782,0.990338586,85.9,193.8
Zfp3,14.61951669,-0.360938731,1.626481061,-0.221913885,0.824380921,0.990338586,12.5,30.6
Zfp382,34.6756727,0.185498028,0.805496046,0.230290426,0.817866099,0.990338586,32.8,53.4
Zfp551,3.324938402,-0.562469393,2.641713362,-0.212918404,0.831390607,0.990338586,6.4,15.7
Zfp644,366.4373743,-0.040996413,0.192257943,-0.213236513,0.83114249,0.990338586,293.6,660.4
Zfp653,55.02360182,-0.131623281,0.591953122,-0.22235423,0.824038139,0.990338586,35.2,97
Zfp746,139.7091614,0.101710348,0.440595754,0.230847318,0.817433419,0.990338586,102.6,239.4
Zmym3,110.8631675,-0.066012433,0.285088523,-0.23155065,0.816887042,0.990338586,83.6,208.5
Zmym4,128.4603205,0.080395678,0.364085712,0.220815252,0.825236288,0.990338586,99.3,217.7
Zswim6,220.1831361,0.06074477,0.273929893,0.22175298,0.824506185,0.990338586,166.7,399.5
Zswim9,23.08526514,0.322508108,1.477006359,0.218352552,0.827154431,0.990338586,23.1,35.3
Prmt9,89.66081576,0.141814565,0.678731518,0.208940591,0.834494616,0.990384562,74.2,153.7
Gm16224,45.14105911,-0.179819979,0.861771397,-0.208663202,0.834711169,0.9905578,35.6,82.8
Ddx47,208.2813664,-0.078801479,0.377853108,-0.208550566,0.834799105,0.990578392,170.8,379.5
Dbnl,539.4990087,-0.044115362,0.211831182,-0.208257168,0.835028174,0.99061353,370.7,978.2
Dlgap4,204.9983006,0.070018517,0.335946146,0.208421848,0.834899598,0.99061353,162.3,346
Gm44187,14.85725511,0.243315125,1.169046708,0.208131226,0.835126506,0.99061353,14.7,24.3
Sclt1,94.17121587,0.118914198,0.571390225,0.208113811,0.835140103,0.99061353,70,169.4
Slc22a5,4.052468771,-0.483649123,2.32455892,-0.208060599,0.835181651,0.99061353,10.3,7.6
Fam117b,274.2013741,-0.081467272,0.391743295,-0.207960858,0.83525953,0.990622179,213.4,502.5
Rars,201.0593108,-0.093847085,0.451538857,-0.207838337,0.835355198,0.990651922,159.5,356.9
Akap1,21.45776776,0.234951517,1.133871443,0.207211777,0.83584447,0.990676181,30.6,35.9
Arpc3,273.5788648,-0.042736464,0.206338842,-0.207117883,0.835917796,0.990676181,212.4,499.7
Chmp1a,170.5707159,-0.067428352,0.327466613,-0.205909088,0.836861926,0.990676181,136.9,303.4
Cir1,81.61767056,0.127088594,0.618006147,0.205642929,0.837069842,0.990676181,60.6,143.7
Clk3,21.8015653,0.256326435,1.246053928,0.205710547,0.83701702,0.990676181,17.1,34.7
Dnajc19,128.1448894,0.08578425,0.416799521,0.205816576,0.836934193,0.990676181,96.7,225.2
Dnal4,25.50020833,0.160637318,0.776853078,0.206779535,0.836182039,0.990676181,24.8,41.2
Epb41l4aos,202.3586693,0.060151475,0.291708205,0.206204262,0.836631359,0.990676181,168.3,346.9
Gm19391,4.746107681,-0.36798605,1.77568555,-0.207236045,0.835825519,0.990676181,2.3,9.8
Gm37914,7.438783845,-0.387533061,1.879176105,-0.206224983,0.836615174,0.990676181,4.4,14
Gm50069,6.387462821,0.347480086,1.689303152,0.205694334,0.837029685,0.990676181,13.2,9.7
Gm6653,8.359722615,-0.399947708,1.933111857,-0.206893205,0.836093263,0.990676181,5.4,19.1
Hmgb2,496.7221005,0.044730525,0.217350709,0.205798847,0.836948042,0.990676181,392.5,874.5
Klhdc1,49.35032129,0.111324332,0.539409393,0.206381894,0.836492613,0.990676181,44,83.2
Lancl3,24.18556335,-0.452185114,2.198632765,-0.205666504,0.837051425,0.990676181,7.2,52.1
Med25,176.8552706,-0.052301891,0.252188115,-0.207392372,0.83570344,0.990676181,139,329.5
Mrpl22,38.18003421,0.165944077,0.8032816,0.206582694,0.836335777,0.990676181,32.3,65.3
Ms4a6d,176.7663475,0.087993339,0.426876989,0.206132777,0.836687196,0.990676181,150.6,297.7
Nfe2,11.92946004,0.349187596,1.683833927,0.207376506,0.835715829,0.990676181,7.5,17.4
Psmc5,279.9187446,0.079613166,0.385408898,0.206568053,0.836347212,0.990676181,204,478.9
Rnf115,192.3008116,-0.069360873,0.33483459,-0.207149666,0.835892975,0.990676181,153.1,349.5
Tti1,61.0852016,-0.109859086,0.530007726,-0.207278273,0.835792541,0.990676181,45.5,122.2
Vps26b,161.427976,-0.07257768,0.35083707,-0.206870045,0.836111351,0.990676181,117,301.5
Wbp11,313.5960053,0.054268218,0.263048778,0.206304772,0.836552851,0.990676181,239,544.8
1110004F10Rik,325.1965282,0.061973858,0.303172827,0.204417588,0.838027187,0.990678952,283,571.6
4933406I18Rik,24.12515187,0.223052086,1.10104696,0.20258181,0.839461909,0.990678952,27,39.6
Adgb,9.280464641,0.442616441,2.169946587,0.203975731,0.838372464,0.990678952,6,14.7
Arhgap12,76.79031771,-0.114841353,0.56321839,-0.203901995,0.838430086,0.990678952,59.3,147.8
Atp6v1c1,159.9665799,0.063375751,0.309996884,0.20443996,0.838009706,0.990678952,134.5,277.4
Atpaf2,87.97585206,0.085639343,0.424610118,0.201689359,0.840159582,0.990678952,73.6,156.1
Copb1,329.4023307,-0.043434759,0.214710351,-0.202294667,0.839686369,0.990678952,239.6,573.7
Cxcl14,10.41828632,-0.337275651,1.670476776,-0.201903825,0.839991911,0.990678952,11.6,16.5
D230025D16Rik,33.64500414,-0.172298153,0.841310758,-0.204797278,0.837730514,0.990678952,26.7,62
Dcun1d4,28.0918998,0.200929022,0.985797116,0.203823909,0.838491108,0.990678952,20.5,56.9
Fam20b,48.31502623,-0.141535562,0.699051477,-0.202468011,0.839550864,0.990678952,37.6,90.3
Fopnl,199.2781525,-0.066852248,0.328050394,-0.20378652,0.838520327,0.990678952,155.9,366.9
Gm6392,8.231838335,0.195678616,0.960013423,0.203829042,0.838487097,0.990678952,6.4,13.6
Gm7832,7.899301498,-0.344444495,1.698627359,-0.202778139,0.839308445,0.990678952,3.9,13.2
Gnaq,114.8344784,-0.090110436,0.446425142,-0.201848928,0.84003483,0.990678952,93.3,207.2
Gnptab,336.9321424,0.060947952,0.298511087,0.204173159,0.838218185,0.990678952,265.3,590.1
Gprasp1,76.75087979,-0.112510865,0.553901506,-0.203124316,0.839037866,0.990678952,54.8,146.1
Hspa9,429.6391427,-0.053818839,0.263275203,-0.204420464,0.83802494,0.990678952,377.4,766.2
Iffo2,83.96261476,0.106701184,0.525316974,0.203117716,0.839043025,0.990678952,66.4,139.2
Isyna1,130.8467526,-0.075206954,0.371485447,-0.202449262,0.83956552,0.990678952,100.5,233.6
Kansl1l,107.8406677,0.125328263,0.617800589,0.202862,0.839242897,0.990678952,73.3,184.9
Kansl2,8.094861722,-0.337776845,1.653469562,-0.204283679,0.838131824,0.990678952,4.8,15
Map4k2,480.0948541,0.037145958,0.183862292,0.20203141,0.839892169,0.990678952,354.8,860.7
Mief1,106.1902578,-0.100805394,0.497747051,-0.202523338,0.839507615,0.990678952,84.8,183.5
Mt3,12.35694301,-0.205577228,1.017952658,-0.201951659,0.839954516,0.990678952,10.5,25.2
Ncbp1,266.6363553,0.07631601,0.378360041,0.201702087,0.840149631,0.990678952,234.5,473.2
Noc4l,140.1396816,-0.084125225,0.416972956,-0.201752233,0.840110426,0.990678952,105.7,253.5
Pex5,65.00275256,-0.12187534,0.601251015,-0.202702925,0.839367237,0.990678952,47.9,120.8
Plpp6,68.80074936,0.101753388,0.503437164,0.202117355,0.83982498,0.990678952,47.8,121.4
Ppp2r5e,213.0344967,0.065073943,0.318575394,0.204265441,0.838146075,0.990678952,176.2,350.4
Rpl17-ps9,14.16432549,0.28043176,1.380910564,0.203077424,0.839074517,0.990678952,6,21.6
Rpl19,17.17826752,-0.165103825,0.815237732,-0.202522306,0.839508422,0.990678952,8.7,34.7
Scyl2,170.3082615,0.085638176,0.422679861,0.202607656,0.839441705,0.990678952,149.6,282.4
Sdhd,157.3391652,0.104165594,0.509689085,0.204370855,0.838063704,0.990678952,116,269.9
Sec11a,427.4295463,0.054508979,0.265669786,0.205175681,0.837434869,0.990678952,366.6,742.7
Tgds,62.27729964,0.130347407,0.641370845,0.20323251,0.838953303,0.990678952,49.9,111.3
Timm10,50.88230541,0.154182238,0.761791268,0.202394336,0.839608456,0.990678952,51,82.8
Tomm22,289.0207207,-0.047036919,0.229027341,-0.205376873,0.837277688,0.990678952,214.3,518.9
Tyrobp,221.2945238,-0.147282852,0.723892706,-0.203459505,0.838775894,0.990678952,239.7,372.1
Vps72,150.9589527,0.073922915,0.36656195,0.201665543,0.840178202,0.990678952,119.5,262.5
Washc3,177.9551268,0.058513315,0.286208564,0.204442923,0.838007391,0.990678952,128.3,298.4
Wls,273.7898623,-0.06682152,0.33092786,-0.201921711,0.839977929,0.990678952,236.7,479.2
Wtap,178.5179346,-0.066657351,0.32861801,-0.202841442,0.839258965,0.990678952,135.2,335.8
Zfp961,63.841804,0.13440643,0.655630769,0.205003238,0.837569596,0.990678952,41.3,105.3
Gm43857,18.59925774,0.300078445,1.488709453,0.201569517,0.840253278,0.99068424,18.4,29.2
Hpgds,49.49177217,0.18894216,0.938166995,0.201395019,0.84038971,0.990761861,46,78.8
Gm42820,20.68971421,0.260991488,1.297641354,0.201127598,0.840598803,0.990869284,14.3,35
Prdm5,6.663999195,-0.377552038,1.87745409,-0.201097881,0.840622039,0.990869284,9.5,12.8
Ints3,125.5419826,0.110724437,0.550974298,0.200961165,0.840728941,0.990912065,96,216.2
Alg1,8.323680247,0.276581306,1.377662007,0.200761366,0.840885173,0.991012976,7.8,13.3
E130308A19Rik,55.0169931,-0.169463806,0.845196097,-0.200502353,0.841087718,0.991028283,21.2,105.2
Isg15,34.41904102,-0.121451551,0.605803983,-0.200479948,0.841105239,0.991028283,26.1,68.2
Polr2h,131.4621958,0.106910336,0.533288195,0.200473847,0.84111001,0.991028283,103.2,235.5
Lrfn4,3.363563179,-0.44778431,2.235987418,-0.200262446,0.841275331,0.991081991,12.5,5.3
Olfml3,21.26612769,0.278293291,1.390098444,0.200196822,0.841326652,0.991081991,27,26.6
Slfn9,65.02030645,0.109231883,0.545764688,0.20014465,0.841367454,0.991081991,51.8,110.4
Abcc4,45.13749532,-0.140580414,0.7041444,-0.199647137,0.84175656,0.991189514,42.7,82.7
Avl9,209.8884205,-0.065991979,0.330602536,-0.199611229,0.841784645,0.991189514,145.6,380.7
Ehbp1l1,224.5925069,0.042186457,0.211453173,0.199507326,0.841865913,0.991189514,166.5,402.5
Gm43712,17.22171619,-0.125625994,0.629783516,-0.199474884,0.841891288,0.991189514,10.3,30.2
Gm44888,4.241646941,-0.461776373,2.319556943,-0.199079559,0.842200511,0.991189514,1.6,8.5
Mbnl3,61.33155616,0.127586542,0.639423755,0.199533628,0.841845341,0.991189514,49.4,101.4
Mir1931,80.45480484,-0.165203888,0.827371703,-0.199673119,0.841736238,0.991189514,48.1,154
Ndufa6,658.488622,-0.031798324,0.159834316,-0.198945536,0.842305349,0.991189514,536.2,1175.7
Slc25a42,16.56386983,0.231910729,1.164592108,0.199134725,0.842157358,0.991189514,15.1,27.3
Snrpd2,212.5000052,0.051060832,0.256658852,0.198944363,0.842306267,0.991189514,167.9,367
Taf5l,157.7112259,0.070954989,0.35629238,0.199148209,0.842146811,0.991189514,117.5,271.9
Ube2o,78.04153273,-0.109067522,0.547698514,-0.199137883,0.842154888,0.991189514,80.5,143.9
Nek4,13.49838747,-0.281484668,1.415542777,-0.198852816,0.842377879,0.991190673,10.9,24.8
1-Mar,16.27331674,0.29400625,1.491271205,0.19715143,0.843709038,0.99123921,21.3,24.1
4930404I05Rik,5.868197211,-0.402045902,2.034456596,-0.197618324,0.843343697,0.99123921,2.9,11.2
5031425F14Rik,20.37549682,-0.29923318,1.5436319,-0.193850088,0.846293266,0.99123921,22.1,36.5
Abcc10,28.48692962,-0.223942969,1.142791933,-0.195961279,0.844640473,0.99123921,20.9,52.3
AC154328.1,9.122698311,-0.3059959,1.567601896,-0.195200006,0.845236374,0.99123921,8.6,18.8
Acyp2,7.340525917,0.471475421,2.380373785,0.198067809,0.84299201,0.99123921,6.7,13.1
Adora2b,3.7924674,-0.448789725,2.296116979,-0.19545595,0.845036019,0.99123921,3.8,8.3
Ap1g1,177.8436407,0.062271202,0.320480955,0.194305468,0.845936704,0.99123921,126.8,306.1
Arid3a,81.04147832,0.141466416,0.728423337,0.194209067,0.846012184,0.99123921,68.8,135.7
BC002163,4.260780597,-0.378864601,1.954039972,-0.193887846,0.846263701,0.99123921,3.9,10.1
Bloc1s6os,2.157246711,0.567416775,2.921836076,0.194198702,0.846020299,0.99123921,8.9,8.4
Cox7b,649.3921121,-0.041237102,0.21287709,-0.193713198,0.846400457,0.99123921,550,1166.3
Cpsf4,146.5077383,-0.073423375,0.380383077,-0.193024819,0.846939531,0.99123921,79.9,253.4
Crry-ps,6.489917299,-0.299575047,1.517373757,-0.197429965,0.843491083,0.99123921,6.7,12.1
Ctnnd2,32.04584047,-0.265951744,1.346277668,-0.197545982,0.843400302,0.99123921,23.3,58.4
Cttn,5.090276437,0.395200101,2.044521677,0.193297095,0.846726301,0.99123921,8.2,7.8
Cul7,10.69567247,0.346929165,1.785577619,0.194295203,0.845944742,0.99123921,16.3,18.2
Dap,445.7498869,-0.053151328,0.275072708,-0.19322647,0.84678161,0.99123921,443.8,813.9
Dnajb4,110.1260464,0.098291741,0.50422501,0.194936267,0.845442842,0.99123921,88.2,178.6
Dnase1l2,3.854884435,-0.343074735,1.733161948,-0.197947304,0.843086293,0.99123921,3.5,8.6
Dtx4,41.02211201,-0.179966355,0.91470983,-0.196746935,0.844025579,0.99123921,49.7,69.8
E230001N04Rik,7.427916018,-0.336291799,1.729266477,-0.194470779,0.845807274,0.99123921,3.2,15.1
Ehmt2,284.6985797,-0.058104954,0.300344488,-0.193461029,0.846597924,0.99123921,192.4,504.4
Exoc2,181.878878,-0.047822129,0.244140484,-0.195879555,0.84470444,0.99123921,136.4,331.6
Fam173a,17.04809448,0.1625461,0.840487865,0.193394939,0.846649679,0.99123921,14.6,26.7
Gm11973,6.910587908,-0.428461908,2.216090073,-0.193341378,0.846691623,0.99123921,7,14.2
Gm16523,50.90365346,-0.112788515,0.57834537,-0.19501931,0.845377831,0.99123921,37,93.4
Gm21781,29.08431574,0.174007802,0.885811648,0.196438828,0.844266708,0.99123921,27.9,47.4
Gm26581,13.38174842,0.275172679,1.415988927,0.194332507,0.845915534,0.99123921,12.8,22.2
Gm48986,29.61678605,-0.203125215,1.024845689,-0.198200779,0.842887978,0.99123921,21.4,55.4
Gm49588,7.33895708,-0.468707659,2.384442919,-0.196569041,0.844164799,0.99123921,1.8,14.2
Gpat4,129.1836963,-0.076118311,0.391024044,-0.194664016,0.845655984,0.99123921,95.6,240.2
Gramd1c,31.23215573,0.206036439,1.057225191,0.194884156,0.845483638,0.99123921,20.8,49.8
Hexdc,3.306883581,0.43800736,2.248597816,0.194791331,0.845556309,0.99123921,11.3,10.1
Hpcal1,159.9454098,0.057316684,0.295517729,0.193953454,0.846212328,0.99123921,119.2,290.7
Ifi35,282.3230441,0.068773733,0.349412032,0.19682703,0.843962898,0.99123921,257.7,502.2
Ipo7,379.8442909,0.055635819,0.287673935,0.193398886,0.846646588,0.99123921,298,658.8
Ldlr,77.31368359,0.143836855,0.732855078,0.196269166,0.844399494,0.99123921,86.9,123.2
Ly6d,18.73567626,0.339175594,1.725745349,0.196538611,0.844188615,0.99123921,28,29.5
Mars,149.3053622,-0.062016278,0.317330295,-0.195431318,0.845055301,0.99123921,110.5,272.4
Mettl7a1,47.96271417,0.129821101,0.658677597,0.197093543,0.843754336,0.99123921,43.8,78.5
Mrpl21,129.519578,-0.085442225,0.431112558,-0.198190063,0.842896362,0.99123921,108.6,236
Nbr1,214.2379783,-0.081372572,0.421554192,-0.193029921,0.846935535,0.99123921,145.6,382.8
Ndfip2,423.347808,0.042688256,0.218748768,0.195147412,0.845277547,0.99123921,346.9,746.1
Nrp2,28.93246201,0.21982525,1.133943892,0.193859019,0.846286273,0.99123921,28.1,45.7
Pald1,24.23395568,0.227288871,1.145864373,0.198355824,0.842766678,0.99123921,32.7,39
Pik3r2,17.25554789,0.237841665,1.203351814,0.197649318,0.843319446,0.99123921,23.1,28.2
Pip4k2b,251.1141694,0.050925271,0.263237855,0.193457248,0.846600884,0.99123921,193.6,450.2
Pitpnm2os2,9.976094649,0.308963169,1.596628484,0.193509744,0.846559776,0.99123921,8.8,16.4
Plin2,55.53364502,0.142731131,0.731216936,0.195196697,0.845238965,0.99123921,66.2,88.1
Rassf5,733.6458572,0.026079719,0.133816542,0.194891592,0.845477817,0.99123921,567.1,1273.3
Rbl2,289.5301931,0.055962751,0.289708556,0.193169134,0.846826511,0.99123921,196.5,507.6
Rnf6,303.0492302,-0.070844733,0.360675243,-0.196422499,0.844279487,0.99123921,234.5,550.9
Rora,620.0239948,-0.048275462,0.243464043,-0.1982858,0.842821461,0.99123921,389.3,1117.2
Snhg8,578.2828584,-0.039123578,0.199552267,-0.196056798,0.84456571,0.99123921,502.7,1022.2
Snx33,16.97211876,-0.237676345,1.200820208,-0.197928335,0.843101134,0.99123921,12.2,33.4
Syf2,631.4504014,0.034424196,0.175265567,0.19641163,0.844287994,0.99123921,460.5,1097.8
Terf2ip,84.8291234,0.107573693,0.550208318,0.19551448,0.844990203,0.99123921,61.5,148.9
Tet2,393.130737,-0.050217513,0.255419662,-0.19660786,0.844134419,0.99123921,289.5,723.4
Tmem8b,7.388015832,-0.39644386,2.043422342,-0.194009751,0.846168247,0.99123921,5,11.5
Vps4a,158.8673131,0.077495792,0.400218624,0.193633648,0.84646275,0.99123921,132.7,262.2
Wdfy3,14.49072377,0.300058653,1.543201134,0.194439109,0.84583207,0.99123921,23.6,22.1
Zcchc10,53.28848506,-0.118812546,0.602482537,-0.197204962,0.843667148,0.99123921,40.2,98.6
Znrd1as,2.310064148,-0.333989898,1.716781149,-0.194544248,0.845749753,0.99123921,10.6,12.2
1600020E01Rik,119.2186876,0.057941981,0.308354814,0.187906847,0.850949675,0.991242045,89.5,216
2010001A14Rik,7.394912383,0.289515087,1.591050768,0.181964707,0.855610423,0.991242045,9.2,13
4933434E20Rik,206.6638775,0.046177127,0.253706498,0.18201003,0.855574855,0.991242045,164.8,357.7
6720489N17Rik,14.54149491,-0.23782084,1.249153292,-0.190385633,0.849006955,0.991242045,12.6,26.1
9530078K11Rik,3.011277602,0.534329089,2.911819275,0.183503521,0.854402956,0.991242045,4.9,3.1
Agpat1,79.09544591,0.128755133,0.691571715,0.186177558,0.852305523,0.991242045,59.7,135.6
Alg10b,99.97044576,-0.078760494,0.417494413,-0.188650413,0.850366818,0.991242045,71.8,194.5
Ampd2,79.96242868,-0.087853887,0.473459419,-0.185557375,0.852791882,0.991242045,59.2,144.4
Apex2,68.0171928,-0.120381882,0.662614787,-0.181677024,0.855836198,0.991242045,49.6,124.9
Arhgef3,232.3009094,0.058798442,0.325055014,0.180887663,0.856455753,0.991242045,184.7,396.2
Atf6b,216.0660076,-0.068624446,0.361794904,-0.189677757,0.849561652,0.991242045,192.3,389.1
B230208H11Rik,6.22486672,0.372857946,1.989337117,0.187428236,0.851324886,0.991242045,9.2,8.7
B4galt7,72.88390852,0.106676285,0.575049913,0.185507872,0.852830707,0.991242045,65.4,130.5
Bid,73.84755708,0.098304525,0.511148809,0.192320756,0.847490961,0.991242045,45.7,124.7
Btbd10,104.9224794,-0.06715627,0.357018684,-0.188102956,0.850795944,0.991242045,84.8,193.1
Btrc,70.59719038,0.099213699,0.544470448,0.18222054,0.855409654,0.991242045,54.6,113.9
C920006O11Rik,10.47264773,0.231221377,1.24938687,0.185067878,0.853175796,0.991242045,12.5,18.4
Casp12,13.09347178,0.292841883,1.62293417,0.180439779,0.856807328,0.991242045,20.9,19.9
Cd28,1471.722741,0.038914248,0.209730022,0.185544479,0.852801997,0.991242045,1002.4,2613
Cep57l1,60.91886212,-0.104361654,0.554966527,-0.188050358,0.850837175,0.991242045,62.4,109.1
Cfl1,4206.179943,-0.020801042,0.108667631,-0.191418937,0.848197385,0.991242045,3381.7,7585.1
Chmp4c,7.297164692,-0.294936495,1.606462764,-0.183593733,0.85433218,0.991242045,4.2,13.4
Cox19,41.99997074,-0.142510026,0.770456156,-0.184968379,0.853253838,0.991242045,22.4,81.5
Ctdsp2,188.14649,-0.070334558,0.37890384,-0.185626405,0.852737746,0.991242045,166.1,334.3
Cul4a,54.58641515,-0.095983304,0.505977375,-0.189698807,0.849545156,0.991242045,40,99.5
D630030B08Rik,41.36884921,0.166505342,0.901676988,0.184661852,0.85349427,0.991242045,30.9,61.2
Derl1,263.7982007,-0.074256909,0.410167462,-0.181040467,0.856335813,0.991242045,252.1,491.5
Dgcr6,16.69745041,-0.18549453,1.011924467,-0.183308672,0.854555831,0.991242045,12.1,29.8
Disc1,18.69126532,0.216872517,1.167022636,0.185834028,0.852574919,0.991242045,10.4,27.4
Dnajc30,30.71113979,-0.146882017,0.809977826,-0.181340788,0.856100093,0.991242045,22.3,54.5
Efcab7,18.0979351,-0.218305669,1.17312397,-0.186089173,0.852374832,0.991242045,12.8,38.5
Evi5,20.36884,-0.236861278,1.230536671,-0.192486159,0.847361408,0.991242045,25.8,37
F2rl2,78.29435413,-0.126958689,0.694418304,-0.182827395,0.854933453,0.991242045,46.5,144.1
Fam174b,49.31380639,0.123672555,0.685848688,0.180320466,0.85690099,0.991242045,51.1,90.4
Fnbp4,610.0053095,-0.036510649,0.192259576,-0.189902889,0.849385229,0.991242045,456.8,1096.3
Foxp4,90.26381106,-0.092380399,0.496253419,-0.186155693,0.852322669,0.991242045,72.4,172.6
Frmd8,311.6589638,0.048346034,0.253974236,0.190358024,0.849028588,0.991242045,240.1,548.5
Gm12992,6.640214925,0.420704973,2.198901143,0.191325096,0.8482709,0.991242045,4.5,12.8
Gm16124,15.04007658,0.2648019,1.421523375,0.18628037,0.8522249,0.991242045,10,26.9
Gm16702,7.602270339,-0.326783237,1.701813879,-0.19202055,0.847726108,0.991242045,8.2,17.8
Gm17477,14.14482831,-0.288001755,1.584001727,-0.181819092,0.855724701,0.991242045,16.9,24.2
Gm20743,3.325411824,-0.539576104,2.914174194,-0.185155749,0.853106876,0.991242045,6.6,12.8
Gm22933,6.792814357,-0.277847185,1.493769546,-0.18600405,0.852441585,0.991242045,3.2,11.3
Gm29151,6.748754708,-0.293767227,1.628795495,-0.18035857,0.856871077,0.991242045,6.7,13.2
Gm38056,13.29830243,0.22928061,1.240925559,0.184765805,0.85341273,0.991242045,8.1,24.7
Gm43061,17.63494294,0.268334813,1.398994467,0.191805486,0.847894574,0.991242045,19.2,29.3
Gm44250,2.191332177,0.532433573,2.922281383,0.182197914,0.85542741,0.991242045,0.9,9.2
Gm44265,6.643353156,0.421305389,2.233314555,0.18864579,0.850370442,0.991242045,3.9,9.3
Gm45509,13.83602566,0.256257104,1.417515806,0.18077901,0.85654104,0.991242045,8.4,21.5
Gm4918,8.652447063,-0.257125239,1.412563261,-0.182027415,0.855561211,0.991242045,4.5,16
Gm49180,3.060005974,0.404302439,2.164868715,0.1867561,0.851851868,0.991242045,2.8,4.7
Gm49539,6.269375536,-0.342307399,1.859597918,-0.184076028,0.853953812,0.991242045,6.3,12.5
Gm49902,5.947610227,-0.371082066,2.048203993,-0.181174369,0.856230712,0.991242045,5.4,13.1
Gm49968,17.84224861,0.272837819,1.445278999,0.18877865,0.850266306,0.991242045,10.3,29.3
Gm6272,5.888261495,0.31656881,1.728471588,0.18314956,0.85468067,0.991242045,2.7,8.8
Gm6863,11.20423156,-0.135104291,0.743029164,-0.181829055,0.855716882,0.991242045,10.2,19
Gm6988,5.768811646,0.292075985,1.617877375,0.18053036,0.856736222,0.991242045,6.8,10.7
Gm7069,5.324690241,0.414631156,2.265482388,0.183021134,0.854781436,0.991242045,3.3,9.2
Gng5,127.7131855,0.094948579,0.502690671,0.188880727,0.8501863,0.991242045,108.5,214.2
Gtf2f1,180.401894,-0.051615986,0.27694506,-0.186376264,0.852149705,0.991242045,126.9,323.1
H13,519.6678908,-0.038572678,0.212406528,-0.181598363,0.855897934,0.991242045,430.9,951.1
Hat1,174.0185841,0.07233216,0.378020036,0.191344778,0.848255481,0.991242045,147.1,303.4
Hcfc1,319.3672401,-0.049114657,0.262734159,-0.186936703,0.851710262,0.991242045,268.2,589
Heg1,108.1736741,0.078688872,0.434974541,0.180904547,0.8564425,0.991242045,89.6,183.5
Hist2h4,7.929163328,-0.280745988,1.503175473,-0.186768606,0.851842062,0.991242045,4.6,15.1
Hist3h2ba,2.88845729,0.365301253,1.991893748,0.183393945,0.854488926,0.991242045,2.3,4.7
Idh3g,219.9999306,0.04492058,0.233765988,0.192160462,0.847616515,0.991242045,155.7,378.5
Ifi207,29.35433326,0.224893974,1.226510073,0.183360886,0.854514864,0.991242045,31.7,47.5
Ireb2,257.1075189,-0.072185166,0.3751769,-0.192403012,0.847426533,0.991242045,186.2,468.5
Izumo1r,34.77281278,0.150118896,0.789095078,0.190241836,0.84911963,0.991242045,26.2,60.1
Ldb1,534.3132967,0.03807968,0.202426387,0.188116187,0.850785572,0.991242045,386.5,953.4
Mcm5,321.3433738,-0.048414438,0.26325142,-0.183909502,0.854084451,0.991242045,253.2,584.5
Mettl22,39.36673707,-0.149665986,0.809644998,-0.184853839,0.853343678,0.991242045,33.7,75
Mrpl28,118.9635862,-0.066618649,0.353118661,-0.188657967,0.850360897,0.991242045,80.2,210.1
Mtmr4,44.90642369,0.147698057,0.800966737,0.184399739,0.853699875,0.991242045,44.5,72.6
Ncoa6,182.7838723,0.05933691,0.326888619,0.18152027,0.855959224,0.991242045,158.2,326.2
Nif3l1,35.12317104,-0.131296806,0.719773124,-0.182414154,0.855257719,0.991242045,27.6,66.5
Nipsnap1,43.93348598,-0.140824579,0.750294257,-0.187692466,0.851117736,0.991242045,32.1,79.7
Nmb,65.43728065,-0.125583998,0.687143091,-0.182762513,0.854984364,0.991242045,55.7,122.9
Nxt2,9.104629558,-0.297344196,1.575869687,-0.188685777,0.8503391,0.991242045,5,16.2
Pcdh18,5.971426037,-0.359220746,1.912479397,-0.187829864,0.851010024,0.991242045,25.9,13.3
Pecr,5.561874022,-0.243083948,1.291062044,-0.188282158,0.850655471,0.991242045,4.6,12.6
Phf13,72.14014416,-0.103371561,0.555521871,-0.186080092,0.852381954,0.991242045,51.7,133.2
Phlda3,5.516351425,-0.256932139,1.372469498,-0.187204261,0.851500484,0.991242045,3.5,11.1
Pi4k2b,49.6971979,-0.14169449,0.761414196,-0.186093838,0.852371174,0.991242045,45.9,92.3
Pilrb2,2.1491589,-0.484614294,2.532359983,-0.191368643,0.848236785,0.991242045,1.5,4.1
Pls3,13.45582932,-0.219642616,1.189090637,-0.18471478,0.853452753,0.991242045,17.1,27.6
Pnp,108.502526,-0.075218997,0.410718999,-0.183139804,0.854688325,0.991242045,87.8,190
Pop7,69.7237264,-0.116780993,0.624142522,-0.187106293,0.851577294,0.991242045,62.2,132.4
Ppp2r2a,460.1317666,0.035737557,0.186238346,0.191891505,0.847827192,0.991242045,346.9,803.3
Ppp6r1,494.6131196,-0.033517807,0.174587363,-0.191983006,0.847755517,0.991242045,350.7,899.8
Prpf4,146.5159644,0.066865177,0.37037792,0.180532299,0.8567347,0.991242045,109.9,254.9
Psma7,879.6919476,0.027809885,0.146132623,0.190305793,0.849069515,0.991242045,696.2,1532.1
Ptms,536.4370256,-0.040151438,0.208762701,-0.192330514,0.847483318,0.991242045,406.9,960.5
Ptpn4,101.1584208,-0.068530915,0.363232512,-0.188669552,0.850351817,0.991242045,76.3,183.3
Pum1,476.0764961,-0.032937184,0.177293657,-0.185777565,0.852619199,0.991242045,343.7,846.3
Pxn,336.7009619,0.038578188,0.20705265,0.186320668,0.852193301,0.991242045,259.2,583.8
Rab11fip1,130.5022026,-0.054002567,0.291521561,-0.185243817,0.853037803,0.991242045,80.5,228.9
Rab11fip5,21.1240688,0.250996833,1.33640175,0.187815403,0.851021361,0.991242045,26.7,28.9
Rala,236.8615908,-0.069766146,0.385509301,-0.180971368,0.85639005,0.991242045,205.4,424.1
Rex1bd,183.6833569,0.061546672,0.33655775,0.182871059,0.854899192,0.991242045,166.3,311.4
Rplp2,3579.501945,0.025803569,0.134662816,0.191616141,0.848042898,0.991242045,3034.9,6259.8
Scmh1,19.05932258,-0.206565163,1.091347345,-0.189275361,0.849877005,0.991242045,21.4,33.6
Scn11a,4.249112858,-0.414052209,2.265982266,-0.182725265,0.855013591,0.991242045,4.2,8.3
Scpep1,56.07747371,0.14614845,0.763668551,0.191376809,0.848230388,0.991242045,69,93.6
Slc24a1,8.220577664,-0.245455241,1.350709124,-0.181723242,0.855799925,0.991242045,4.6,16.1
Slc25a12,133.6110733,-0.088405366,0.47364842,-0.186647654,0.851936901,0.991242045,125,248.9
Sorl1,991.8699032,0.024111438,0.131395254,0.183503116,0.854403274,0.991242045,732.5,1740.7
Spg11,24.75239119,-0.149984073,0.791272846,-0.189547858,0.84966345,0.991242045,18.7,45.2
Stk25,176.3176906,-0.055310277,0.295684921,-0.18705816,0.851615033,0.991242045,154.6,316
Sun2,889.2545488,0.039022336,0.207211123,0.188321628,0.850624532,0.991242045,728.3,1577.1
Sys1,248.2434822,0.053200473,0.282521071,0.188306214,0.850636614,0.991242045,231,425.7
Syvn1,146.0626789,0.078773766,0.421133366,0.187051827,0.851619998,0.991242045,130.6,257.1
Szrd1,154.8082881,0.056304276,0.299884928,0.187752938,0.85107033,0.991242045,131.7,266.2
Taf13,71.75553169,-0.115552678,0.61855813,-0.186809732,0.851809816,0.991242045,45.6,136.1
Tbc1d17,39.44132911,-0.158477195,0.845047675,-0.187536396,0.85124009,0.991242045,31.4,72.2
Thnsl1,3.510373249,-0.544989387,2.909483113,-0.187314848,0.851413782,0.991242045,7.1,6.7
Tmco3,44.68627182,-0.131820852,0.707833543,-0.186231429,0.852263278,0.991242045,45.3,82.7
Tmem260,96.92332106,0.068301527,0.374730565,0.182268364,0.855372125,0.991242045,83.2,171.8
Tmprss13,9.271390133,-0.32296365,1.741558835,-0.185445156,0.852879893,0.991242045,4.3,20.1
Tpst2,566.7611302,0.037667997,0.205581885,0.183226245,0.854620502,0.991242045,463.7,1010.7
Tpx2,156.3719939,0.057223112,0.315248544,0.18151745,0.855961437,0.991242045,121.6,269.7
Trim41,106.9704318,-0.075332086,0.398428998,-0.189072799,0.85003576,0.991242045,81.9,181.2
Tspyl2,60.15049158,-0.098670614,0.51861429,-0.190258186,0.849106818,0.991242045,41.4,112.9
Uba2,230.5846421,0.040015665,0.221626392,0.180554602,0.856717192,0.991242045,212,413.1
Ube2c,146.0329501,-0.071226624,0.386142398,-0.184456885,0.853655048,0.991242045,122.4,261
Ube3a,433.6401096,0.053308594,0.288237978,0.184946462,0.853271028,0.991242045,333.6,757.6
Ubr7,101.2132011,0.104498462,0.568289687,0.183882384,0.854105725,0.991242045,81.5,171.5
Uhrf1bp1,10.22449524,0.245454075,1.327934117,0.184839045,0.853355282,0.991242045,13.7,16.6
Ulk3,32.69493203,-0.105572623,0.568163167,-0.185813916,0.852590691,0.991242045,20.1,64.2
Uqcc2,315.3252365,0.051634681,0.275736765,0.187260779,0.851456173,0.991242045,270.5,574
Vamp2,330.9686194,-0.040385346,0.220755416,-0.182941587,0.854843852,0.991242045,224.9,614.3
Vwa8,96.17990523,0.093986854,0.491483028,0.191231129,0.848344516,0.991242045,71.3,174.2
Wdr27,11.63395384,-0.392795685,2.125922891,-0.184764785,0.85341353,0.991242045,11.7,23
Zbtb44,133.5063532,0.070338826,0.388461468,0.181070278,0.856312414,0.991242045,102.9,238.7
Zfand6,414.9878984,0.03607227,0.194410151,0.185547256,0.852799818,0.991242045,336.5,734.9
Zfp446,24.67794901,0.204246352,1.10974772,0.184047553,0.85397615,0.991242045,20.3,41.9
Zfp639,112.2781384,0.05473003,0.299273661,0.182876199,0.854895159,0.991242045,92.8,198.4
Zfp707,55.83422908,-0.094786465,0.499697377,-0.189687737,0.84955383,0.991242045,48.5,102.9
Zfp750,10.48890988,-0.300929031,1.599688841,-0.188117228,0.850784756,0.991242045,13.8,21.4
Zfp950,205.6541582,-0.087650422,0.481018819,-0.18221828,0.855411428,0.991242045,168.8,358.2
Fam174a,88.79609648,-0.088203185,0.48967089,-0.180127484,0.857052487,0.991245898,75.8,173.2
Gm19605,17.53959349,0.240219607,1.332906658,0.180222378,0.856977991,0.991245898,18.1,28.8
Gm42636,22.98018136,-0.090670037,0.503705843,-0.180005927,0.857147915,0.991245898,19.6,40.3
Nat10,125.7541324,-0.095157378,0.528780372,-0.179956336,0.857186847,0.991245898,85.1,231.5
Plp2,13.95808852,0.21442535,1.192504327,0.179810962,0.857300977,0.991296195,10.4,24.6
Alg2,24.82518536,0.173629448,0.966855707,0.179581552,0.857481089,0.99142223,17.5,44.4
Ccr1,65.47194381,-0.116174995,0.647342837,-0.179464402,0.857573066,0.99142223,66.1,114.8
Lmtk3,31.89059179,-0.092923834,0.517963757,-0.179402194,0.857621909,0.99142223,22.7,59.4
Gm2614,2.736422891,-0.215320024,1.201778372,-0.179167831,0.857805922,0.991467541,2.2,6
Mllt1,31.10604654,-0.127174663,0.710146304,-0.179082342,0.857873047,0.991467541,26.8,58.3
Sfxn5,10.5169921,0.285272057,1.592273013,0.179160266,0.857811862,0.991467541,10.5,14.9
Ptrhd1,32.20307436,0.1566199,0.876597257,0.178668025,0.858198378,0.99160265,23,50
Slx1b,48.2946905,0.120090996,0.671769098,0.178768265,0.858119665,0.99160265,30,77.8
Zfp768,5.1574851,-0.360450523,2.017482607,-0.17866351,0.858201923,0.99160265,5.2,10.5
Gm12322,3.684313124,0.331546266,1.85825357,0.178418205,0.858394553,0.991659142,3.3,5.6
Gm4832,32.56367465,0.118333773,0.664193389,0.178161624,0.858596047,0.991659142,20.5,56.3
Gm49783,3.968342016,-0.502365175,2.81471717,-0.17847803,0.858347574,0.991659142,3.8,9.5
Rbsn,73.67647867,-0.085473558,0.479608178,-0.178215389,0.858553824,0.991659142,68.3,133.2
Rtca,7.102432987,-0.288525352,1.619551931,-0.178151343,0.858604121,0.991659142,7.8,13.3
Gm24992,8.998217071,0.340852395,1.914278508,0.178057891,0.858677511,0.991662294,8.9,10.6
Ankzf1,34.08244222,0.145239553,0.816892218,0.177795246,0.858883781,0.991809981,31.6,58.9
Cntln,77.22575528,0.097995482,0.55207696,0.1775033,0.859113074,0.991809981,64.5,131.6
D3Ertd751e,53.68736708,0.129001553,0.727350467,0.177358178,0.859227056,0.991809981,42.8,93.8
Egfl8,9.548610174,0.353030342,1.993561723,0.177085233,0.859441441,0.991809981,6.4,14.3
Fam221a,12.80910089,-0.217303256,1.226885017,-0.177117866,0.859415809,0.991809981,11.9,25.5
Smox,111.9905368,-0.080213416,0.452786304,-0.177155129,0.85938654,0.991809981,74.3,196.8
Snapin,104.8922418,-0.081802886,0.461392217,-0.177295766,0.859276077,0.991809981,71.1,195.9
Snf8,293.0915095,-0.043320785,0.244194961,-0.177402451,0.859192282,0.991809981,207,523
Trpm4,25.97726823,-0.160012355,0.900870753,-0.177619658,0.859021685,0.991809981,16.8,46.9
5031439G07Rik,41.82915791,-0.140634226,0.799723652,-0.175853529,0.860409015,0.991812919,35.8,71.5
A230103L15Rik,8.343874752,-0.309604056,1.763124501,-0.175599656,0.860608473,0.991812919,9.7,15.8
Cars2,66.48841894,-0.11404866,0.649431578,-0.17561305,0.860597949,0.991812919,46.3,121
Cmip,716.1388903,0.02747566,0.156276432,0.175814485,0.86043969,0.991812919,527.5,1246.8
E2f1,72.58676796,-0.099578586,0.567229214,-0.175552639,0.860645413,0.991812919,64.8,141.6
Fmnl3,96.96852466,0.075324578,0.426744975,0.176509585,0.859893619,0.991812919,83.9,168.3
Gm37115,7.552429466,0.300231616,1.704739873,0.176115794,0.860202973,0.991812919,4.3,12.1
Habp4,60.11256779,0.132354147,0.752496874,0.17588664,0.860383001,0.991812919,57.1,106.1
Itm2a,55.40449676,0.068121555,0.387072532,0.175991705,0.860300459,0.991812919,43.1,94.9
Kif20a,4.854275511,0.442879276,2.522674191,0.175559443,0.860640067,0.991812919,2.9,7
Klhl21,62.57941925,-0.099744333,0.564415166,-0.176721568,0.859727099,0.991812919,48.6,113.3
Megf11,4.392715927,-0.318194982,1.80051808,-0.176724125,0.85972509,0.991812919,6.7,9
Mettl5,56.65727661,0.109581676,0.619419001,0.176910421,0.859578753,0.991812919,41,96.2
Mrps21,206.9070855,0.051135552,0.289948184,0.176361002,0.860010341,0.991812919,164,352.5
Pard6a,37.677752,0.136905962,0.777016715,0.176194359,0.860141253,0.991812919,32.5,63
Thoc3,136.4881363,-0.076468787,0.433222933,-0.176511401,0.859892192,0.991812919,103.4,239.9
Tnfrsf11a,8.021986693,0.415030051,2.34616366,0.176897315,0.859589048,0.991812919,15.1,12.7
A430072P03Rik,8.684394073,-0.249719187,1.429748468,-0.174659524,0.861347174,0.991871891,4.4,17.5
Ankrd54,121.9994354,0.082472067,0.471001061,0.175099535,0.861001423,0.991871891,81.1,206.7
Fam78a,332.2141488,-0.047616685,0.272475315,-0.174755959,0.861271395,0.991871891,242.4,594.2
Gm26532,369.4527988,-0.045346806,0.259522445,-0.174731731,0.861290433,0.991871891,232.7,672.2
Gm43773,12.72396963,0.289363587,1.650056303,0.175365887,0.860792144,0.991871891,7.7,22.2
Kiz,30.81153471,-0.16159416,0.925574069,-0.174588037,0.86140335,0.991871891,18.9,57.1
Ntf5,12.76997773,-0.221333077,1.266402125,-0.174773141,0.861257894,0.991871891,14.7,22.5
Nufip2,712.703599,-0.027899181,0.159785783,-0.174603652,0.861391079,0.991871891,519,1289.5
Wbp4,329.9226234,-0.056529643,0.323278148,-0.174863792,0.861186662,0.991871891,259.9,600.2
Zbtb42,33.02422621,-0.134783919,0.76943541,-0.175172494,0.860944097,0.991871891,21.7,60.3
Gm48063,2.814935445,0.508241842,2.913630028,0.174435957,0.861522858,0.991928115,6.8,3.8
Card9,8.237438054,-0.374538387,2.154466313,-0.173842768,0.861989032,0.991976554,8.2,15.1
Gm13556,6.108939442,-0.38732433,2.224209634,-0.174140209,0.861755274,0.991976554,4.5,10.9
Gm44553,15.13929527,0.27773483,1.596952359,0.173915539,0.86193184,0.991976554,9.6,24.7
Mgme1,27.32623642,0.225387318,1.296268803,0.173873904,0.861964561,0.991976554,32.7,40.4
Pak1ip1,230.5214968,-0.067581218,0.388425244,-0.173987708,0.861875123,0.991976554,165.6,427.4
Vrk3,152.5751074,0.05204506,0.29863774,0.174274894,0.861649429,0.991976554,104.9,263.1
Hbs1l,146.0410143,0.062288998,0.358511918,0.173743173,0.862067306,0.991985288,115.2,257.1
9430034N14Rik,91.17050584,-0.108519939,0.626203045,-0.173298325,0.86241694,0.992000718,51.9,169.1
AI504432,223.9589506,0.061042676,0.353429529,0.172715268,0.862875242,0.992000718,188.3,399.2
Arfgef2,94.1242166,0.089050248,0.514070054,0.1732259,0.862473866,0.992000718,78.4,163.1
Dip2b,362.8222857,-0.04333182,0.250882376,-0.172717672,0.862873352,0.992000718,259.7,655.3
Eif2d,92.21103126,0.094115659,0.542501538,0.173484593,0.862270537,0.992000718,63.6,162.1
Gm4034,14.70966975,0.204557659,1.183653797,0.172818825,0.862793839,0.992000718,17.3,26.7
Maip1,61.43448226,-0.131173511,0.758768955,-0.17287675,0.862748307,0.992000718,54.5,113.6
Miga2,2.595835846,-0.473522821,2.727595143,-0.173604511,0.862176287,0.992000718,8,4.5
Phax,191.3544503,-0.050325918,0.291116983,-0.172871804,0.862752195,0.992000718,148.2,333.9
Slamf8,15.77343175,0.264364343,1.527404797,0.173080734,0.862587969,0.992000718,24,22.4
Slfn1,463.6074812,0.039759228,0.230292088,0.172646954,0.862928942,0.992000718,368.7,854.4
Trem2,29.12559617,0.170558859,0.98333981,0.173448545,0.86229887,0.992000718,32.7,42
2700029L08Rik,18.75727705,0.258398847,1.514267646,0.170642784,0.864504655,0.992035828,13.5,30.6
Akr7a5,25.77626573,0.142618943,0.835906983,0.170615806,0.864525869,0.992035828,23,40.7
Bcl2,1904.964097,-0.035000594,0.205570512,-0.170260772,0.86480506,0.992035828,1577,3452.1
Bicd1,24.18394792,0.203548502,1.184239788,0.171881155,0.863530963,0.992035828,19.5,38.7
Cd300lf,34.12265376,0.199082976,1.168844327,0.170324629,0.864754843,0.992035828,41,49.1
Dusp4,174.6783883,-0.064197671,0.372481083,-0.172351493,0.863161205,0.992035828,114.9,318.2
Eif4enif1,244.8206218,-0.065750618,0.386007789,-0.170334952,0.864746725,0.992035828,169.3,440.1
Elp1,83.94543832,0.10483956,0.60949027,0.172011868,0.863428199,0.992035828,88.2,146.9
Gm13571,11.79866434,0.300102447,1.743867447,0.172090171,0.86336664,0.992035828,5.6,16.2
Gm26517,8.674233577,0.311251607,1.830482428,0.17003802,0.864980237,0.992035828,6.2,14.7
Gm4204,12.00314744,-0.133268876,0.78189837,-0.170442709,0.864661987,0.992035828,9.4,23.4
Gm43343,5.617636039,0.381478071,2.243081379,0.170068761,0.864956061,0.992035828,7.9,7.7
Gm43560,13.40669954,-0.308305659,1.802181106,-0.171073627,0.864165873,0.992035828,6.9,23.3
Gm43811,8.723983017,-0.27662733,1.609509863,-0.171870541,0.863539307,0.992035828,7.8,18.6
Gm45871,23.58275334,-0.166627246,0.974292039,-0.171023923,0.864204955,0.992035828,21.9,45
Gm47138,35.38323744,-0.141237895,0.8293927,-0.170290738,0.864781495,0.992035828,19.9,61.2
Gm7776,18.40909455,-0.1645289,0.956753128,-0.171965887,0.863464348,0.992035828,15.8,32.6
Gm9968,11.82673005,0.29782899,1.750713915,0.170118594,0.864916871,0.992035828,10.9,17.8
Gtf2a2,237.7621627,0.046233179,0.270557985,0.170880853,0.864317453,0.992035828,197.5,405.4
Jkamp,156.8123635,-0.06957023,0.407172973,-0.170861611,0.864332583,0.992035828,113.9,278.5
Kif7,6.279403045,-0.345908633,2.034745999,-0.170000891,0.865009436,0.992035828,2.8,12.9
Lilrb4a,17.55779455,0.18843666,1.093046221,0.172395876,0.863126314,0.992035828,16.7,28.1
Nomo1,122.4308984,0.068981307,0.402908408,0.171208409,0.864059896,0.992035828,99.3,213.7
P2ry10,737.3716519,-0.023476801,0.137517417,-0.170718747,0.864444921,0.992035828,549.3,1346.9
Ppfia4,16.71066678,0.245644106,1.438054491,0.170816966,0.864367688,0.992035828,17.5,21.8
Rpl38,2360.349713,0.031899491,0.186810529,0.170758531,0.864413637,0.992035828,2146.4,4168.3
Slc30a5,122.5955027,0.104408597,0.610657115,0.170977451,0.864241496,0.992035828,122.5,204.1
Slc38a9,171.2471159,0.050741896,0.294938208,0.172042465,0.863404144,0.992035828,132.1,295.9
Unc93b1,181.7896925,0.060284442,0.351973583,0.171275473,0.864007165,0.992035828,164.2,291.4
C1qbp,256.533939,0.060465451,0.356215195,0.169744166,0.865211339,0.992140086,251.1,448.4
Fhl2,110.2346949,0.083787766,0.49372447,0.169705517,0.865241735,0.992140086,71,193.9
Gm45715,56.30284177,-0.094303809,0.556169996,-0.169559326,0.865356713,0.992190858,44.4,103.1
Gm45716,93.56369002,-0.083931696,0.495602167,-0.169352964,0.865519019,0.992295883,66.2,175.4
Aig1,53.98025694,-0.102224551,0.612558619,-0.166881256,0.867463482,0.992337153,50.4,104.1
Ankrd33b,3.669514626,-0.478046475,2.846834893,-0.167922093,0.866644569,0.992337153,3.4,8.4
Brd1,502.8112044,0.041807331,0.248598847,0.168171861,0.866448078,0.992337153,365.4,876.8
Ccdc136,17.34785781,0.229430891,1.37395815,0.166985356,0.867381571,0.992337153,16,28.6
Chic2,385.3419654,0.051535127,0.306672685,0.168046028,0.866547069,0.992337153,273.7,687.9
Cks2,17.08963355,-0.213897763,1.277685027,-0.167410401,0.867047142,0.992337153,14.7,34.7
Dcun1d3,147.987518,0.061879944,0.368933471,0.167726567,0.866798395,0.992337153,88.4,266.1
Fancb,6.817069099,-0.308633958,1.84336652,-0.167429513,0.867032105,0.992337153,8.7,12
Ghr,3.239674318,-0.439669825,2.622450787,-0.167656082,0.866853848,0.992337153,4.7,6
Gm10044,8.284691659,-0.366498936,2.174458443,-0.168547225,0.866152795,0.992337153,6.3,13.9
Gm15232,67.78859288,-0.087967462,0.525600085,-0.167365769,0.867082258,0.992337153,40.2,116.8
Gm15510,5.445887341,-0.414004712,2.448054178,-0.169115829,0.865705534,0.992337153,5,10.6
Gm15527,7.690293592,-0.436273038,2.600465387,-0.167767293,0.866766354,0.992337153,7.6,15.4
Gm47111,16.12666144,-0.241823866,1.440862525,-0.167832713,0.866714887,0.992337153,11.9,27.1
Kif13a,5.001593979,0.377460848,2.260486388,0.166982137,0.867384104,0.992337153,6.6,8.1
Kifc5b,14.84662967,0.252162214,1.495560798,0.16860713,0.866105672,0.992337153,13.2,26.3
Lrp8,46.6410882,0.121782672,0.729760281,0.166880379,0.867464172,0.992337153,41.6,84.8
Muc1,15.20043872,0.218517912,1.300704742,0.167999627,0.866583572,0.992337153,11.7,28.3
Papolg,52.89992605,-0.113440016,0.678010892,-0.167312969,0.8671238,0.992337153,54.5,102.7
Per1,286.7335833,-0.049298992,0.294364752,-0.167475867,0.866995634,0.992337153,275,519.4
Pgrmc2,78.48979899,0.083191374,0.496848893,0.167437978,0.867025445,0.992337153,69.3,136.2
Plekhg1,6.468140507,0.343549865,2.045141998,0.16798338,0.866596354,0.992337153,3.5,10.5
Pxdc1,11.40892353,-0.237205003,1.41920633,-0.167139195,0.867260527,0.992337153,5.9,20.7
Rfng,84.910509,-0.088036189,0.52086379,-0.169019599,0.865781226,0.992337153,71.4,148.5
Stxbp4,25.30723901,0.156859958,0.9382162,0.167189564,0.867220895,0.992337153,20.5,43.2
Tfeb,64.74640719,-0.116055473,0.691304344,-0.167878988,0.866678481,0.992337153,50.4,122.1
Trappc8,156.2258628,0.047152928,0.28122896,0.167667399,0.866844945,0.992337153,110.8,266.3
1110065P20Rik,11.67117133,0.226342033,1.397213175,0.161995347,0.871309518,0.992441168,14.9,17.4
2410004P03Rik,10.31355705,0.268531266,1.65430267,0.162322936,0.871051554,0.992441168,6.9,16
4930478L05Rik,267.0035243,0.04986675,0.309359281,0.161193646,0.871940885,0.992441168,177.5,464.4
9430037O13Rik,5.921864679,0.277533408,1.671514673,0.166037075,0.868127773,0.992441168,7.7,9.6
AC140469.1,10.19611384,-0.31799921,1.907927407,-0.166672594,0.867627671,0.992441168,11,20.2
Aip,180.0773497,-0.049393416,0.307451481,-0.160654343,0.872365651,0.992441168,122.6,326.7
Apool,39.43701615,-0.140621568,0.865958433,-0.162388358,0.871000038,0.992441168,30.1,74.9
BC028528,5.347120914,-0.308879611,1.881805731,-0.16414001,0.869620926,0.992441168,6.4,10.9
Bcl3,91.18134591,0.081824384,0.497134162,0.164592157,0.869265005,0.992441168,85.3,162.7
Bin2,300.7911624,-0.032356554,0.195153302,-0.165800699,0.868313796,0.992441168,233,545.8
Brix1,104.6088739,0.093004617,0.582197783,0.15974746,0.873080013,0.992441168,112.9,179.5
C1qc,399.9693976,0.16636954,1.00836664,0.164989135,0.868952534,0.992441168,507.9,567
Cacnb4,5.732833152,-0.317912884,1.995756777,-0.159294403,0.87343693,0.992441168,5.9,12.2
Ccdc141,3.654102299,0.335628643,2.081839132,0.161217377,0.871922196,0.992441168,4.5,6.6
Ccdc25,87.28599195,-0.079988016,0.490765818,-0.162986118,0.870529365,0.992441168,70.7,164.1
Ccdc40,8.316682013,-0.237159088,1.487219171,-0.159464787,0.8733027,0.992441168,9.6,16.6
Cep152,98.27818125,0.099441074,0.612481659,0.162357636,0.87102423,0.992441168,71.1,158.6
Cfap20,128.5099377,-0.092157269,0.575604965,-0.160105062,0.872798314,0.992441168,69.4,238.7
Ch25h,24.7102701,0.257909516,1.602492977,0.160942681,0.872138546,0.992441168,40.6,34.7
Chd2,888.9858995,-0.031252897,0.189249138,-0.165141554,0.868832566,0.992441168,642,1581.4
Cox10,94.81392092,-0.090259359,0.567398216,-0.15907586,0.873609107,0.992441168,76.1,166.6
Dcaf11,233.042737,-0.039552724,0.24833146,-0.159273915,0.873453071,0.992441168,183,414.1
Dhfr,101.0946546,0.094346564,0.580519116,0.162521029,0.870895569,0.992441168,76.8,179.1
Dzank1,9.500773037,0.291544161,1.814238598,0.160697806,0.872331418,0.992441168,8,15.1
Eef2k,17.3807203,0.173129194,1.04731549,0.165307585,0.868701889,0.992441168,12.9,29.7
Egfl7,4.402134975,-0.37698758,2.318523572,-0.162598123,0.870834865,0.992441168,2.2,8.4
Eif3e,357.7222175,-0.040251205,0.252009283,-0.15972112,0.873100763,0.992441168,298.5,643
Erp27,17.89196238,-0.199991516,1.230912091,-0.162474248,0.870932406,0.992441168,13.2,29.5
Fam57a,13.27206201,0.247308467,1.493525259,0.165587067,0.868481926,0.992441168,14.4,22.2
Fam71b,45.02553611,-0.14565252,0.911524823,-0.159789965,0.873046529,0.992441168,36,84
Fkbp1b,4.414929868,0.364762792,2.296525416,0.158832465,0.87380087,0.992441168,3,6.5
Gcc1,66.39931036,0.100575229,0.605628014,0.166067663,0.868103702,0.992441168,56,117.7
Gm10250,2.421304295,-0.134593495,0.836145401,-0.160969007,0.872117811,0.992441168,1.8,4.5
Gm37474,420.9271274,-0.029976316,0.187656255,-0.159740563,0.873085447,0.992441168,289.2,753.1
Gm38366,20.1153789,0.245474304,1.486098106,0.165180416,0.868801979,0.992441168,14.7,35.8
Gm42551,15.67070414,-0.239654421,1.456144148,-0.164581523,0.869273376,0.992441168,16.3,29.6
Gm43462,120.0425164,-0.055888114,0.335708572,-0.166478065,0.867780744,0.992441168,80.2,209.3
Gm8730,4.566927137,-0.112011448,0.677442159,-0.165344667,0.868672704,0.992441168,3.3,8.2
Gpr137b,3.652775905,0.425187694,2.61783117,0.16241983,0.870975256,0.992441168,15.4,9.9
Hmga1,31.684782,-0.162996506,0.983255452,-0.165772288,0.868336155,0.992441168,29.5,63.1
Ifi44,61.10873216,0.147160631,0.896923966,0.164072582,0.869674006,0.992441168,79.6,90.5
Ing4,31.61477631,-0.149704986,0.904094637,-0.165585526,0.868483139,0.992441168,24.9,56.7
Junb,3133.544878,0.024629509,0.149834145,0.164378477,0.869433206,0.992441168,2259.5,5551.1
Mafb,139.3640543,-0.147753525,0.894175097,-0.165240036,0.868755054,0.992441168,158.1,223
Mcrs1,20.68564108,-0.134930573,0.849524741,-0.158830657,0.873802295,0.992441168,17.3,37.1
Med17,111.7169459,-0.060659144,0.376269443,-0.161211986,0.871926441,0.992441168,89.9,200.8
Mgat1,203.8015563,0.042672503,0.266999551,0.159822377,0.873020996,0.992441168,172.9,352.3
Mosmo,147.2443071,-0.068519889,0.414290868,-0.165390777,0.868636413,0.992441168,94.5,269.6
Mrps36,15.99210626,0.246007317,1.488610058,0.165259744,0.868739543,0.992441168,10.3,26
mt-Ta,620.4038959,0.036652973,0.226120526,0.162094852,0.87123116,0.992441168,564.2,1074.3
N4bp1,346.321847,0.032587113,0.202935865,0.160578384,0.872425481,0.992441168,279.9,618.5
Parp16,38.09352708,-0.128427307,0.788844688,-0.1628043,0.870672523,0.992441168,27.5,73.2
Parvb,15.63826605,-0.219472848,1.377001669,-0.159384591,0.873365878,0.992441168,19.1,25.4
Pds5b,288.8481397,0.045896182,0.281897139,0.162811804,0.870666614,0.992441168,203.8,502.8
Phf11d,3.511560939,-0.295979563,1.84677783,-0.160268094,0.872669891,0.992441168,12.4,6.1
Phf6,191.1222448,-0.050630451,0.318705321,-0.158862898,0.873776892,0.992441168,129.1,346.7
Pi4kb,52.86420557,-0.098713674,0.614195264,-0.160720344,0.872313666,0.992441168,38.5,96.5
Pif1,23.88838349,0.160669213,1.008275393,0.159350525,0.873392716,0.992441168,17.4,38.1
Polr3c,146.3929359,0.049420763,0.300194206,0.164629303,0.869235766,0.992441168,116.4,256.2
Popdc2,9.192635007,0.288448543,1.776292235,0.162388,0.87100032,0.992441168,11.6,14.2
Ppa2,97.04828576,-0.079195226,0.486087357,-0.162923855,0.870578388,0.992441168,65.4,176
Pqlc1,40.43493959,-0.142416671,0.855702589,-0.166432441,0.867816646,0.992441168,44.9,71.7
Prdm4,108.695237,0.06445917,0.40598703,0.1587715,0.873848903,0.992441168,83.8,184.9
Ptpn12,109.0990711,-0.061362659,0.374084249,-0.164034329,0.869704119,0.992441168,84.3,195.9
Rad51ap1,74.39444245,-0.114083042,0.714336029,-0.15970501,0.873113454,0.992441168,60.1,135.6
Rad51c,25.92109768,-0.152088851,0.949621927,-0.160157265,0.872757192,0.992441168,30.3,46.4
Ramac,63.15583396,0.117518461,0.715099264,0.164338669,0.869464542,0.992441168,56.6,117.8
Ranbp6,25.69344985,0.150572624,0.9281796,0.162223587,0.871129786,0.992441168,22.1,48.5
Rap2a,121.3018417,-0.067892295,0.408600576,-0.166158099,0.868032533,0.992441168,103.6,215.6
Rars2,26.33295635,-0.16565576,1.03394358,-0.160217408,0.872709817,0.992441168,21.6,56.8
Rasgrf2,11.21774153,-0.194685649,1.222514666,-0.159250154,0.873471791,0.992441168,8.1,19.4
Rccd1,20.95270261,-0.169080155,1.032079371,-0.16382476,0.869869099,0.992441168,15.6,40.3
Rpl22l1,246.5977173,0.061203428,0.383753351,0.159486367,0.873285698,0.992441168,195.8,432.7
Rpl7l1,122.9457927,0.071865539,0.451471291,0.159180751,0.873526469,0.992441168,111.5,213.5
Sema6b,3.089412291,-0.436389145,2.681894878,-0.162716723,0.87074148,0.992441168,7.8,5.3
Siah1b,16.92114217,0.205306839,1.252207933,0.163955868,0.869765886,0.992441168,15.6,31.1
Soat1,266.3322205,0.050213712,0.3157477,0.159031125,0.873644351,0.992441168,224.4,473.3
Srp54c,4.020186694,0.417066883,2.586826665,0.161227224,0.87191444,0.992441168,5.7,10.9
Timm8b,110.9338611,-0.091370181,0.568624131,-0.160686429,0.872340379,0.992441168,94.1,201.9
Tm9sf4,112.2664273,0.064957273,0.392419257,0.165530288,0.868526612,0.992441168,96.9,190.1
Tmem231,8.566308714,-0.268565799,1.67929197,-0.159927996,0.872937795,0.992441168,8.8,17.6
Tmem70,60.33254154,0.081344509,0.502595231,0.161848948,0.871424807,0.992441168,57.1,104.5
Tns2,3.641302453,0.375869164,2.330279345,0.161297899,0.871858778,0.992441168,20.1,6.2
Twf1,124.0669417,-0.09583862,0.583428405,-0.164268004,0.869520169,0.992441168,104.1,221.1
Zbtb33,15.29625131,-0.186581557,1.147234233,-0.162635974,0.870805061,0.992441168,11.2,30.2
Zfp512,84.6308014,0.066022577,0.402956121,0.163845573,0.869852714,0.992441168,83.1,143.4
Zfp709,12.25327375,-0.207507634,1.280243646,-0.162084487,0.871239323,0.992441168,15.6,22.1
Zfp874b,11.43345601,-0.184864005,1.14513495,-0.161434253,0.871751391,0.992441168,5.3,22
Zpbp2,5.255866887,0.366664979,2.24376385,0.163415138,0.870191585,0.992441168,4.1,7.9
Aebp2,1300.357496,-0.022258356,0.140344035,-0.15859852,0.873985195,0.99249391,918.3,2293.9
Anapc16,164.3783108,0.059543939,0.375773895,0.158456827,0.874096838,0.99249391,145.2,293
Dusp8,6.224920363,-0.350756231,2.215019901,-0.158353535,0.874178225,0.99249391,6.9,11.7
Gm43275,29.30149048,0.171759199,1.084044977,0.158442872,0.874107834,0.99249391,19.9,47.5
1810010H24Rik,5.78750752,0.382947043,2.437269572,0.157121333,0.875149225,0.992712919,3.4,10.3
Axdnd1,2.871323035,-0.3468391,2.203975665,-0.15736975,0.874953452,0.992712919,5.9,5.8
Cemip2,351.3502545,0.044511718,0.281968277,0.157860728,0.874566544,0.992712919,262.5,630.7
Glcci1,8.051449497,-0.293285314,1.864243726,-0.157321336,0.874991606,0.992712919,2.6,15.8
Gm17745,67.50714895,0.092603082,0.587903784,0.157514008,0.874839769,0.992712919,51.6,115.7
Gm37612,17.53169999,0.167929096,1.067475374,0.157314258,0.874997184,0.992712919,24.1,27.9
Gtf2h2,84.08155772,-0.103144981,0.655077208,-0.157454694,0.874886511,0.992712919,79.3,147.1
Rpl4,5804.577792,0.01904778,0.121164787,0.157205575,0.875082835,0.992712919,4873.3,10130.6
Tor3a,198.3804056,0.04968655,0.315440652,0.157514732,0.874839198,0.992712919,165.9,343.8
Ufd1,178.0056083,-0.060991385,0.386908343,-0.157637812,0.874742206,0.992712919,151,331.9
Zfp882,5.181307543,-0.325650922,2.070385729,-0.157289976,0.87501632,0.992712919,5.1,11.9
Carmil1,19.4607067,0.260359536,1.660619197,0.156784612,0.875414601,0.992933687,16.5,28
Gm18422,39.16425959,0.128793945,0.82249449,0.156589432,0.875568431,0.993027911,32.5,63.4
9-Mar,28.72585835,0.146094801,0.933838658,0.156445441,0.875681921,0.99307637,24.1,53.7
Flna,955.6865217,-0.02359195,0.151230487,-0.155999964,0.876033049,0.993394297,786.6,1751.2
Fsbp,8.270402888,0.288079352,1.851430829,0.155598226,0.876349724,0.993634854,7.6,11.3
Prpf8,573.1936701,0.029132279,0.187386065,0.155466627,0.876453462,0.993634854,440.8,996.3
Tgoln1,726.5974222,-0.033395198,0.214813456,-0.155461386,0.876457593,0.993634854,504.4,1336
Ift172,18.40121335,-0.190118205,1.223784928,-0.155352628,0.876543328,0.993651782,14.9,35.8
Acoxl,21.62907139,-0.146552093,0.9726688,-0.150670087,0.880235971,0.993857691,17.4,40.3
Acta1,2.187192162,-0.136222512,0.898052739,-0.151686539,0.879434175,0.993857691,1.6,4
Aurka,27.45668649,-0.130841749,0.851215379,-0.153711683,0.877837072,0.993857691,37,51.9
B3gnt3,15.34995672,-0.160809235,1.056022868,-0.152278175,0.878967538,0.993857691,23.1,29.5
B4galt2,5.918355017,0.30177881,1.995951757,0.151195443,0.879821545,0.993857691,7.6,10
B4galt4,11.55066796,-0.194770736,1.269141666,-0.153466505,0.878030402,0.993857691,6.7,20.7
BC046401,30.17911906,0.142403538,0.93114601,0.152933629,0.878450616,0.993857691,25.3,51.3
Bcas3,68.71120687,0.107904434,0.709571479,0.152069858,0.879131838,0.993857691,43.9,115.8
Birc5,219.3618941,0.058516622,0.387550465,0.150990974,0.879982836,0.993857691,162.1,394.6
Ccdc174,235.691779,-0.043868867,0.285630376,-0.153586141,0.877936066,0.993857691,181.1,434.6
Ccl6,40.03738418,0.17433729,1.15009998,0.151584465,0.879514687,0.993857691,56.1,54.1
Ccl8,4.045558616,-0.303034455,1.989462991,-0.152319725,0.878934768,0.993857691,14.2,6.2
Eno1,714.7976713,-0.028146355,0.183173903,-0.1536592,0.877878456,0.993857691,605.4,1314
Evc2,2.010098956,-0.447887426,2.931169157,-0.15280163,0.878554712,0.993857691,2.3,4.9
Fkbp7,12.68822886,0.228473161,1.487530426,0.153592261,0.87793124,0.993857691,16.9,23
Gemin5,55.86947755,0.102419564,0.663766047,0.154300698,0.877372647,0.993857691,40.8,98.9
Gm15903,20.71147169,-0.165768584,1.073150409,-0.154469106,0.877239869,0.993857691,16,39.7
Gm17201,23.75908144,0.107151693,0.7077234,0.151403349,0.879657548,0.993857691,20.1,43.2
Gm27162,24.30196995,-0.167898297,1.110031791,-0.151255395,0.879774254,0.993857691,8.5,44.3
Gm43017,18.14816923,0.201196168,1.308126758,0.153804795,0.877763653,0.993857691,11,27.3
Gm46430,9.386371229,-0.227232892,1.506777464,-0.150807201,0.880127806,0.993857691,8.6,15.8
Gm6681,28.22002098,-0.095055272,0.617529929,-0.153928203,0.877666346,0.993857691,26.2,53
Grip2,9.066330286,-0.074394412,0.490892681,-0.151549239,0.879542472,0.993857691,6.5,16.8
Gtf3c6,153.7844462,-0.063034702,0.406860257,-0.154929612,0.876876809,0.993857691,111.1,265.7
Hsph1,492.0350519,0.046052662,0.297124466,0.154994512,0.876825644,0.993857691,328.1,846.8
Kctd20,112.4694672,0.057990513,0.384372487,0.150870615,0.880077781,0.993857691,96.2,192
Klhdc10,81.38141164,0.064016357,0.415381487,0.154114613,0.877519366,0.993857691,68.8,134.2
Lrrc49,8.382251487,0.250927689,1.663727855,0.150822557,0.880115692,0.993857691,10.6,13
Mcts2,7.56769478,0.360797429,2.361941103,0.152754626,0.878591781,0.993857691,10.8,11.4
Metap1,140.6838803,-0.059337676,0.391211105,-0.151676871,0.8794418,0.993857691,123.1,253.3
Mfap3,160.1015811,0.046205872,0.304274825,0.151855718,0.879300735,0.993857691,132,271.4
Mrpl48,60.95963013,-0.090283351,0.588475459,-0.153419059,0.878067816,0.993857691,45.2,105.4
Nipsnap3b,64.77431818,-0.107530625,0.707875518,-0.151906122,0.879260979,0.993857691,55.2,119.7
Palld,3.608238023,-0.215873512,1.41216751,-0.152866788,0.878503327,0.993857691,13.8,19.3
Pde2a,11.46662509,0.256871116,1.704573146,0.150695273,0.880216102,0.993857691,6.6,18.5
Pex7,68.62938593,-0.085617696,0.568656048,-0.150561479,0.88032165,0.993857691,44.6,119.6
Pgls,373.3439368,-0.037554965,0.246205423,-0.152535086,0.878764919,0.993857691,279.2,647.9
Phka2,55.98561173,0.102701166,0.669747125,0.153343197,0.878127637,0.993857691,35,96.2
Ptpn2,261.9483664,0.038267987,0.249630316,0.153298637,0.878162775,0.993857691,218.5,452.8
Pygl,44.17036208,-0.116137428,0.762630603,-0.152285297,0.878961921,0.993857691,43.7,80.4
Rgs14,125.6594229,-0.05455329,0.362324458,-0.150564745,0.880319073,0.993857691,99.2,233.3
Rilpl1,17.29388372,0.148443974,0.974910884,0.152264147,0.878978602,0.993857691,15.7,31.5
Rnf113a2,68.55722902,-0.084594575,0.558644457,-0.15142829,0.879637875,0.993857691,50.3,129.9
Rpl38-ps2,1228.342726,0.026708999,0.177418412,0.150542428,0.880336679,0.993857691,1037,2134.9
Rps13,142.8021787,-0.049919058,0.327205382,-0.152561849,0.878743812,0.993857691,110.7,265.9
Slc35c1,114.17934,0.081611658,0.531356876,0.153591045,0.877932198,0.993857691,95.2,191.8
Srp72,479.0928065,-0.023199656,0.153266728,-0.151367859,0.879685542,0.993857691,360.9,858.9
Tacc3,171.3482837,0.053936522,0.355282018,0.151813262,0.879334222,0.993857691,150.3,299.3
Trim27,288.1969834,0.037952463,0.24892164,0.152467513,0.878818212,0.993857691,227.2,495.1
Use1,362.4775715,-0.03884264,0.256822317,-0.151243242,0.879783841,0.993857691,284.5,648.3
Zfp612,5.245341232,-0.378096565,2.464945573,-0.153389417,0.87809119,0.993857691,4.1,10.4
Epha2,2.530173982,-0.409087121,2.719388873,-0.150433476,0.880422632,0.993874776,6.8,11.5
Med30,192.7869954,0.04986964,0.331754821,0.15032077,0.880511547,0.993895202,150.6,332.7
Alox8,8.197653284,-0.247503235,1.655540934,-0.149499918,0.881159174,0.993917528,8.2,15.1
Arl13b,77.73968023,0.083409223,0.558637565,0.149308296,0.881310369,0.993917528,61.5,133
Exoc6,131.0091204,0.083800901,0.558912868,0.149935536,0.880815475,0.993917528,86.4,215.3
Fam129b,62.52935677,-0.1148784,0.768079405,-0.149565786,0.881107204,0.993917528,55.5,102.2
Fig4,58.45164433,0.111249486,0.744848464,0.149358549,0.881270718,0.993917528,46.9,97.7
Gm38374,6.119082041,0.303522799,2.02638776,0.149785152,0.880934124,0.993917528,5.5,9.9
Gm47218,5.66192032,-0.282508119,1.890992836,-0.149396715,0.881240603,0.993917528,16.2,10.6
Polr2j,143.9803367,-0.065359999,0.43772391,-0.149317863,0.881302821,0.993917528,114.6,254.1
Rasa1,452.0047979,-0.03166742,0.210873871,-0.150172326,0.880628659,0.993917528,345.8,804.9
Tbc1d12,31.50725265,-0.123012266,0.820712048,-0.149884806,0.880855499,0.993917528,29,54.5
Trmt10c,60.90773008,-0.10461566,0.69991747,-0.149468565,0.881183912,0.993917528,48.8,106.1
1110059G10Rik,92.63399207,-0.089410319,0.622976112,-0.143521263,0.885878519,0.993995151,82.1,179.1
2900093K20Rik,11.88164128,0.211794579,1.456819853,0.145381448,0.884409712,0.993995151,12.2,18
4833438C02Rik,70.49821874,0.103051384,0.715148578,0.144097866,0.88542319,0.993995151,61.6,130
4930556M19Rik,2.646333794,-0.432982241,2.920328749,-0.148264897,0.882133717,0.993995151,2.6,6.6
9230112E08Rik,23.13255669,0.160732583,1.13959407,0.141043716,0.887835407,0.993995151,21.9,41.9
9530068E07Rik,207.9295342,-0.062560644,0.435741088,-0.143572975,0.885837682,0.993995151,188.6,368.5
Abce1,177.8801695,0.038738069,0.273641799,0.141564882,0.887423707,0.993995151,160.9,309.3
AC154200.1,6.227419107,0.299741656,2.056756449,0.145735124,0.884130493,0.993995151,8.4,9
Adi1,60.09458456,-0.107553237,0.750084012,-0.143388254,0.885983559,0.993995151,47.1,113.4
Afg1l,13.75001473,0.178758323,1.241054529,0.144037444,0.885470901,0.993995151,21.4,20.1
Arfip1,49.10454251,0.117266479,0.825315306,0.142086882,0.887011379,0.993995151,37.7,82.9
Atp5o,367.6991802,-0.044982253,0.312948416,-0.143736958,0.885708186,0.993995151,297.1,650.9
B430306N03Rik,8.948486579,0.237138416,1.646565255,0.144020054,0.885484634,0.993995151,9.1,12.7
Bbof1,6.025460647,0.283503076,1.911983658,0.148276935,0.882124218,0.993995151,6.7,9.9
Brk1,438.9730569,0.036005296,0.245762534,0.146504415,0.883523205,0.993995151,337.2,767
Calcrl,16.10060528,-0.1641396,1.157950079,-0.141750152,0.887277359,0.993995151,12.5,30.5
Ccdc58,63.97018943,-0.098752085,0.664752739,-0.148554612,0.88190509,0.993995151,60.2,121
Cd24a,2.964787071,0.379959443,2.672593022,0.142168837,0.886946646,0.993995151,4.5,15.9
Cd68,148.262643,-0.055503266,0.379320864,-0.146322735,0.883666619,0.993995151,142.4,254.3
Cd74,668.8890555,0.089204855,0.61792331,0.14436234,0.885214353,0.993995151,792.2,1013.8
Cdc25c,13.83927361,0.200729548,1.347164158,0.14900155,0.88155241,0.993995151,7.8,25.1
Cdh23,28.3725029,-0.133292287,0.905041389,-0.14727756,0.882912944,0.993995151,18.4,52.8
Cdk19,170.1964252,0.068703164,0.474802477,0.14469841,0.884948995,0.993995151,136.8,290.9
Chpt1,97.88948672,-0.089904424,0.635868215,-0.141388454,0.887563075,0.993995151,78.3,177.1
Cinp,63.86295498,-0.069898052,0.486902159,-0.14355667,0.885850559,0.993995151,42,111.8
Colq,3.826133474,0.279149697,1.981033596,0.140911137,0.887940144,0.993995151,2.2,7
Cpsf7,238.6278535,-0.039899537,0.280274215,-0.14235893,0.886796501,0.993995151,198.1,429.2
Cyb561d1,63.77024835,0.0776157,0.546426349,0.142042382,0.887046529,0.993995151,39,111.9
Cyp4f16,15.22771462,0.18127738,1.225342167,0.147940212,0.882389953,0.993995151,12.5,24.7
D11Wsu47e,18.71719376,-0.156162087,1.060375855,-0.147270504,0.882918513,0.993995151,16.2,33.2
Dynlrb1,445.998853,-0.027679002,0.185629875,-0.149108551,0.881467979,0.993995151,363.2,798.3
Ercc1,63.58518062,0.100494483,0.710292372,0.141483264,0.887488181,0.993995151,51.2,106.4
Eri1,209.5033878,0.051591008,0.362329087,0.142387154,0.886774209,0.993995151,166.4,376.4
Fam114a2,202.6827729,-0.059078325,0.408847885,-0.144499526,0.885106031,0.993995151,186.6,372.4
Fam133b,600.7504582,-0.035889772,0.241954327,-0.148332837,0.882080102,0.993995151,453.4,1100.8
Fam178b,12.93757503,0.178666189,1.214345713,0.147129592,0.883029733,0.993995151,10.6,18.3
Fbxw17,64.4737681,0.075601924,0.533220068,0.141783719,0.887250844,0.993995151,42.7,111.1
Gas2,62.31492675,-0.098491051,0.674146476,-0.146097405,0.883844495,0.993995151,40.1,119.2
Gm26603,2.480676998,-0.33854895,2.286319523,-0.148075956,0.882282824,0.993995151,6.9,8.7
Gm31763,15.46076157,0.207616037,1.460067058,0.142196234,0.886925007,0.993995151,17.8,26.1
Gm4356,33.7914714,0.147011291,0.995517131,0.147673291,0.882600611,0.993995151,23.3,52.4
Gm45235,20.96261503,-0.217745462,1.522668306,-0.143002557,0.886288161,0.993995151,10,36
Gm47920,8.990242663,-0.272443053,1.879389303,-0.144963607,0.884739605,0.993995151,2.9,15.5
Gm4924,8.067249054,0.204396253,1.39498685,0.146521993,0.883509329,0.993995151,7.5,13.2
Gpr162,14.92306221,0.171274607,1.199493812,0.142789071,0.886456769,0.993995151,10.7,25.1
Gtf2f2,117.8946851,0.063664153,0.427937411,0.148769777,0.8817353,0.993995151,92.1,199.3
Hes1,10.22476969,-0.276812995,1.923783307,-0.143889904,0.885587408,0.993995151,14.6,18.1
Hspb11,31.30694253,-0.111034131,0.770935972,-0.1440251,0.885480649,0.993995151,28.9,58.8
Hyal1,23.03854228,-0.198814979,1.410940148,-0.140909577,0.887941377,0.993995151,16.2,44.9
Ints13,128.6449959,-0.05507606,0.388641632,-0.141714256,0.887305714,0.993995151,92.7,229.8
Kcnk5,118.4816605,-0.089117111,0.598727985,-0.148844071,0.881676674,0.993995151,101.8,232.1
Klhl7,20.41764372,-0.135698634,0.917152996,-0.147956376,0.882377196,0.993995151,15.5,37.8
Lamb3,73.45022476,-0.07010869,0.484572327,-0.144681581,0.884962282,0.993995151,48.5,129.5
Med1,433.6551219,-0.032951645,0.232521165,-0.141714603,0.88730544,0.993995151,334,762.6
Mmaa,24.13400597,-0.145960537,1.011144424,-0.144351819,0.885222661,0.993995151,17.6,42.7
Mndal,1785.452938,0.019211562,0.13168868,0.145886208,0.88401122,0.993995151,1317.6,3149
Mul1,66.54672689,0.101915778,0.723892566,0.140788541,0.888036996,0.993995151,69.8,119.1
Nck2,19.94237253,0.119518468,0.803274029,0.14878916,0.881720005,0.993995151,15.3,35.8
Nek1,68.6786614,0.077215521,0.539008751,0.14325467,0.886089055,0.993995151,61.5,116.7
Nol11,129.4226509,0.070861486,0.498575842,0.142127797,0.886979063,0.993995151,99.8,221.6
Pea15a,92.500327,0.057196147,0.405221298,0.14114793,0.88775308,0.993995151,79.1,154.6
Pgm1,161.2146369,-0.04576048,0.313408405,-0.146009101,0.883914204,0.993995151,136.1,298.6
Pid1,50.75331422,-0.144431961,0.997570701,-0.144783684,0.884881665,0.993995151,57.9,86.4
Pola2,143.9279764,-0.061201885,0.416136242,-0.147071749,0.883075389,0.993995151,114.8,273.1
Prelid1,166.1202754,0.054823799,0.380427033,0.144111206,0.885412656,0.993995151,149.4,291.7
Pygb,78.3217296,0.064605085,0.457734963,0.141140814,0.887758702,0.993995151,60.3,139.6
Rhoh,760.3922708,0.01742227,0.121644563,0.14322276,0.886114256,0.993995151,560.2,1367.9
Rps17,47.36600071,-0.10409862,0.739064707,-0.140851835,0.887986993,0.993995151,54.5,93.9
Rps19bp1,57.30499154,-0.094857302,0.661515702,-0.143393878,0.885979117,0.993995151,47.3,96.1
Rrn3,112.7287093,-0.061141016,0.421496324,-0.145057056,0.884665824,0.993995151,92.6,201.8
Sacm1l,35.22106015,0.112748109,0.79919059,0.141077874,0.887808423,0.993995151,22.3,54
Slc15a4,54.60846344,-0.076850649,0.540812463,-0.142102215,0.886999269,0.993995151,39.2,97.6
Slc20a2,48.76115612,0.10906976,0.759734791,0.14356294,0.885845607,0.993995151,46.1,79.9
Slc44a1,30.06039588,0.117231922,0.827353049,0.141695159,0.887320799,0.993995151,30.7,52.8
Smad2,97.93643248,-0.063226935,0.431689489,-0.14646392,0.883555171,0.993995151,73.1,177.9
Specc1l,227.8440042,0.039644549,0.272317925,0.145581858,0.884251491,0.993995151,195.2,396.1
Spryd4,20.33652029,-0.194823909,1.353999375,-0.143887739,0.885589118,0.993995151,14.6,35.7
St3gal4,124.3125545,-0.06525814,0.45258296,-0.144190449,0.885350083,0.993995151,104.4,233.7
Tacc2,98.74473023,-0.063648373,0.451042913,-0.141113786,0.887780053,0.993995151,62,174.9
Tada2b,32.59660867,-0.125765719,0.882208472,-0.142557823,0.88663941,0.993995151,26.5,62.5
Tcta,23.02913187,-0.117450133,0.831551529,-0.141242159,0.887678642,0.993995151,18,40.4
Tex261,438.2558307,-0.032867272,0.226870615,-0.14487232,0.884811682,0.993995151,352.8,778.6
Tfip11,57.94893984,-0.071829331,0.505413975,-0.142119796,0.886985382,0.993995151,38.2,109.4
Timeless,74.69057922,-0.080879752,0.550755193,-0.146852455,0.88324848,0.993995151,69.3,146.3
Tox4,272.1086961,-0.03227633,0.226662684,-0.142398073,0.886765584,0.993995151,190.9,491.5
Trdv2-2,4.238267413,-0.328585787,2.269277152,-0.144797557,0.884870711,0.993995151,2.5,9.8
Trim34a,13.51057597,-0.150014813,1.014342936,-0.147893584,0.882426751,0.993995151,9.2,24.7
Tsr3,36.02507269,0.125639209,0.855644471,0.146835763,0.883261656,0.993995151,22.9,61.2
Ttbk2,39.88878744,-0.132306082,0.907613306,-0.145773626,0.884100097,0.993995151,37,74.5
Tubgcp6,36.75540834,0.094937342,0.658181417,0.144241906,0.885309451,0.993995151,21.8,59.7
Ubqln4,107.8756239,0.066204445,0.465543325,0.142208989,0.886914932,0.993995151,78.4,174.5
Zfp119a,2.179072249,0.426961526,2.92179953,0.146129644,0.883819045,0.993995151,8,8.6
Zfp35,29.10818282,-0.102163358,0.708588873,-0.14417861,0.885359432,0.993995151,22.7,52.2
Zfp800,201.098382,0.055979899,0.395730897,0.141459512,0.887506943,0.993995151,174.1,354.9
1110012L19Rik,30.68942983,-0.104919428,0.843829539,-0.124337231,0.90104827,0.994050341,20,55
1110059E24Rik,50.73883765,-0.110119169,0.823883743,-0.133658626,0.893672523,0.994050341,36.6,91.2
1700001K23Rik,4.675877775,-0.288367911,2.10349036,-0.137090199,0.8909595,0.994050341,6.9,10.1
1810055G02Rik,20.16675914,0.169796332,1.339400014,0.126770442,0.89912209,0.994050341,18.5,32.8
2010300C02Rik,16.02562068,0.203728771,1.522959517,0.133771626,0.893583165,0.994050341,20.3,23.3
2610002M06Rik,48.5753326,-0.086649078,0.671612647,-0.129016448,0.897344634,0.994050341,46.4,91.3
4931406C07Rik,35.12361996,-0.154953023,1.101811292,-0.140634812,0.888158446,0.994050341,36.6,65.8
5730409E04Rik,12.15090819,0.165322596,1.334607963,0.123873527,0.901415414,0.994050341,19.7,20.8
AC117232.1,16.38265224,0.101597096,0.780027715,0.130248059,0.896370173,0.994050341,15.8,30.9
Actn2,13.89350867,0.154873856,1.280677734,0.120931169,0.903745554,0.994050341,17.6,25
Ada,18.16920184,0.203438264,1.694462178,0.12006067,0.904435088,0.994050341,6.7,28.9
Adap2,22.06770891,0.161603286,1.273704412,0.126876601,0.899038067,0.994050341,23.5,33.4
Adgre1,40.44196503,0.149360241,1.187832324,0.125741856,0.899936269,0.994050341,58.3,59.4
Agfg2,188.451256,-0.048246481,0.396345892,-0.121728224,0.90311426,0.994050341,116.2,347
Angptl4,15.51024683,-0.149727089,1.120496393,-0.133625677,0.893698579,0.994050341,7.9,26.6
Arhgef10,20.26542242,0.158880254,1.134016583,0.140103995,0.888577824,0.994050341,19.6,31.8
Armc1,160.7992566,-0.071584337,0.531215505,-0.134755737,0.892805003,0.994050341,129.3,291.1
Armcx5,75.57221965,0.06579051,0.486039765,0.135360345,0.892326976,0.994050341,61.5,128.1
Arpin,4.144153924,0.299293119,2.330417908,0.128428947,0.897809524,0.994050341,15.7,6.2
Atp11a,79.35096221,0.069331084,0.566572991,0.122369201,0.902606629,0.994050341,62.8,137.2
AV099323,5.728382442,0.269907872,2.039265037,0.132355465,0.894703139,0.994050341,4.8,10
BC065397,12.84949673,-0.247434846,1.923452835,-0.128640974,0.897641743,0.994050341,6.5,21.3
Cacfd1,95.13326648,-0.054146213,0.407331111,-0.132929234,0.894249346,0.994050341,83.6,164.6
Cadm1,20.45196891,0.290248732,2.204033166,0.131689821,0.895229637,0.994050341,32.8,27
Capn10,37.5322556,-0.084787084,0.685880558,-0.123617855,0.901617854,0.994050341,34.4,65.2
Cask,13.70297145,0.184256064,1.33154402,0.138377749,0.889941882,0.994050341,14.4,21.4
Cass4,11.76513158,-0.192441207,1.415872117,-0.135917082,0.891886831,0.994050341,8.2,23.1
Ccdc82,349.6735066,-0.030701731,0.230691702,-0.133085546,0.894125726,0.994050341,256.5,608.7
Ccnt1,688.1876182,0.024816986,0.184584859,0.134447572,0.893048666,0.994050341,514.5,1217.6
Ccp110,53.42171732,-0.094780218,0.755668578,-0.125425643,0.900186588,0.994050341,40.2,99.8
Cd200,66.93879784,0.073163866,0.605532019,0.120825759,0.903829047,0.994050341,51,114.2
Cdc27,173.1934507,-0.028351157,0.231552421,-0.122439477,0.902550976,0.994050341,132.2,313.7
Cdt1,174.6299235,-0.044249547,0.346418355,-0.127734417,0.898359153,0.994050341,145.1,322.9
Cep97,176.1162724,-0.037565176,0.310387565,-0.121026678,0.903669904,0.994050341,140.4,325.1
Chchd6,2.183255746,-0.297990196,2.293438891,-0.129931605,0.896620539,0.994050341,1.9,3.6
Ciz1,45.83846519,0.111026063,0.92026935,0.120645182,0.90397208,0.994050341,38.7,81.3
Clba1,2.559282259,-0.332866765,2.460086782,-0.13530692,0.892369214,0.994050341,5.2,4.4
Clec5a,22.58722277,-0.210606827,1.669233446,-0.126169786,0.899597527,0.994050341,26.3,35.1
Clpb,38.57935626,0.080454033,0.64732982,0.124285998,0.901088833,0.994050341,26.3,67.1
Cnih2,42.56854053,0.124587299,1.010821613,0.123253497,0.901906364,0.994050341,21.1,67.7
Cog5,159.7995991,-0.054065353,0.419863454,-0.128768895,0.897540519,0.994050341,104.9,298.3
Coro1c,91.33038536,-0.069593739,0.513370543,-0.135562392,0.892167238,0.994050341,60.5,164.5
Cox15,25.30905285,0.082831339,0.683142719,0.121250416,0.903492692,0.994050341,21.2,44.1
Cox16,89.26552946,0.059000028,0.464967436,0.126890667,0.899026933,0.994050341,80.9,160.5
Cox18,67.36961127,0.06974262,0.551861123,0.126377121,0.899433412,0.994050341,51.5,118.7
Crem,382.1381446,-0.041079866,0.297640671,-0.138018322,0.890225938,0.994050341,225.1,696.3
Crot,258.0394915,0.025337055,0.191281654,0.13245941,0.894620926,0.994050341,191.8,456
Csf1r,177.1673914,0.084648486,0.662634278,0.127745408,0.898350454,0.994050341,199.6,263.4
Csnk1a1,1552.596182,-0.012590031,0.100198521,-0.125650867,0.900008296,0.994050341,1189.1,2770.5
Ctc1,43.03630391,-0.088578089,0.724709765,-0.122225605,0.902720349,0.994050341,38.4,79.6
Cwc22,69.24785477,-0.087222148,0.707083536,-0.123354799,0.901826149,0.994050341,57.6,129.1
Cyren,13.30199123,-0.137102542,1.137322731,-0.120548493,0.904048667,0.994050341,10.3,25.3
D730003I15Rik,8.948387115,0.149677613,1.221343092,0.122551651,0.902462142,0.994050341,7.1,13.2
Daam1,30.49172753,0.134267018,1.056204395,0.127122192,0.898843687,0.994050341,27.3,45
Dcakd,70.33824021,0.076516903,0.62137721,0.123140826,0.901995583,0.994050341,72.4,124.5
Ddit4,148.696221,-0.049810632,0.389897507,-0.127753142,0.898344333,0.994050341,111.3,262.4
Dpm3,466.2424172,-0.01973698,0.161764651,-0.122010465,0.90289073,0.994050341,362.1,839.7
Dsc2,9.103180456,0.247853746,1.876056977,0.132114189,0.894893973,0.994050341,3.8,14.1
Eef2,5566.103846,-0.015671357,0.117447523,-0.133432841,0.893851075,0.994050341,4323.1,9888.7
Eif3d,435.8898949,0.022081089,0.18185633,0.121420515,0.903357969,0.994050341,342.3,741
Eif3f,1354.042365,0.016056247,0.129798964,0.123700889,0.901552108,0.994050341,1065.7,2369
Epcam,16.20407186,0.185709055,1.414799071,0.131261787,0.895568219,0.994050341,9.1,26.8
Epop,39.90154845,0.089105908,0.703186757,0.126717272,0.899164175,0.994050341,35.7,71.4
Ercc4,74.23878918,0.063774155,0.523983031,0.121710345,0.90312842,0.994050341,53.1,125.7
Etaa1os,6.46131718,0.226777043,1.849279699,0.122629932,0.902400151,0.994050341,8,11.1
Fam45a,47.95600019,0.068538919,0.566987874,0.120882514,0.903784093,0.994050341,36.7,79.6
Farsa,182.7210398,-0.036336064,0.296560703,-0.122524879,0.902483344,0.994050341,136,323.5
Fastk,108.9728092,-0.064892305,0.48644743,-0.133400449,0.893876691,0.994050341,97.1,202.6
Fkbp2,159.8399822,-0.058430542,0.427037697,-0.136827596,0.89116707,0.994050341,160.5,289.5
Frmd4b,157.67437,0.054618067,0.427712624,0.127698047,0.898387936,0.994050341,140.5,288.8
Galc,68.99822642,-0.091522492,0.683738497,-0.133855988,0.893516453,0.994050341,57.4,138.1
Gdpd3,3.660046987,0.291412731,2.314304471,0.125918061,0.899796786,0.994050341,4.9,5.6
Gemin8,13.43576428,0.162721527,1.350294221,0.120508201,0.904080584,0.994050341,14.2,21.7
Ggta1,145.921171,0.032143802,0.266926947,0.120421721,0.904149086,0.994050341,127.6,253.8
Ginm1,72.41077616,0.073132424,0.545718854,0.134011173,0.893393739,0.994050341,58.6,129
Gja1,11.23577482,0.255934228,1.851215231,0.138252011,0.890041251,0.994050341,21.4,17.2
Gm10684,9.605161135,-0.220108941,1.784798154,-0.123324277,0.901850318,0.994050341,10.5,18.9
Gm11655,32.13260751,0.121567233,0.923366345,0.131656556,0.89525595,0.994050341,35.5,58.3
Gm11688,17.00037381,-0.117432486,0.966647582,-0.12148428,0.903307465,0.994050341,13.3,34.3
Gm12253,15.81662033,-0.13251303,1.010947103,-0.131078105,0.895713522,0.994050341,12.7,30.3
Gm12940,111.3408117,0.065537052,0.539804993,0.121408755,0.903367282,0.994050341,87.8,199
Gm14303,10.13328721,0.098694982,0.811585245,0.121607659,0.903209748,0.994050341,8.6,17.6
Gm14853,10.89623472,-0.201872019,1.542636393,-0.130861699,0.895884714,0.994050341,12.7,20.7
Gm15283,32.99896943,0.123478211,0.89588938,0.13782752,0.890376734,0.994050341,19.3,55.2
Gm15706,5.361030108,-0.194687243,1.612783362,-0.120715062,0.903916729,0.994050341,5.6,11.2
Gm15789,7.62011174,-0.281310002,2.017232195,-0.139453456,0.889091833,0.994050341,3.6,17
Gm15853,4.207768372,-0.280963114,2.308415227,-0.121712555,0.90312667,0.994050341,3.4,10.8
Gm17096,10.62455785,-0.164650176,1.368414155,-0.120321889,0.904228165,0.994050341,11.1,19.9
Gm19552,7.223135901,-0.32700476,2.423338666,-0.134939769,0.892659496,0.994050341,3.3,14.6
Gm20045,23.55689614,0.167714349,1.236600297,0.135625351,0.892117464,0.994050341,23.8,44.1
Gm20628,2.086944405,-0.403387232,2.890456391,-0.139558318,0.889008976,0.994050341,0.7,7.8
Gm25106,3.267796572,-0.210838864,1.567524716,-0.134504331,0.893003786,0.994050341,3.6,5.8
Gm28373,17.81290993,-0.168562442,1.283110606,-0.131370157,0.895482495,0.994050341,14.1,32.1
Gm3226,3.263220443,0.149756108,1.10307129,0.135762855,0.892008756,0.994050341,3.3,6.4
Gm36198,2.481156953,-0.361252199,2.755091845,-0.131121654,0.895679072,0.994050341,4.9,4.3
Gm36527,7.154695457,0.326173191,2.427362638,0.134373491,0.893107243,0.994050341,4.2,11.9
Gm37053,8.067236348,-0.258155312,1.97463806,-0.130735509,0.895984541,0.994050341,5.5,15.1
Gm37254,54.32011272,0.085633439,0.673379318,0.12716969,0.898806095,0.994050341,32.2,93.9
Gm37277,7.993501598,-0.267584222,1.988323059,-0.13457784,0.892945664,0.994050341,5.2,13.1
Gm3745,4.886708194,-0.120979015,0.947646726,-0.127662568,0.898416014,0.994050341,3.6,9
Gm37968,37.47984663,0.101333831,0.839532318,0.120702717,0.903926507,0.994050341,27.1,67.8
Gm42595,33.86128601,-0.131092389,0.997324307,-0.131444093,0.89542401,0.994050341,40,58.5
Gm42830,14.01862895,-0.225111676,1.638492758,-0.137389485,0.890722942,0.994050341,4,23.9
Gm43024,6.11145893,0.283505898,2.103759075,0.13476158,0.892800383,0.994050341,9.5,9.4
Gm43361,96.95775902,0.070161885,0.554612152,0.126506217,0.899331228,0.994050341,61.9,163.2
Gm43362,85.68116536,-0.086039672,0.661664548,-0.130035185,0.89653859,0.994050341,68,156.1
Gm43482,14.37724009,0.222599873,1.639954132,0.135735426,0.892030441,0.994050341,10,23.4
Gm44270,13.78053913,0.364709891,2.687817206,0.135689991,0.892066361,0.994050341,9.7,21
Gm45191,67.26499158,-0.067818177,0.518835498,-0.130712291,0.896002909,0.994050341,47.3,118.2
Gm45630,23.84012911,-0.137107513,1.115246008,-0.122939254,0.902155201,0.994050341,18.9,48.3
Gm45838,21.69310607,0.184545827,1.510980515,0.122136471,0.902790939,0.994050341,11.6,36
Gm49706,13.00928542,0.200430346,1.502904292,0.133362016,0.893907084,0.994050341,6.2,21.4
Gm49959,2.47227541,-0.325749269,2.401272305,-0.135656947,0.892092485,0.994050341,2.6,5.4
Gm4997,10.57332009,0.148789329,1.140065188,0.130509492,0.896163345,0.994050341,6.6,17.7
Gm6238,22.25583701,-0.141998819,1.09247368,-0.129979167,0.896582909,0.994050341,16.2,38
Gm8100,3.860992241,0.117223113,0.848072116,0.138223048,0.89006414,0.994050341,3.4,13.5
Gm9619,11.50641393,-0.122291,0.99770204,-0.122572667,0.9024455,0.994050341,4.8,18.6
Gm9856,44.6323241,0.106886802,0.840236621,0.127210359,0.898773907,0.994050341,36.6,78.1
Golga2,183.6011786,-0.033995364,0.253632939,-0.13403371,0.893375918,0.994050341,149,330.5
Gstp-ps,5.478592799,0.149350181,1.082432467,0.137976442,0.890259036,0.994050341,4.4,11.1
Hax1,4.981882042,-0.260140159,2.010974345,-0.129360258,0.897072593,0.994050341,5.3,11
Hdac8,17.65001354,0.135430479,0.995113482,0.136095512,0.891745776,0.994050341,17.8,29.5
Heatr9,14.74552833,0.168704535,1.404222782,0.120140862,0.904371564,0.994050341,13,23.6
Hist2h2ac,5.611943852,0.25866721,2.027097393,0.127604727,0.89846179,0.994050341,8.5,10.1
Hltf,240.0068714,0.038821378,0.277955208,0.13966775,0.888922508,0.994050341,178.1,424.2
Hpse,22.22512986,0.15687024,1.145173005,0.136983879,0.891043538,0.994050341,27.2,33.4
Iars,97.96158938,-0.069693131,0.5145174,-0.135453399,0.892253407,0.994050341,79.5,178.2
Idh3b,422.5600167,0.031003614,0.254183539,0.121973336,0.902920135,0.994050341,313.4,718.2
Ift140,44.62341397,-0.0955867,0.745140838,-0.128280044,0.897927357,0.994050341,34.5,82.8
Igf2bp3,27.47099314,0.133494307,0.966262273,0.138155355,0.890117639,0.994050341,20.9,46.6
Igfbp7,87.62159911,0.077591881,0.574688995,0.135015429,0.892599676,0.994050341,76.9,149.9
Isca2,129.283854,-0.058437349,0.465836627,-0.125446016,0.90017046,0.994050341,113.8,229.6
Itfg1,149.2183626,-0.059797982,0.479455204,-0.124720686,0.900744681,0.994050341,81.7,264
Katnbl1,63.70311567,0.102617641,0.795847107,0.128941401,0.897404017,0.994050341,45.6,104.7
Kctd7,14.58762415,0.16152402,1.202045553,0.134374292,0.893106609,0.994050341,11.5,25.4
Kdm5d,84.85859086,-0.152886252,1.16986712,-0.130686853,0.896023033,0.994050341,45.7,172.3
Klf9,130.277383,-0.038858251,0.304202137,-0.127738256,0.898356114,0.994050341,118.8,236.4
Knstrn,60.96973009,0.06724539,0.542614453,0.12392849,0.901371895,0.994050341,42.7,110.6
Kpna1,403.1199341,0.037411987,0.271011849,0.138045578,0.890204396,0.994050341,307.2,706.3
Krt80,2.835392314,-0.256832787,2.066769619,-0.124267738,0.90110329,0.994050341,8,12.9
Lamb2,2.417731389,0.357304435,2.76897825,0.129038368,0.897327289,0.994050341,4,8.5
Lbhd1,13.72256015,-0.182485596,1.329957861,-0.137211563,0.890863572,0.994050341,14,25.4
Lcp2,870.7658221,-0.025800527,0.214118268,-0.120496618,0.904089758,0.994050341,633.8,1580.5
Llgl2,60.21077334,-0.090876024,0.734540377,-0.123718214,0.90153839,0.994050341,40,117.6
Lrig2,78.90269632,0.067333201,0.518569391,0.129844148,0.896689734,0.994050341,66.6,137.6
Lrrc40,35.58151149,0.087410157,0.709452041,0.123207986,0.901942402,0.994050341,24,59.7
Lyrm2,45.02007329,0.102535658,0.815956346,0.125663167,0.899998559,0.994050341,34.8,76.7
Mad1l1,36.0183454,-0.09586334,0.715181061,-0.134040658,0.893370424,0.994050341,26.4,65.4
Mapk14,364.5790694,0.039347197,0.283749513,0.138668773,0.889711895,0.994050341,274.2,622.2
Mcm4,464.0128719,0.030060136,0.240068916,0.125214613,0.900353649,0.994050341,374,826.3
Med23,53.31363633,0.080745379,0.651930437,0.12385582,0.901429434,0.994050341,32.5,97.1
Metrn,6.66827019,-0.145011897,1.133169517,-0.127970171,0.898172579,0.994050341,4.1,12.8
Mfng,216.9414498,-0.030339256,0.221103955,-0.137217157,0.89085915,0.994050341,171.6,385.6
Micu1,86.96010052,-0.087973102,0.68683688,-0.128084418,0.898082167,0.994050341,55.1,158.5
Mir142b,23.73896049,0.125012553,1.003231463,0.124609881,0.900832406,0.994050341,23.8,41.5
Mplkip,91.26501965,0.068935968,0.519389188,0.132725074,0.894410812,0.994050341,64.8,155.3
Mrpl23-ps1,6.542237586,-0.112269666,0.866037052,-0.1296361,0.896854341,0.994050341,6,11.8
Mrpl27,64.99772503,0.091135827,0.742962059,0.122665519,0.902371969,0.994050341,46.9,105.2
Mrpl39,82.87035583,0.056583422,0.45487743,0.124392679,0.901004369,0.994050341,90,142.8
Mrps9,139.3700695,-0.03756202,0.290598143,-0.129257605,0.897153817,0.994050341,110.7,243.7
Mtln,49.63722213,-0.091959812,0.708321304,-0.129827821,0.896702651,0.994050341,51.4,87
Mutyh,23.88615705,0.130815898,1.052777014,0.124257935,0.901111052,0.994050341,28.9,40.1
Myo6,29.10603194,0.127918894,0.945771145,0.135253538,0.892411418,0.994050341,22.2,51
Nek6,120.6757647,0.059274954,0.443798974,0.13356262,0.893748444,0.994050341,98,220.1
Nol6,70.95550301,0.047720692,0.386919725,0.123334865,0.901841933,0.994050341,65.2,125.4
Nup37,58.97419796,0.114435852,0.951941004,0.120213176,0.90431428,0.994050341,41.9,97.3
Pard3,5.719015408,0.260803781,2.079335519,0.125426502,0.900185908,0.994050341,23.2,8.5
Phf2,340.2808687,0.031199633,0.257515061,0.121156536,0.903567049,0.994050341,258.9,577.1
Plekhm2,96.30719124,0.045899969,0.35065157,0.130899083,0.89585514,0.994050341,69.9,165.4
Plod3,58.33272999,0.070054529,0.553427845,0.12658295,0.899270492,0.994050341,53.8,106.4
Poc5,65.48020841,-0.071874079,0.547957645,-0.131167217,0.895643029,0.994050341,47.9,118.4
Ppp1r7,177.0460711,-0.050843863,0.41044855,-0.123873901,0.901415118,0.994050341,123.8,319.8
Prkra,35.10726816,-0.114136415,0.91200961,-0.125148259,0.900406178,0.994050341,22.9,61.5
Psmg1,26.24287483,0.12017468,0.94761369,0.126818219,0.899084275,0.994050341,22.9,45.2
Qsox2,22.05632575,-0.130106474,1.051136917,-0.123776904,0.901491919,0.994050341,12.9,43.2
Rab26,28.63322386,0.114918566,0.940646526,0.122169766,0.90276457,0.994050341,17.6,48.2
Rab28,78.71220009,-0.060579245,0.463794905,-0.130616453,0.896078727,0.994050341,54.8,133.1
Rabepk,131.4578037,-0.055261231,0.396682112,-0.139308602,0.889206292,0.994050341,108.9,229.8
Rap2c,170.4199176,-0.054535803,0.450695104,-0.121003761,0.903688056,0.994050341,131.9,319
Rapsn,19.8181168,0.145153571,1.078575788,0.134578926,0.892944805,0.994050341,25.3,30
Rbm19,44.58723681,0.100908971,0.773173711,0.130512678,0.896160824,0.994050341,27,74.8
Rbm43,129.0336296,0.045067119,0.358877098,0.125578141,0.900065867,0.994050341,107.8,222.6
Rmi2,36.16583718,0.088247413,0.705052083,0.125164389,0.900393409,0.994050341,32.3,61.9
Rnf25,5.660453842,0.133013503,1.088445328,0.122205039,0.902736636,0.994050341,5.2,9
Rogdi,16.06856473,0.154344738,1.180021203,0.130798275,0.895934888,0.994050341,22.6,28.7
Rpe,80.19657566,-0.058985191,0.460609728,-0.128058936,0.898102333,0.994050341,51.1,142.1
Rpl19-ps7,2.144566807,-0.193942021,1.602069702,-0.121057168,0.903645755,0.994050341,2.3,5.3
Rps27a,23.28185677,-0.122316106,0.971263517,-0.125935036,0.899783349,0.994050341,23.7,41.9
Rps8-ps4,4.989137561,0.158463213,1.299432556,0.121948009,0.902940194,0.994050341,12.5,7.4
Rundc1,59.66186275,-0.092608328,0.674163237,-0.137367811,0.890740073,0.994050341,36.1,105.5
Sde2,159.1092748,0.042391027,0.333170818,0.127235114,0.898754314,0.994050341,122.3,279.3
Senp6,512.4405757,0.024998623,0.181882665,0.137443682,0.890680106,0.994050341,395.8,902.5
Sertad2,208.668974,-0.043549026,0.332290133,-0.131057233,0.895730032,0.994050341,156.7,387.6
Setd6,72.12431341,0.067713717,0.529964579,0.127770268,0.89833078,0.994050341,53.4,121.5
Sirt3,18.7170491,0.137492252,1.075770284,0.127808189,0.898300769,0.994050341,20.4,32.8
Slc22a13b,2.100129189,0.338701895,2.823587508,0.119954453,0.904519229,0.994050341,0.9,3.7
Slc25a35,20.15829471,-0.161215721,1.204470453,-0.133847801,0.893522928,0.994050341,9.6,39.1
Slc26a10,74.15466362,-0.078583588,0.573615785,-0.136996907,0.89103324,0.994050341,46.8,136
Snx18,188.3940605,0.038661066,0.278301628,0.138917858,0.889515059,0.994050341,150.9,344.3
Snx8,9.22351194,-0.167033933,1.296790855,-0.128805607,0.897511469,0.994050341,11.7,17
Spryd3,53.8191254,0.059338415,0.4621033,0.128409416,0.89782498,0.994050341,44.6,94.5
Stc2,22.77664854,-0.14009882,1.135352564,-0.123396753,0.901792928,0.994050341,25.7,42.6
Stk26,206.3691085,-0.040294508,0.313747872,-0.128429581,0.897809023,0.994050341,148.5,379.5
Sv2c,90.52693748,0.095380393,0.700648191,0.136131648,0.891717209,0.994050341,56.9,151.2
Swap70,89.7402722,0.08232979,0.627451243,0.131213048,0.895606775,0.994050341,80.6,147.2
Tcp11,2.241436538,-0.364792924,2.783862257,-0.131038425,0.895744911,0.994050341,9.8,5.2
Tedc2,27.8887892,0.127740917,1.019489801,0.125298867,0.900286949,0.994050341,21.8,49.9
Themis2,53.05083992,-0.083751299,0.616956203,-0.13574918,0.892019567,0.994050341,47.7,89.1
Thrap3,552.2219568,0.033825681,0.276409947,0.122375049,0.902601998,0.994050341,447.9,966
Tnfsf10,305.5748539,0.026631201,0.205472599,0.129609503,0.896875384,0.994050341,242,547.5
Tpgs2,69.40216599,-0.074082198,0.582038119,-0.127280663,0.898718265,0.994050341,57.2,127.7
Tprkb,139.4942882,-0.046119659,0.351624238,-0.131161774,0.895647335,0.994050341,123.2,256.2
Tpst1,27.89612107,0.139173409,1.039721402,0.133856443,0.893516093,0.994050341,27.6,45.4
Troap,28.80006975,-0.096269954,0.802186023,-0.120009513,0.904475612,0.994050341,24.2,50.5
Trpc4ap,337.4092462,0.024484586,0.187490721,0.130590921,0.896098926,0.994050341,277.6,604.3
Txndc5,122.1348217,-0.056829165,0.41719018,-0.136218846,0.891648277,0.994050341,118.9,220.3
Ube2q2,46.91880456,0.071827625,0.58181356,0.123454711,0.901747035,0.994050341,40.5,83.6
Ubxn11,86.29265328,0.064650686,0.461401148,0.140118173,0.888566622,0.994050341,83.1,149.8
Wwox,58.73792919,-0.081926703,0.602906821,-0.135886177,0.891911263,0.994050341,47.7,109.9
Ythdf2,199.4315023,-0.03217203,0.234233287,-0.137350376,0.890753854,0.994050341,167.2,354.8
Zdhhc15,56.47620498,-0.06580068,0.543193124,-0.121136805,0.903582678,0.994050341,45.1,103.9
Zdhhc16,7.773991065,-0.284021415,2.163240284,-0.131294437,0.895542392,0.994050341,3.6,16.4
Zdhhc8,121.2426681,-0.068833339,0.549853493,-0.125184872,0.900377193,0.994050341,86.3,215
Zfand1,9.358346204,-0.204662333,1.598606966,-0.128025423,0.898128854,0.994050341,9,17
Zfp160,66.45144234,0.086290025,0.691359246,0.124812137,0.900672279,0.994050341,55.5,118.3
Zfp330,92.81533186,-0.076576809,0.548907845,-0.139507588,0.88904906,0.994050341,104.4,166.8
Zfp518a,72.81240387,-0.074241869,0.530885605,-0.139845324,0.888782202,0.994050341,62.6,137.1
Zfp827,63.19108068,0.077909443,0.62149936,0.125357239,0.90024074,0.994050341,45.6,107.3
Zfp839,11.7312496,0.162328702,1.274407615,0.12737581,0.898642961,0.994050341,8.1,18.9
Zfp949,49.50327607,0.101188555,0.723645805,0.139831605,0.888793041,0.994050341,37.2,83.7
Zgpat,35.60951315,0.109371026,0.901023043,0.121385382,0.903385795,0.994050341,22,56.6
Zhx2,12.1634173,0.108454445,0.875401768,0.123891051,0.901401538,0.994050341,11.4,19.7
0610040B10Rik,23.05316209,-0.112141286,0.941804438,-0.11907067,0.905219367,0.99419727,17.8,44
1110025M09Rik,5.811192543,-0.287132908,2.47497978,-0.116014244,0.907641253,0.99419727,1.9,12.1
1700010I14Rik,11.65988517,-0.195167416,1.664405942,-0.117259505,0.906654414,0.99419727,6.3,23.2
4933440N22Rik,5.63056406,0.210866252,1.861736357,0.113263218,0.909821877,0.99419727,7.1,10.3
6820402A03Rik,16.80135998,-0.147437924,1.255170494,-0.11746446,0.906492006,0.99419727,19.2,34.5
Abcd3,110.9152576,0.064333039,0.574543153,0.111972509,0.910845204,0.99419727,91.7,194
Abhd14a,24.34114729,0.092156477,0.786902454,0.117112962,0.906770538,0.99419727,22.8,39.5
Acsl1,29.87156903,0.124266631,1.041478119,0.119317563,0.90502377,0.99419727,20.3,51.6
Adora2a,23.76300986,0.07700225,0.645986577,0.119201006,0.90511611,0.99419727,19,37.9
Agap3,64.64322675,-0.075162106,0.669861769,-0.112205398,0.910660549,0.99419727,58.2,120.1
Akap7,10.03389546,0.212067055,1.847479476,0.114787232,0.90861377,0.99419727,11.4,15.5
Ap2a1,22.3352448,0.083774866,0.724919169,0.115564423,0.90799776,0.99419727,18.5,39.6
Art4,4.27103936,-0.255287208,2.280543168,-0.111941406,0.910869866,0.99419727,5.7,9.2
AU022252,45.58556155,-0.070849234,0.607692311,-0.116587347,0.907187065,0.99419727,37.1,77.2
Bud23,105.0041645,0.065344915,0.571366113,0.114366101,0.908947585,0.99419727,82.9,184.6
C2cd2,30.7146304,-0.086421558,0.753158044,-0.114745581,0.908646784,0.99419727,32.5,56.3
Camkk2,115.9511473,-0.03968916,0.335430997,-0.118322875,0.905811833,0.99419727,94.7,206.9
Cdkn3,26.46351107,-0.111947052,0.941152324,-0.118946794,0.905317508,0.99419727,23.3,49.5
Crlf2,353.0236462,-0.028456035,0.237963441,-0.119581541,0.904814643,0.99419727,248.6,616.5
Ctdp1,81.85153011,-0.053456841,0.448804633,-0.119109379,0.9051887,0.99419727,62.1,154.3
Cutc,21.34915655,-0.135783558,1.208722016,-0.112336464,0.91055663,0.99419727,15.1,36
Def6,352.1740717,-0.034443041,0.301825569,-0.114115716,0.909146064,0.99419727,252.3,638.6
Dennd5a,215.1786741,0.034806428,0.300414807,0.115861228,0.907762524,0.99419727,175.3,375.2
Dusp22,79.74721879,0.0705392,0.607838628,0.116049222,0.907613532,0.99419727,73.6,138.9
Emilin1,14.53241442,-0.173432374,1.48390338,-0.116875786,0.906958486,0.99419727,14.6,25.1
En1,4.235691784,0.312415709,2.794007698,0.111816338,0.910969033,0.99419727,11.1,6.5
Fars2,61.74399951,0.06380519,0.571417365,0.111661273,0.911091987,0.99419727,42.5,99.4
Fastkd5,15.23094625,-0.152613824,1.326722939,-0.115030666,0.908420815,0.99419727,13.5,27.3
Fxyd7,6.995823709,0.220932464,1.983658347,0.111376268,0.911317978,0.99419727,4.9,12.3
Gm10073,8.651923616,-0.06962714,0.611916101,-0.113785436,0.909407884,0.99419727,18.9,16.4
Gm14537,7.579495876,0.264580954,2.372719104,0.111509598,0.911212255,0.99419727,7.4,10.2
Gm17430,9.690467147,-0.110183779,0.9823033,-0.112168796,0.91068957,0.99419727,11.8,19.2
Gm23582,24.88490138,-0.133483091,1.154420755,-0.115627764,0.907947558,0.99419727,21.2,46.3
Gm34868,7.30889177,0.312492006,2.628426645,0.118889377,0.905362998,0.99419727,4.2,12
Gm37760,157.2626599,0.053544228,0.471128534,0.113650998,0.909514459,0.99419727,115.9,286.3
Gm39323,40.85236588,-0.100009184,0.883577914,-0.113186605,0.909882615,0.99419727,30.5,71.5
Gm43006,2.006644089,0.342956049,2.925248424,0.117239974,0.906669891,0.99419727,7.4,6.7
Gm43761,47.66701675,0.111114426,0.955967385,0.116232444,0.907468324,0.99419727,44.7,91.4
Gm44432,19.48485831,0.168930117,1.441042579,0.117227707,0.906679611,0.99419727,20.7,32.1
Gm45269,6.550867074,0.221520548,1.935272112,0.114464807,0.908869343,0.99419727,7.5,11.1
Gm48978,12.34225304,0.198479345,1.745435544,0.113713362,0.90946502,0.99419727,6.1,22.3
Gm49980,3.634189242,-0.210279181,1.847280879,-0.113831732,0.909371184,0.99419727,7.8,6.3
Gm7285,8.12377597,0.147048193,1.255111734,0.117159444,0.906733705,0.99419727,10.7,14
Gm8062,4.267438165,0.14234023,1.200800094,0.118537824,0.905641527,0.99419727,8.8,11.8
Gpsm2,45.49586588,-0.090232231,0.799090049,-0.112918727,0.910094989,0.99419727,39,92.5
Gtf2h4,30.06733327,-0.124451802,1.054295251,-0.118042647,0.906033866,0.99419727,29.8,58
Helz2,374.1443278,-0.025363514,0.223990044,-0.113235004,0.909844245,0.99419727,247.3,678.9
Kif18a,28.62065567,-0.101943797,0.906475269,-0.112461752,0.910457295,0.99419727,32.1,56.6
Ldlrad4,33.22951952,0.090299726,0.775796525,0.116396147,0.907338589,0.99419727,30.7,55.6
Lpcat2,13.80726509,-0.190488961,1.662146591,-0.114604189,0.90875886,0.99419727,40.6,22.2
Lrrcc1,133.2761081,-0.031908273,0.272559223,-0.117069136,0.906805268,0.99419727,101.5,233.2
Mbd4,22.7714006,-0.122822788,1.071629725,-0.114613085,0.908751808,0.99419727,23.5,43.5
Med24,88.69265724,0.078200696,0.669662482,0.116776284,0.907037338,0.99419727,88.2,145.2
Mettl17,66.56700788,-0.088071925,0.79065119,-0.11139163,0.911305797,0.99419727,54.1,114.4
Mmab,28.03540302,-0.102127045,0.86528742,-0.11802673,0.906046478,0.99419727,18.7,52.7
Mtg2,67.73629899,0.061978957,0.551414965,0.112399845,0.910506378,0.99419727,55.3,117.1
Mtor,126.387346,-0.047203249,0.410701403,-0.114933256,0.908498025,0.99419727,95.3,236
N4bp3,44.12168853,0.090740767,0.809992865,0.112026625,0.910802296,0.99419727,34.7,81.9
Nbas,61.40119355,-0.081478893,0.720829789,-0.113034858,0.91000292,0.99419727,43.9,115.1
Nifk,75.23004862,-0.05409684,0.469004914,-0.115343865,0.908172571,0.99419727,68.8,129.4
Nucb1,734.7302295,-0.02092631,0.186992998,-0.111909592,0.910895091,0.99419727,560.1,1308.3
Palm3,14.62389569,-0.129237229,1.090050725,-0.118560747,0.905623365,0.99419727,13.8,26.1
Pde4b,356.5865069,0.034871295,0.300349897,0.116102239,0.907571515,0.99419727,276.4,623.5
Pggt1b,277.0569344,-0.035936727,0.311007078,-0.115549549,0.908009549,0.99419727,205.6,490.5
Phb2,303.2235236,0.025793168,0.223747565,0.115277985,0.908224787,0.99419727,249.6,542.2
Pibf1,109.8875653,-0.046707173,0.40186498,-0.116226035,0.907473403,0.99419727,70.3,200.1
Pigx,199.1493028,0.029900131,0.263063709,0.113661179,0.909506388,0.99419727,178.5,343.9
Polr2a,543.6772016,0.031203109,0.26719598,0.11677986,0.907034504,0.99419727,374.3,978.9
Ppp1r9b,259.2547114,-0.025871038,0.226415212,-0.11426369,0.909028765,0.99419727,208.4,461.2
Prpf38b,984.1961456,0.018251841,0.15329748,0.119061583,0.905226566,0.99419727,719.4,1716.1
Psma4,455.905226,0.023901905,0.201246474,0.11876931,0.905458123,0.99419727,335,788.5
Ptp4a2,1834.309232,-0.011253232,0.100586809,-0.111875823,0.910921867,0.99419727,1371,3316.7
Rbm38,33.25084475,-0.069491243,0.624892965,-0.111205033,0.911453761,0.99419727,26,60.2
Ribc1,8.235327786,-0.238062832,2.022609525,-0.117700836,0.906304705,0.99419727,4.1,15.1
Rpl6,171.2893719,-0.039066602,0.332319529,-0.117557346,0.906418404,0.99419727,140.4,308.9
Rps19-ps5,4.265963267,0.234475438,2.103673945,0.111459972,0.911251606,0.99419727,5.8,7.4
Runx1,238.7033843,0.029572143,0.263331448,0.112300081,0.910585478,0.99419727,190.3,417.4
Rybp,13.83161519,0.187404309,1.672826125,0.112028564,0.910800758,0.99419727,6.5,23.1
Sfxn1,271.5937821,-0.029255738,0.255739533,-0.114396618,0.908923395,0.99419727,235.7,481.2
Sgpl1,162.9957496,-0.034899903,0.311433412,-0.112062166,0.910774116,0.99419727,145,284.5
Sgsm2,17.7655412,-0.103445261,0.900331881,-0.11489681,0.908526913,0.99419727,19.2,34.7
Sh3glb1,722.6946794,-0.023345688,0.198673738,-0.117507672,0.906457765,0.99419727,589.7,1282.5
Slc10a7,119.7160842,0.037457503,0.335478921,0.111653821,0.911097896,0.99419727,101.5,216.8
Srsf6,693.5315348,-0.015671602,0.1381804,-0.113414075,0.909702282,0.99419727,521,1219.8
Stat5b,376.6068144,-0.024897231,0.221912803,-0.112193756,0.91066978,0.99419727,271.3,665.7
Stradb,35.7501455,0.099798041,0.880380258,0.113357882,0.90974683,0.99419727,22.9,63.9
Tbce,74.67063391,-0.072789757,0.62372434,-0.116701807,0.907096358,0.99419727,58.4,135.6
Thap4,59.8617024,0.068488419,0.596103581,0.114893487,0.908529548,0.99419727,57,98.6
Tmem223,74.88652215,0.068308151,0.608321952,0.112289473,0.910593888,0.99419727,76.1,135.1
Tmem97,26.61735531,0.110071689,0.977234464,0.112635906,0.910319217,0.99419727,22.2,49.6
Trim30d,240.1266017,0.037300836,0.322885995,0.11552324,0.908030401,0.99419727,167.9,419.9
Trip12,815.7911589,0.024672682,0.215135813,0.114684216,0.908695425,0.99419727,636.7,1442.5
Usp10,115.4063237,-0.056703246,0.489580259,-0.115820124,0.907795101,0.99419727,101.8,210.8
Wsb2,27.56329606,-0.090300124,0.809777675,-0.111512242,0.911210159,0.99419727,29.3,51.1
Zbtb49,29.03832415,-0.11569414,0.97568302,-0.118577589,0.905610022,0.99419727,21.4,52
Zdhhc9,49.48638207,-0.087230212,0.783872112,-0.111281178,0.911393381,0.99419727,45.9,93.3
Ccpg1,67.43162791,-0.055305742,0.497833286,-0.111092896,0.911542682,0.994216989,66.6,124.5
Pwp2,39.7782745,0.07328862,0.660374474,0.110980395,0.911631894,0.994237022,35.9,65.2
Ift20,313.8377588,-0.035677352,0.321992235,-0.110801903,0.911773436,0.99431412,203.2,542
A630072M18Rik,49.82084313,-0.05921315,0.537747462,-0.110113304,0.912319517,0.994368756,40.1,91.5
Cln3,338.1728854,-0.025024961,0.226804677,-0.110337059,0.912142068,0.994368756,235.4,593.6
Itch,341.1226032,0.021934535,0.198787246,0.110341762,0.912138338,0.994368756,268.9,589.7
Nup88,198.2383175,-0.025121325,0.228020748,-0.110171223,0.912273584,0.994368756,154.1,361.1
Pdcl3,95.33751237,0.052225294,0.47222695,0.110593634,0.911938596,0.994368756,88.7,157.4
Tex15,12.54509473,0.187863963,1.703474016,0.110282846,0.912185061,0.994368756,5.1,19.2
Zfp865,49.02268363,-0.061786086,0.560966579,-0.110142188,0.912296611,0.994368756,35.3,91.1
4833412K13Rik,35.70601548,0.117222047,1.070937127,0.10945745,0.912839669,0.99437636,20.3,56.1
Cln6,52.18799417,-0.073459407,0.668505908,-0.109885951,0.912499825,0.99437636,54,97.7
Cnot3,336.1802123,0.030769602,0.281847711,0.109171019,0.913066846,0.99437636,311.6,589
Esyt2,475.5953482,-0.025338963,0.232480579,-0.108993891,0.913207335,0.99437636,356.6,854.2
Fam53a,155.4514339,-0.049255204,0.45078153,-0.109266243,0.91299132,0.99437636,107.4,275
Gm30671,9.686428554,0.158637175,1.458777767,0.108746636,0.913403451,0.99437636,3.9,15.9
Gm37132,2.50331642,0.295972753,2.719752117,0.10882343,0.91334254,0.99437636,3.2,4.5
Gm37706,20.12618995,0.109257275,0.994963496,0.109810336,0.912559794,0.99437636,19.8,35.6
Gm49284,3.99436292,-0.212962809,1.942890047,-0.109611354,0.912717606,0.99437636,3.9,6.5
Gm5451,5.061587594,0.135011156,1.2302955,0.109738804,0.912616525,0.99437636,5.5,8.8
Gm7043,9.65680217,-0.094420964,0.867025159,-0.10890222,0.913280046,0.99437636,5.8,15.2
Nup214,91.51280149,-0.0389139,0.358014891,-0.108693523,0.913445579,0.99437636,81.7,167.2
Pnkd,55.91086234,-0.089168182,0.812007548,-0.109812011,0.912558465,0.99437636,38.4,103.4
Pycrl,26.56297518,-0.080042756,0.733046453,-0.109191928,0.913050262,0.99437636,21.1,50.2
Tasp1,31.90740081,0.068066478,0.6230771,0.109242465,0.91301018,0.99437636,27.7,52
Zfp867,6.949259724,-0.198731095,1.828671375,-0.108675128,0.91346017,0.99437636,6.2,12.1
Gm42047,64.65184534,-0.075876907,0.699877886,-0.108414495,0.913666904,0.994418214,36.2,115.5
Kctd6,21.91251285,-0.160232475,1.4787233,-0.10835866,0.913711193,0.994418214,12.3,42
Miga1,69.4798832,0.057269015,0.52778644,0.108507931,0.913592789,0.994418214,49,125
Mlx,48.13099597,-0.086649581,0.80146885,-0.108113473,0.913905681,0.994552755,40,88.1
Adamts10,253.6359456,-0.034702472,0.321374206,-0.107981509,0.91401036,0.994589548,187.2,453.3
Srebf1,230.1895562,-0.046346856,0.429643121,-0.107872916,0.914096502,0.994606164,194.3,409.1
Gm43464,2.050421289,0.315083581,2.924397769,0.107743066,0.914199507,0.994641126,7.9,7.9
Slc35e4,12.59760147,0.135810729,1.262372521,0.107583718,0.914325913,0.99470154,8.4,20.3
2810006K23Rik,14.72586345,0.118347424,1.112085446,0.106419363,0.915249631,0.994973526,10.6,23.9
Acd,103.3745146,0.042731973,0.401416455,0.106452969,0.915222969,0.994973526,90.6,179.4
AW011738,59.86251163,-0.071215547,0.665459414,-0.107017115,0.914775402,0.994973526,51.2,105.8
Btbd1,141.8311687,-0.050476706,0.471869833,-0.106971675,0.914811451,0.994973526,92.6,255.3
Gm16133,5.645110697,-0.239871214,2.255646274,-0.106342566,0.91531056,0.994973526,3.5,9.4
Got1,284.1466727,0.033729761,0.315653037,0.106857077,0.914902366,0.994973526,233.7,506.1
Gusb,144.543129,0.034430016,0.323695072,0.106365586,0.915292297,0.994973526,121.1,245.3
Insm2,6.258250947,-0.241787444,2.263515069,-0.106819454,0.914932214,0.994973526,2.9,10.8
Scrib,117.3169994,0.033986626,0.318396904,0.106742952,0.914992906,0.994973526,96.3,197.4
Ssbp1,258.8423557,0.025512833,0.240040455,0.106285554,0.915355793,0.994973526,197.9,454.8
Tmem86a,30.28951156,-0.125576866,1.176720339,-0.106717681,0.915012955,0.994973526,22.1,55.4
Casp1,248.145956,0.03855077,0.363152711,0.106155808,0.915458733,0.995008353,208.2,449.1
Zkscan14,53.93376271,0.082512766,0.778202351,0.106029963,0.915558579,0.995039813,38.2,97.1
Slc5a6,14.50027304,-0.171237635,1.617898108,-0.105839567,0.915709643,0.995126927,10,29.5
Bpnt1,26.78984622,-0.097932098,0.927072988,-0.105635802,0.915871318,0.995225558,22.9,44.8
Gm10762,3.845751181,-0.229821416,2.177662405,-0.105535833,0.915950638,0.99523469,13.9,13.7
Tnnt3,5.215081328,-0.181822498,1.724642829,-0.105426176,0.916037646,0.995252174,6,9.8
Upk1a,11.39409569,0.177656935,1.687916321,0.105252217,0.916175678,0.995325086,14.5,18.4
Ankra2,174.3888858,0.029991841,0.286419656,0.104712928,0.916603603,0.995625941,146.8,306.1
Brip1os,113.125716,-0.054731917,0.523074653,-0.104635001,0.91666544,0.995625941,84.3,212.3
Tshz3,4.138888255,0.270872043,2.584954057,0.104787953,0.91654407,0.995625941,15.2,7.9
Ccdc9,143.9662849,-0.031822774,0.304971095,-0.104346854,0.916894097,0.995791816,109,244.7
D030056L22Rik,215.6182183,0.036472188,0.350803673,0.10396752,0.917195124,0.995791816,140.1,369.3
Eif2b2,176.459722,-0.040186365,0.386582814,-0.103952797,0.917206808,0.995791816,143.4,312
Gm47088,55.14214916,0.091137566,0.877114973,0.103906065,0.917243894,0.995791816,39.6,94.5
Riok2,60.17536761,-0.08419737,0.808464438,-0.104144803,0.917054436,0.995791816,36.9,107.3
Uba6,224.1055421,0.047982924,0.461380101,0.103998686,0.917170391,0.995791816,190.2,391.3
Mbd1,197.1300329,0.035168439,0.33914531,0.10369726,0.917409601,0.995875702,152.7,350.4
Thbs1,70.89388662,-0.095269914,0.919328749,-0.103629865,0.917463087,0.995875702,70.4,118.6
Dock8,1212.387462,0.019766459,0.190980451,0.10349991,0.917566221,0.995903575,842.7,2106.5
Egr2,29.79648771,0.079027797,0.765236033,0.103272446,0.917746743,0.995903575,24.4,51.7
Gskip,103.0811317,0.050197003,0.486120788,0.103260351,0.917756342,0.995903575,77.2,182.2
Rb1,167.2553829,0.055914491,0.541860903,0.10318975,0.917812375,0.995903575,145,292.9
Tipin,133.4310162,-0.0310054,0.300584313,-0.103150428,0.917843583,0.995903575,106.9,233.6
E230029C05Rik,33.98248443,-0.099961473,0.972500284,-0.102788117,0.918131137,0.996138568,18,58.3
Armc8,147.2880391,-0.034584321,0.345451668,-0.100113342,0.920254343,0.996236521,110.7,270.8
Brat1,45.51793945,0.06368135,0.629568321,0.101150818,0.919430738,0.996236521,37.6,81.3
Cacnb1,6.481401751,-0.148392846,1.484257353,-0.099977841,0.920361918,0.996236521,9.4,13.2
Cd300c,6.346006868,0.271696841,2.677494116,0.1014743,0.919173958,0.996236521,3.6,9.4
Cd300c2,36.09165228,-0.096643969,0.95258042,-0.101454918,0.919189343,0.996236521,39.8,59.8
Clec12a,31.29048338,0.130972078,1.296477797,0.101021458,0.919533426,0.996236521,47.4,47.4
Creld2,126.9080944,0.038600103,0.3842069,0.10046697,0.919973604,0.996236521,99,219.2
Csnk2a2,407.1934477,-0.020309086,0.198369666,-0.10238,0.918455058,0.996236521,320.9,711.9
Dis3l2,114.8347591,-0.041305921,0.410112261,-0.100718572,0.919773868,0.996236521,98.6,208.9
Eif3j2,2.988769874,-0.113670987,1.132213313,-0.100397148,0.920029034,0.996236521,3.1,6
Eif4e,99.03621126,0.053392632,0.53388655,0.100007449,0.920338411,0.996236521,78.7,169.4
Exo5,34.63043482,0.081061291,0.799597906,0.101377567,0.919250743,0.996236521,22.5,60.6
Gm42548,11.85535774,-0.132046195,1.309763936,-0.10081679,0.919695899,0.996236521,8.7,25.4
Gnl1,152.4483441,-0.037236074,0.372725531,-0.099902128,0.920422027,0.996236521,139,278
Gtdc1,101.3968514,0.056420257,0.562413106,0.100318176,0.920091728,0.996236521,52.2,173.6
Hcfc2,107.7145904,-0.052555803,0.519875955,-0.101092967,0.919476661,0.996236521,82.1,203.3
Hist1h1d,24.78047783,-0.099120452,0.972406636,-0.10193313,0.918809753,0.996236521,23,46.8
Kyat1,28.33314965,0.088773614,0.885361745,0.100268184,0.920131416,0.996236521,17.1,48
Map4k5,42.93984815,-0.099312812,0.969650448,-0.102421251,0.918422316,0.996236521,43.5,74.9
Mrps7,113.0522423,0.043614682,0.42939716,0.101571891,0.919096492,0.996236521,93,195
Mtch2,242.8211592,0.033739762,0.335052453,0.10069994,0.919788659,0.996236521,207.3,435.3
Myo3b,20.26853356,-0.123207024,1.227603677,-0.100363844,0.920055473,0.996236521,10.8,36.7
Nop2,50.64736556,0.05910948,0.590893019,0.100034148,0.920317215,0.996236521,53.1,85.2
P2ry13,9.200503079,0.158329845,1.551775801,0.102031392,0.918731758,0.996236521,6.3,13.2
Pisd,69.78306391,-0.058665855,0.576798651,-0.101709418,0.918987326,0.996236521,57.8,121.3
Psmd14,398.0691979,0.027793512,0.275458304,0.100899163,0.919630508,0.996236521,325.8,712.2
Rps27,67.77531179,0.052805683,0.516682953,0.102201326,0.918596875,0.996236521,56,116.2
Slc16a10,18.0069637,-0.109566097,1.089227966,-0.100590602,0.919875457,0.996236521,19.8,32
Tead1,16.96616924,0.155679085,1.546290517,0.100679066,0.91980523,0.996236521,23.4,27.4
Tlnrd1,53.30010101,-0.068653496,0.68231742,-0.100618119,0.919853613,0.996236521,50.3,94.5
Ube2r2,507.3918814,0.017894299,0.174632127,0.102468541,0.918384782,0.996236521,415.7,879.7
Azi2,313.142814,-0.024964678,0.251603981,-0.099222112,0.920961919,0.996283016,211,572.9
Coro7,236.9285065,0.04083958,0.410399,0.09951189,0.920731848,0.996283016,194.4,408.4
Dpp9,209.7175579,-0.030800743,0.310271853,-0.099270181,0.920923754,0.996283016,169.3,372.7
Gm47603,105.5741323,-0.049447112,0.497454238,-0.099400323,0.920820427,0.996283016,77.6,191.4
Hmgb3,62.22997819,-0.064659948,0.648794578,-0.099661665,0.920612936,0.996283016,45.4,110.8
Pgam1,2.09748401,0.147915695,1.487207014,0.099458713,0.920774068,0.996283016,2.1,4
Spats2,88.43348962,-0.056689532,0.570553006,-0.099358923,0.920853296,0.996283016,60.4,157.7
1700019L13Rik,6.128093436,-0.196256993,2.032010326,-0.096582675,0.923057816,0.996347488,6.5,11.4
2500002B13Rik,5.79223669,-0.195021546,2.197796378,-0.088735038,0.929292486,0.996347488,6.1,10.6
5430416N02Rik,36.05502999,0.047666358,0.527995667,0.090277934,0.928066355,0.996347488,19.2,63.7
6030400A10Rik,20.8948611,-0.117305096,1.233274263,-0.095116796,0.924222057,0.996347488,22.6,38.6
A330023F24Rik,35.7801848,0.068432515,0.722001385,0.094781695,0.924488226,0.996347488,36.4,57.6
A430078I02Rik,5.384809865,0.208504465,2.247596418,0.092767751,0.926088071,0.996347488,6.7,8.6
Aacs,35.97848525,-0.087770539,0.920453221,-0.095355784,0.924032235,0.996347488,40.4,70.1
Abca7,163.4560618,0.031287034,0.348098339,0.08987987,0.928382677,0.996347488,142.8,281.7
Abi1,371.7140733,0.029983372,0.308584745,0.097164141,0.922596045,0.996347488,285.1,639.8
AC137853.1,6.008689415,0.204947185,2.25673541,0.09081578,0.927638972,0.996347488,3.7,8.2
AC166172.1,12.91276862,0.156682509,1.704096603,0.091944617,0.926742043,0.996347488,4,22.2
Acadm,79.16334283,-0.048243971,0.514984763,-0.093680385,0.925363052,0.996347488,60.7,141.7
Afdn,30.71282228,0.117952616,1.214371144,0.097130615,0.922622668,0.996347488,31.5,49.3
Agk,63.68083538,-0.062770581,0.64945497,-0.096651167,0.923003421,0.996347488,53.5,108.8
Ap1b1,164.0218251,0.035309645,0.358693974,0.09843947,0.921583334,0.996347488,138.9,282.8
Armc6,13.56892083,0.136784901,1.407608488,0.097175388,0.922587113,0.996347488,15.1,22.7
Atg101,110.9297543,0.057161112,0.587204596,0.097344456,0.922452853,0.996347488,97,196.8
Atg2a,131.389529,0.026647964,0.300583659,0.088654066,0.929356839,0.996347488,102.2,249.2
AW554918,52.25172509,0.072100813,0.774997504,0.093033607,0.925876862,0.996347488,51.6,87.8
Axl,132.3216163,-0.045179519,0.502710064,-0.089871921,0.928388995,0.996347488,155.9,225.7
B3gat3,151.0921381,-0.035774961,0.38860289,-0.092060461,0.926650003,0.996347488,123.3,272.5
Bag3,61.51477351,0.051643309,0.5582609,0.092507479,0.926294849,0.996347488,59,112.7
Bend7,11.88158165,-0.178057802,1.901714,-0.093630168,0.925402944,0.996347488,8.5,25.7
Best1,7.962906461,-0.173513351,1.881837938,-0.092204194,0.926535806,0.996347488,11,15
Bub1,36.6522019,0.063229018,0.69543175,0.090920523,0.927555743,0.996347488,22.6,61.2
Carf,26.24819152,0.084528963,0.937989026,0.09011722,0.928194065,0.996347488,17.8,43.2
Ccm2,193.0516577,0.028669749,0.330374653,0.086779507,0.930846778,0.996347488,164.2,341
Ccnb1,32.98272187,0.083106943,0.845066418,0.098343682,0.921659393,0.996347488,24.2,57.7
Cdc6,52.39316352,-0.064965988,0.668460225,-0.097187515,0.922577483,0.996347488,40.4,97.1
Cep70,45.73595736,-0.090706057,0.938294607,-0.096671191,0.922987519,0.996347488,39.2,85.8
Chid1,36.43148051,0.073076513,0.794452616,0.091983475,0.926711169,0.996347488,33.8,60.8
Cnst,94.8240178,0.052030233,0.557016849,0.093408723,0.925578861,0.996347488,84.6,164.9
Cog7,26.87727869,0.061504152,0.682317406,0.090140089,0.928175892,0.996347488,18.8,46.3
Coq7,35.8003144,-0.087698982,0.889974048,-0.098541056,0.921502673,0.996347488,27,66.3
Coq9,77.6376009,-0.04097068,0.466918127,-0.087747032,0.930077738,0.996347488,68.7,142.9
Cpped1,39.39162448,0.076159672,0.865647476,0.087980008,0.929892565,0.996347488,30.8,70.9
Crabp2,6.264176377,-0.165381719,1.7046067,-0.097020456,0.92271015,0.996347488,6.2,11
Cstf2t,74.39751322,0.037142747,0.41947618,0.088545545,0.929443087,0.996347488,58.9,132.7
Cyb561d2,73.82386265,-0.056287827,0.602684305,-0.09339521,0.925589596,0.996347488,49.1,137.5
Dido1,273.1050038,0.023611961,0.260431739,0.090664681,0.927759035,0.996347488,176.6,482.3
Dpp3,257.1381611,0.02591295,0.296067207,0.087523877,0.930255107,0.996347488,223.3,452.3
Dpy19l4,77.10027021,0.058328284,0.667980317,0.087320363,0.930416868,0.996347488,54.9,137
Dpy30,193.000609,0.032327104,0.36122302,0.089493477,0.928689737,0.996347488,181.5,338.6
Dzip3,78.42405052,-0.060599052,0.635782768,-0.095314084,0.924065356,0.996347488,51.2,139.2
E4f1,94.88960376,-0.036040024,0.392855241,-0.091738687,0.926905659,0.996347488,69.6,169
Efnb2,6.722059335,0.154932473,1.604708039,0.096548699,0.923084799,0.996347488,6.2,10.8
Eif3m,189.6261852,0.035625963,0.411586972,0.086557556,0.931023204,0.996347488,184.7,332.8
Eral1,40.88632453,-0.075085202,0.847586066,-0.088587112,0.929410051,0.996347488,39.4,79.6
Erbb3,9.349929077,-0.134882521,1.418620382,-0.095080067,0.924251231,0.996347488,10.9,16
Erf,17.91455148,-0.070011479,0.809687664,-0.086467267,0.931094976,0.996347488,9.9,31
Etfdh,95.35904416,0.05765458,0.612820554,0.094080689,0.925045061,0.996347488,80.1,163
Extl2,17.79529051,-0.080492052,0.892778728,-0.090159017,0.928160852,0.996347488,19.8,32.6
Fam118a,56.02788171,0.037539241,0.420293664,0.089316694,0.928830227,0.996347488,35.2,100.3
Fam124b,3.808857833,0.217908196,2.364832481,0.092145299,0.926582598,0.996347488,2.1,8.3
Fanci,16.57395259,0.130499832,1.434255153,0.090987878,0.927502223,0.996347488,11.1,30.8
Frs3,4.340556938,0.212209689,2.301417634,0.092208248,0.926532585,0.996347488,4.8,6.1
Gipc1,95.60723732,-0.050392487,0.550376433,-0.091560037,0.927047604,0.996347488,71.8,174.2
Glb1,85.34326831,-0.033515391,0.382474373,-0.087627808,0.9301725,0.996347488,74.5,153.5
Gm10029,11.78118248,-0.117693132,1.297537441,-0.090704999,0.927726999,0.996347488,8.2,20.7
Gm14056,5.306064417,0.171908072,1.900555735,0.090451476,0.927928452,0.996347488,6.7,8.7
Gm15467,10.51813115,0.095089422,1.068715443,0.088975435,0.929101433,0.996347488,11.6,18.1
Gm28659,1.969721099,0.107309207,1.147963741,0.093477871,0.925523929,0.996347488,2.1,3.3
Gm37392,9.373505113,0.102791563,1.072688453,0.095826111,0.923658679,0.996347488,7.6,15.7
Gm40304,9.867780321,0.185935426,2.139353235,0.08691198,0.930741477,0.996347488,3.5,17.3
Gm45342,178.1907302,0.049289269,0.544452436,0.090529982,0.92786607,0.996347488,139.1,309.4
Gm47071,23.43077586,-0.128292809,1.310552856,-0.097892129,0.92201795,0.996347488,15.6,44.1
Gm49602,87.15640026,-0.048442552,0.542585241,-0.089280999,0.928858594,0.996347488,63.3,157.8
Gm5963,50.50941265,0.039734302,0.452082913,0.087891625,0.929962813,0.996347488,51.7,94
Gm7799,7.547967155,0.112894942,1.221615298,0.09241448,0.926368735,0.996347488,6.9,13.1
Gm9993,27.66741222,0.103390372,1.174851308,0.088002942,0.929874338,0.996347488,21.5,51.1
Grsf1,113.394513,-0.04209005,0.451239766,-0.093276465,0.925683929,0.996347488,89.4,206.6
Gsto2,8.102973453,0.18843963,2.00960524,0.093769476,0.92529228,0.996347488,9.8,10.6
Gstz1,22.32585713,-0.102958585,1.045227034,-0.098503561,0.921532445,0.996347488,24.2,43.1
Heatr3,105.9626853,-0.047389628,0.491862983,-0.096347213,0.923244815,0.996347488,88.5,197
Hexa,161.8824657,-0.041317301,0.471878177,-0.087559254,0.930226989,0.996347488,161.9,280.8
Hic2,14.9616042,-0.116060132,1.281208627,-0.090586443,0.927821205,0.996347488,17.2,27.3
Hsd11b1,229.0818144,-0.027545765,0.302510262,-0.091057293,0.927447067,0.996347488,163.2,431.4
Il1b,329.2557582,-0.064109071,0.68432437,-0.093682286,0.925361542,0.996347488,333.8,540
Ilrun,311.9914055,-0.022250968,0.225137076,-0.098832979,0.921270883,0.996347488,242.2,547.6
Kat7,251.8652865,-0.020977468,0.233773287,-0.089734239,0.928498407,0.996347488,190.9,467.2
Kdm5c,210.6712151,-0.022442074,0.259573867,-0.08645737,0.931102843,0.996347488,173.9,362.4
Klc2,23.02551676,0.064059752,0.701322218,0.091341399,0.927221324,0.996347488,22,39
Lifr,3.227183309,0.191157569,2.017588438,0.094745571,0.92451692,0.996347488,20.4,4.7
Lockd,98.67459665,-0.037412881,0.421367572,-0.088789179,0.929249458,0.996347488,92.2,175.7
Maged2,9.660192529,0.117974454,1.301109335,0.090672206,0.927753056,0.996347488,7.2,16.9
Maneal,4.711441607,-0.21814292,2.240093253,-0.097381178,0.922423691,0.996347488,5.6,9.5
Mapk1ip1l,166.5969235,-0.035658387,0.399126406,-0.089341088,0.928810841,0.996347488,103.5,309.1
Mapkbp1,60.55785793,0.056027202,0.602912164,0.092927636,0.925961051,0.996347488,44,102.4
Micos13,235.6020603,-0.023901158,0.255705953,-0.093471262,0.925529179,0.996347488,194.1,426.6
Mlf1,16.08869427,-0.128391635,1.404555152,-0.091410889,0.92716611,0.996347488,9,27.9
Mmd,177.2588013,0.032553944,0.35570335,0.091519925,0.927079475,0.996347488,144.8,308.9
Mrpl1,67.09503577,-0.073137428,0.813989739,-0.089850553,0.928405975,0.996347488,51,113.3
Mrpl3,117.1686048,-0.040012213,0.448637025,-0.089186158,0.928933966,0.996347488,92.7,210.8
Myg1,102.251391,-0.049027109,0.503559651,-0.097361075,0.922439656,0.996347488,84.1,192.9
Ndufs5,25.10047016,0.113722982,1.152856917,0.098644489,0.921420545,0.996347488,32.1,44.8
Nfkbid,360.7522102,-0.01885699,0.217732005,-0.086606421,0.930984362,0.996347488,265.5,647.7
Nfya,53.41123899,-0.047399226,0.507619845,-0.09337544,0.925605302,0.996347488,41.5,94.8
Nipa2,101.2288735,-0.043413082,0.490417576,-0.088522688,0.929461253,0.996347488,71.8,176.8
Nnt,55.60546178,0.055000564,0.563193627,0.097658356,0.922203584,0.996347488,52.7,98.1
Orai2,276.5745997,-0.027547213,0.285861643,-0.096365547,0.923230255,0.996347488,181.6,506.3
Pdrg1,164.3841937,-0.038046466,0.398925389,-0.095372387,0.924019048,0.996347488,151.1,298.4
Pfkfb4,18.74049274,-0.123872178,1.428418444,-0.086719812,0.930894228,0.996347488,22.1,28.3
Phxr4,291.3323744,-0.028879816,0.333324603,-0.086641718,0.930956304,0.996347488,201.5,528.9
Pigyl,43.02137488,-0.061242571,0.675558269,-0.090654757,0.927766921,0.996347488,35.6,85.3
Pitpnm1,228.2141435,0.030488403,0.347248882,0.087799859,0.93003575,0.996347488,153.1,394.6
Pld1,2.57108622,-0.236599046,2.475631831,-0.095571176,0.923861158,0.996347488,8.2,4.2
Ppil1,99.19636101,0.045517359,0.470926587,0.096654894,0.923000461,0.996347488,74.9,174.2
Prkcd,218.3194411,-0.04013412,0.408868477,-0.098158997,0.921806041,0.996347488,203.7,391.2
Prmt1,29.64107046,-0.070183776,0.785614492,-0.089336152,0.928814764,0.996347488,17.3,51.3
Psmd7,283.1640101,-0.023996196,0.260269374,-0.092197542,0.926541091,0.996347488,255.7,508.6
Pvrig,16.53643268,-0.106577717,1.104706693,-0.096476031,0.92314251,0.996347488,11.7,29
Ralb,66.43234497,0.061875289,0.713625686,0.086705523,0.930905586,0.996347488,60.3,113.8
Rap1gds1,274.7649714,0.021706866,0.236885989,0.091634232,0.926988653,0.996347488,218,492.1
Rin1,9.348862798,0.182507279,1.980712241,0.092142248,0.926585022,0.996347488,14.4,14.6
Ripor3,8.530218679,-0.162872651,1.815467103,-0.089713909,0.928514562,0.996347488,7.7,16.2
Rnf122,27.93554987,0.084727328,0.913328033,0.092767686,0.926088123,0.996347488,23.5,47.9
Rnf8,113.150807,-0.04370841,0.503430941,-0.086821064,0.930813744,0.996347488,75.6,199.8
Rpl31-ps13,3.019425064,-0.096109442,1.040165144,-0.092398253,0.926381627,0.996347488,5.1,5.8
Rpusd4,54.82031347,0.050620474,0.522677142,0.096848455,0.922846743,0.996347488,45.3,93.4
Sh2d5,9.101923175,-0.174761466,1.995828816,-0.087563354,0.930223729,0.996347488,4.6,14.2
Sirt5,21.9194718,-0.107281321,1.106360619,-0.096967769,0.92275199,0.996347488,15.2,37.1
Slc15a3,60.48505059,-0.070938835,0.774096034,-0.091640871,0.926983377,0.996347488,50.8,96.5
Smarca5,369.2349951,-0.027391835,0.303593123,-0.090225478,0.928108038,0.996347488,286.5,670.5
Snhg9,73.61253446,-0.03721941,0.398290194,-0.093447969,0.925547684,0.996347488,68.6,135.5
Snu13,36.43075542,0.059234633,0.598569376,0.098960347,0.921169754,0.996347488,36.1,64.7
Suclg1,179.5826594,0.024552797,0.265281916,0.092553602,0.926258206,0.996347488,129.3,314.9
Tbcel,139.2514417,0.03602006,0.386892754,0.093100892,0.925823409,0.996347488,127.8,240.7
Tbpl1,109.2749197,0.037898738,0.434112336,0.087301685,0.930431715,0.996347488,83,189.9
Tert,4.591997706,0.154809209,1.712358336,0.090407017,0.927963781,0.996347488,4.8,8
Tfrc,246.2169866,0.025817833,0.275237889,0.093801887,0.925266533,0.996347488,180.5,429.8
Tgif1,397.2697988,-0.029124069,0.329466297,-0.08839772,0.929560573,0.996347488,272.8,725.6
Tifa,21.12454898,-0.108134561,1.097911667,-0.09849113,0.921542315,0.996347488,13.6,36
Tmem183a,155.2431721,0.034817746,0.369078097,0.094337069,0.924841404,0.996347488,118,272.2
Tmem268,57.81964295,0.05089194,0.581314894,0.087546252,0.930237323,0.996347488,54.2,105.1
Tpm3-rs7,844.2541356,-0.026182397,0.280366419,-0.093386351,0.925596633,0.996347488,720.4,1499.6
Traf5,219.893576,0.03679414,0.377762844,0.097400103,0.922408663,0.996347488,172.9,383.1
Wdfy4,10.1092739,-0.129023942,1.401415532,-0.09206687,0.92664491,0.996347488,12.5,18.1
Wdr53,18.79160229,-0.09058127,0.978775374,-0.092545514,0.926264632,0.996347488,17,37.5
Zfp276,23.21070673,0.095787095,1.08063787,0.088639402,0.929368493,0.996347488,20.3,43.5
Zfp316,6.298135334,0.137752379,1.455014772,0.094674214,0.924573601,0.996347488,5.2,10.9
Zfp52,145.2432701,-0.033105103,0.34848197,-0.094998037,0.924316386,0.996347488,97.6,257.8
Zfyve26,102.9144934,0.035526842,0.410719859,0.086498964,0.93106978,0.996347488,87.7,184.3
4930581F22Rik,162.08546,-0.024576653,0.285475242,-0.086090313,0.931394624,0.996469129,109.2,285.3
4933424G05Rik,5.283329662,0.215317355,2.502522595,0.086040124,0.931434521,0.996469129,3,8
Anapc4,181.4973163,-0.024228232,0.285168877,-0.084960998,0.932292398,0.996469129,118.6,317.7
Ap5z1,41.31590964,-0.062671033,0.73609359,-0.085140033,0.932150064,0.996469129,27.1,70.8
Cnih4,160.0437962,-0.036301123,0.425970434,-0.085219818,0.932086636,0.996469129,144.6,281.6
Eno1b,5.088154671,-0.076841466,0.904219717,-0.084980967,0.932276522,0.996469129,4.1,9
Exoc3l,8.339865231,0.125115413,1.46682685,0.085296648,0.932025556,0.996469129,7.6,13.6
Gm5111,3.11191667,0.207721624,2.42504419,0.085656841,0.931739212,0.996469129,2.7,4.7
Klhl12,138.5826198,0.035349195,0.41588252,0.084998031,0.932262956,0.996469129,98.2,238
Lig3,32.77288326,0.066771298,0.786606176,0.084885296,0.932352582,0.996469129,32.3,55.5
Mrpl17,90.45636863,-0.046615254,0.548383303,-0.085004874,0.932257516,0.996469129,80.1,163.7
Mrpl36,145.5489593,0.045820838,0.536453859,0.085414312,0.931932015,0.996469129,127.2,260.2
Ndufb8,145.3694166,-0.03253512,0.380928528,-0.085410038,0.931935413,0.996469129,123.9,269
Tango2,79.00459361,-0.038296326,0.447343276,-0.085608364,0.93177775,0.996469129,55.3,134.8
Tnfrsf18,501.3752856,-0.015437658,0.181759708,-0.084934433,0.932313517,0.996469129,355.1,899.3
Tsga10,25.58108718,-0.082483233,0.965022887,-0.085472826,0.931885498,0.996469129,21.7,40.9
Ublcp1,40.2898649,-0.059318984,0.700055505,-0.084734687,0.932472319,0.996521209,34.9,72.1
Arhgap21,35.64303811,-0.060374271,0.719518921,-0.08390922,0.933128609,0.996557208,29.1,59.2
Asb8,79.00092876,0.05139002,0.608782089,0.084414475,0.932726899,0.996557208,63.1,138.2
Clec4a2,11.91030629,-0.130970985,1.556353996,-0.084152439,0.932935232,0.996557208,13.9,18.6
Faf2,178.4066225,-0.023751578,0.28214087,-0.0841834,0.932910616,0.996557208,123.3,314.6
Fbxl3,168.4772314,0.030567662,0.363256048,0.084149079,0.932937904,0.996557208,125.4,301.1
Gm16618,15.21682706,-0.159032933,1.899459712,-0.083725352,0.9332748,0.996557208,7.4,29.5
Gtf2ird1,51.75964171,-0.063349685,0.749796709,-0.084489147,0.932667531,0.996557208,53.1,92.6
Pigm,99.59363131,-0.044825499,0.535100919,-0.083770177,0.93323916,0.996557208,82.7,182.2
Plxdc2,11.8686507,0.124828081,1.487157217,0.083937381,0.933106219,0.996557208,7.4,22.6
Rpain,48.48591813,0.047991883,0.573312178,0.083709862,0.933287116,0.996557208,35,85.9
Ube2s,28.64963337,-0.075444939,0.896955067,-0.084112284,0.932967158,0.996557208,29.1,52.6
Gpr137,41.82600427,0.065618071,0.787265917,0.08334931,0.933573793,0.996607083,27.3,67.8
Gpr180,39.82489001,0.051400439,0.618885627,0.083053212,0.933809229,0.996607083,33.6,72.9
Iba57,28.61045044,-0.086992887,1.048229336,-0.082990319,0.933859237,0.996607083,19.6,53
Khdrbs1,241.0485391,0.032183632,0.385973478,0.083383015,0.933546993,0.996607083,225.7,432
LTO1,68.83756601,-0.042272448,0.507703717,-0.083262041,0.933643182,0.996607083,57.9,130.3
Mecp2,229.3251321,-0.02286179,0.275473234,-0.082990968,0.933858721,0.996607083,163,424.4
Spag5,67.90243356,-0.052575144,0.633919532,-0.082936622,0.933901935,0.996607083,52.1,127.6
Ywhaz,1813.531602,-0.010060481,0.120481383,-0.083502373,0.933452091,0.996607083,1477.6,3217.9
Akap10,106.48511,0.03404288,0.411245697,0.082779907,0.934026546,0.996631618,69.7,187.4
Gm5805,17.52764406,0.047142737,0.569844769,0.082729087,0.934066956,0.996631618,14.4,28.4
Actr2,1420.099594,0.007947788,0.100234768,0.079291732,0.936800583,0.996684211,1089.9,2516.4
Bcl2l1,226.1719705,-0.027532452,0.347983551,-0.07911998,0.936937191,0.996684211,173.8,410.6
Ccdc138,18.14670061,0.089453143,1.116386195,0.080127417,0.936135917,0.996684211,12.3,30.7
Cfap45,2.504383366,0.18402789,2.294143361,0.080216386,0.936065158,0.996684211,1.3,7.3
Dhodh,41.15957619,-0.057713954,0.730580224,-0.078997422,0.937034674,0.996684211,31,78.3
Dnajc9,399.5504415,0.020038439,0.251338283,0.079726966,0.936454412,0.996684211,278.4,707.8
Eif5a2,27.58944664,-0.088256178,1.099591632,-0.080262686,0.936028334,0.996684211,17.7,48.7
Eipr1,182.6034242,0.022166152,0.279551783,0.079291758,0.936800562,0.996684211,146.4,320.7
Fah,25.13978983,0.091953377,1.165130073,0.078921126,0.93709536,0.996684211,10.9,40.5
Fam234a,25.95166809,-0.067021882,0.81518695,-0.082216579,0.93447449,0.996684211,28.5,48.1
Foxp3,3.81345772,-0.228986115,2.83802966,-0.080684891,0.935692553,0.996684211,7.2,8.7
Gm19366,2.977972925,-0.195289533,2.434365061,-0.080221959,0.936060726,0.996684211,5.8,4.7
Gm19427,13.17158912,0.130607169,1.631723383,0.080042469,0.936203479,0.996684211,12.6,23.1
Gm27003,10.85299162,0.098042963,1.210135857,0.081018146,0.935427522,0.996684211,9.4,17.6
Gm2962,2.72292753,-0.09298641,1.157919891,-0.080304701,0.93599492,0.996684211,1.9,4.9
Gm37328,5.477443731,0.161095796,2.037201164,0.07907702,0.936971362,0.996684211,6.6,10.8
Gm38034,25.00645048,0.071219706,0.88389403,0.080574938,0.935779998,0.996684211,19.6,43.7
Gm44835,36.26511476,0.067074666,0.848943635,0.079009564,0.937025016,0.996684211,34.6,62.5
Gm48382,32.34172777,0.061390011,0.752472403,0.081584402,0.934977205,0.996684211,22.2,57.5
Gm48604,9.0215222,-0.118341098,1.50208559,-0.078784524,0.937204014,0.996684211,10.8,17
Homer1,63.42748953,-0.049037539,0.607200535,-0.080760039,0.935632789,0.996684211,51.3,116.3
Ino80e,76.25044877,0.058574094,0.741606357,0.078982729,0.93704636,0.996684211,68,122
Lrrc42,61.75298172,-0.052074298,0.646827292,-0.080507267,0.935833817,0.996684211,50,111.2
Naa20,159.0886022,0.028317027,0.35434634,0.079913418,0.936306118,0.996684211,113.6,274.3
Nagk,45.23833075,-0.063126868,0.801734159,-0.078737905,0.937241096,0.996684211,57.3,81.9
Pkn3,3.603077388,-0.168941229,2.093011809,-0.080716807,0.935667171,0.996684211,3.8,8.3
Qpctl,30.29036264,0.0589861,0.729114347,0.080901028,0.935520662,0.996684211,23.6,48.3
Ralbp1,442.4905039,-0.012972624,0.158218807,-0.081991667,0.93465334,0.996684211,369.6,801.5
Rfxap,105.1892669,-0.035109161,0.42771835,-0.082084766,0.934579307,0.996684211,72.6,189.4
Rpl10-ps3,13.02081252,0.046797958,0.593067642,0.078908298,0.937105563,0.996684211,11.1,22.8
Rpl30,1347.480668,-0.014721838,0.181575261,-0.081078437,0.935379574,0.996684211,1105.7,2372.3
Slc39a11,39.32233159,0.061923576,0.78136556,0.079250455,0.936833413,0.996684211,42.1,61.5
Ssr2,269.6731652,0.019212898,0.235793792,0.081481779,0.935058815,0.996684211,245,476.5
Tcf20,210.7420489,-0.027482919,0.33883713,-0.081109525,0.935354851,0.996684211,171.5,376.8
Tgfb1i1,7.213416659,0.126207978,1.600422218,0.078859176,0.937144635,0.996684211,8.5,11.6
Tmed5,450.8587939,0.014281627,0.175599602,0.081330634,0.935179012,0.996684211,362.2,790.9
Tmem69,6.83830589,-0.163318923,1.989276884,-0.082099644,0.934567477,0.996684211,4.6,12
Tnfrsf21,11.77728368,-0.107281935,1.322909849,-0.081095424,0.935366065,0.996684211,12.2,20.2
Trim39,130.2474327,-0.039619518,0.487912968,-0.081202019,0.935281294,0.996684211,82.8,239.9
Ttc16,20.79603979,0.077406129,0.942536296,0.082125356,0.93454703,0.996684211,12.7,34.8
Ugdh,158.9271359,0.033715283,0.408679523,0.082498097,0.934250631,0.996684211,127.2,272.7
Usp19,302.9873483,0.020912229,0.263407589,0.07939114,0.936721515,0.996684211,237.6,538.6
Ust,52.52933348,0.039967497,0.497860181,0.080278556,0.936015713,0.996684211,36.1,91.3
Zfp7,35.33138399,0.059144738,0.740446745,0.079877099,0.936335004,0.996684211,26.1,59.6
4930528J11Rik,8.451204629,0.152769761,1.96108079,0.077900799,0.937906964,0.996894094,7,15.4
A930001M01Rik,28.86524758,-0.076335706,0.981447593,-0.077778688,0.938004099,0.996894094,18.1,56
Ankrd35,13.58033048,0.141654392,1.817066245,0.077957748,0.937861663,0.996894094,5.5,20.7
Cs,345.3431792,0.012860072,0.165119675,0.077883339,0.937920853,0.996894094,265.6,618.9
Gm42874,5.649173526,0.161109427,2.071166554,0.077786804,0.937997643,0.996894094,8.2,9.4
Gm49359,17.4678077,-0.075651284,0.970379697,-0.077960497,0.937859476,0.996894094,13.3,33
Katnal1,25.3649552,0.076947718,0.989732079,0.077746008,0.938030096,0.996894094,28.2,45.6
Lman2l,56.50586841,0.053748735,0.691870875,0.077686078,0.938077769,0.996894094,39.9,105.2
Ufc1,205.7847269,0.021346533,0.273668153,0.078001524,0.937826841,0.996894094,157,367.8
Cxcl16,125.9888097,-0.07815061,1.007478302,-0.077570515,0.938169698,0.996916297,137.4,189.7
Cryz,13.90663715,-0.085420419,1.113813485,-0.076691852,0.938868687,0.996919798,17,25.7
Gm16177,8.852904787,-0.089554534,1.16799977,-0.076673417,0.938883352,0.996919798,5.4,16.3
Gm5614,5.034799384,0.128194284,1.657887408,0.077323878,0.938365895,0.996919798,5.9,8.6
Hinfp,80.26112588,0.026750293,0.346981131,0.077094374,0.938548468,0.996919798,61.5,140.7
Mrpl12,50.0911041,0.047171856,0.613877177,0.076842498,0.938748842,0.996919798,44.1,82.1
Samm50,237.0844359,0.018754488,0.243152316,0.077130616,0.938519638,0.996919798,211.6,421.2
Taf2,151.2471898,0.02947792,0.383849742,0.076795466,0.938786258,0.996919798,132.4,265
Tsg101,209.3722215,-0.022296221,0.287815335,-0.077467107,0.938251958,0.996919798,163.5,381
Zc3hav1l,23.21091934,-0.095263111,1.238815677,-0.076898535,0.938704263,0.996919798,23.4,44.3
Zkscan7,9.223535441,-0.096632066,1.258952295,-0.076755939,0.938817703,0.996919798,9.1,15.7
Cysltr1,14.26625145,0.118545313,1.552010964,0.07638175,0.939115389,0.997015309,20.9,21.8
Mrps17,100.8613978,0.035157908,0.460237783,0.076390747,0.939108231,0.997015309,95.2,177.4
Cyb5r3,160.7663446,0.035066893,0.459992396,0.076233637,0.939233222,0.99706498,163.3,281.4
1700066M21Rik,19.49927781,0.080120163,1.319683569,0.060711647,0.951588856,0.997103806,19.7,35.5
1810043G02Rik,31.70618959,0.034850042,0.784845209,0.044403713,0.964582602,0.997103806,24.9,54.9
2310026L22Rik,4.867654358,-0.118882649,2.460941475,-0.048307792,0.961470945,0.997103806,6.1,9.1
2410004B18Rik,44.91640208,0.052969651,0.783963958,0.067566436,0.946130774,0.997103806,41.2,80.1
2810429I04Rik,16.57476706,-0.072905607,1.596407681,-0.045668539,0.96357444,0.997103806,12.7,25.1
4930596I21Rik,5.748575702,-0.085317084,1.992967933,-0.04280906,0.965853742,0.997103806,5.5,12.3
5430437J10Rik,4.536272496,0.106798614,2.481373992,0.043040112,0.965669559,0.997103806,6.3,7.4
5830432E09Rik,26.12428216,-0.030331441,0.674271026,-0.04498405,0.964120023,0.997103806,20.9,47.9
5930420M18Rik,13.83760544,-0.064424154,1.389311368,-0.046371286,0.963014323,0.997103806,7.9,24.8
6720475M21Rik,21.31519887,0.072670246,1.030324544,0.070531413,0.943770699,0.997103806,22,35.1
9430018G01Rik,2.457238428,-0.155620274,2.920967813,-0.053276956,0.957511241,0.997103806,1.2,6.4
9530018F02Rik,4.230921182,0.106014868,1.796488211,0.059012282,0.952942326,0.997103806,10.1,6.9
9930012K11Rik,12.87317379,-0.084623577,1.546149908,-0.054731806,0.95635213,0.997103806,14.4,22.9
A430090L17Rik,32.44150994,0.053571324,1.02284316,0.052374915,0.958229961,0.997103806,21.6,55.5
Aar2,33.42232714,0.047453517,0.884933857,0.053623801,0.957234894,0.997103806,31.4,59.6
Abcb4,8.548052342,-0.128778673,1.730711994,-0.074407916,0.94068581,0.997103806,4.2,15
AC107773.1,6.129518963,0.135891168,2.24351087,0.060570764,0.951701058,0.997103806,3.6,12.9
AC132253.6,5.750267703,-0.075801948,1.691016569,-0.04482626,0.964245794,0.997103806,7.7,11.1
AC166172.4,3.099442607,-0.133511437,1.993104439,-0.066986674,0.946592312,0.997103806,11.5,5.4
Acacb,4.60527418,-0.109816181,2.257485745,-0.048645349,0.96120193,0.997103806,2.3,8.4
Acvrl1,14.62615429,-0.081361502,1.834313698,-0.044355283,0.964621206,0.997103806,23.6,21.6
Adgre5,749.9996751,-0.012256869,0.187581814,-0.065341456,0.947902136,0.997103806,539.1,1331.5
Adnp2,49.73208625,-0.034631083,0.681293034,-0.050831406,0.959459864,0.997103806,40.7,82.9
Aggf1,172.7416733,0.013283624,0.227344334,0.058429536,0.953406489,0.997103806,137.3,304.5
Agpat3,299.0389858,0.018888311,0.265564434,0.071125151,0.943298151,0.997103806,215.9,540.7
Agpat5,103.724575,0.04371443,0.745092078,0.058669836,0.953215086,0.997103806,104.8,172
Alg9,37.43710284,0.041353058,0.861730882,0.047988367,0.961725514,0.997103806,48.8,75.1
Alyref2,27.26769143,-0.049967048,0.850414198,-0.058756131,0.95314635,0.997103806,22.7,47.8
Anks3,123.7146912,-0.020327058,0.412717492,-0.049251747,0.960718673,0.997103806,80.3,222.8
Anxa4,52.0436815,0.059476254,0.796271881,0.0746934,0.940458659,0.997103806,63.3,90.8
Ap3m2,145.3681549,0.024102982,0.425838492,0.056601229,0.954862855,0.997103806,95.9,257
Apol10b,9.055767213,-0.108861158,1.694283447,-0.064252034,0.948769546,0.997103806,10.5,15
Arhgap26,149.0323575,0.020613443,0.502285327,0.04103931,0.967264557,0.997103806,133.8,265.7
Arhgap9,910.0181841,-0.011318117,0.167950018,-0.067389791,0.946271396,0.997103806,680.9,1636.2
Arrdc2,24.15316504,-0.037918058,0.782775533,-0.048440525,0.961365163,0.997103806,17.3,43.6
Arv1,22.86654782,-0.06550859,1.09009944,-0.060094142,0.952080656,0.997103806,17.1,34.8
Atg13,105.729589,-0.02514931,0.462185858,-0.054413845,0.956605448,0.997103806,80.8,189.9
Atp5g3,1260.054789,-0.010476189,0.143119463,-0.073198912,0.941647832,0.997103806,1019,2251.5
Atp5l,49.46485117,-0.03724548,0.759119125,-0.049064077,0.960868231,0.997103806,29.1,89.7
Atrnl1,8.891408009,0.084547312,1.722162056,0.049093703,0.960844622,0.997103806,12.6,13.2
Atxn7l1os1,31.71831581,-0.079313198,1.163201925,-0.068185236,0.945638179,0.997103806,25.9,62.9
B230369F24Rik,4.110372731,-0.097505439,1.588325069,-0.061388844,0.951049537,0.997103806,7.6,6.2
Baiap2l1,15.56762759,0.061609873,1.25562889,0.049066944,0.960865946,0.997103806,11.5,28.5
Banp,110.769116,-0.016859611,0.366790156,-0.045965277,0.963337925,0.997103806,72.5,193.9
Bfar,268.7853659,0.014720806,0.349884239,0.042073362,0.966440215,0.997103806,193.1,469.7
Bola3,163.4119311,0.018884991,0.351076172,0.053791718,0.957101108,0.997103806,125.8,283.4
C030006K11Rik,40.84143874,-0.044812177,0.642110162,-0.069788923,0.944361664,0.997103806,32.6,79.5
C5ar2,8.388357579,-0.100899121,2.167185936,-0.046557667,0.962865772,0.997103806,11.8,12.2
C9orf72,26.29071755,-0.054920268,0.868821264,-0.063212389,0.949597379,0.997103806,16.6,49.2
Cacybp,161.0505733,0.018286837,0.314404689,0.058163371,0.953618497,0.997103806,110.5,285.2
Casp6,86.20399901,0.029515745,0.492187921,0.059968447,0.952180765,0.997103806,73.3,151.4
Cbr1,54.31851816,0.025294307,0.552338947,0.0457949,0.963473724,0.997103806,40.9,93.2
Ccdc115,89.41404976,-0.03218389,0.47173917,-0.068223909,0.945607395,0.997103806,84.1,166.9
Ccdc71,28.32055526,0.055487108,0.731538646,0.075849865,0.939538544,0.997103806,23.3,47.4
Ccdc71l,70.55682395,0.05399883,0.838432603,0.064404497,0.948648149,0.997103806,62.2,131.3
Ccdc92,76.30484976,0.027512541,0.526184667,0.052286855,0.958300127,0.997103806,70.7,137.3
Ccna2,170.0587804,0.024775336,0.477213545,0.051916665,0.958595095,0.997103806,137.6,321.6
Cd180,2.154170358,-0.101322704,1.885395903,-0.053740811,0.957141667,0.997103806,10.5,10.9
Cd4,32.10873134,-0.063272644,0.887776952,-0.071270879,0.943182171,0.997103806,23.5,63.2
Cd72,30.8546442,-0.056028386,0.985315005,-0.056863425,0.95465399,0.997103806,33.4,54.8
Cd9,84.98919353,-0.045861364,0.637120218,-0.071982276,0.942616013,0.997103806,102.1,155.5
Cdc34,150.7186189,-0.020719141,0.384124315,-0.053938634,0.956984056,0.997103806,119.1,270.2
Cdkn1c,4.895074596,0.175785522,2.764003886,0.063598146,0.949290208,0.997103806,1.8,7.5
Cenpk,50.07177032,0.057074186,0.768035812,0.074311881,0.940762223,0.997103806,38.5,82.1
Cfap54,10.71961659,0.116387035,1.655309119,0.07031136,0.943945841,0.997103806,12.6,18.9
Cfap77,2.465474857,0.163589677,2.732191503,0.059874894,0.952255276,0.997103806,7.3,4.8
Cmklr1,34.86107802,0.072786269,1.007161296,0.072268731,0.942388048,0.997103806,38.1,58.2
Cnn2,1772.371357,0.012388909,0.165198466,0.074994094,0.940219411,0.997103806,1349.9,3141.4
Cnnm3,86.22795024,-0.032740317,0.613395234,-0.053375565,0.957432674,0.997103806,65.7,145.3
Cog6,66.29443777,-0.039515618,0.690473949,-0.057229702,0.954362218,0.997103806,60.7,118.3
Colgalt1,76.16904943,0.017146218,0.411424283,0.04167527,0.966757568,0.997103806,61.2,134.7
Cope,359.5354908,0.01368088,0.193593241,0.07066817,0.943661854,0.997103806,288.1,616.6
Coro1a,2743.451845,-0.005146198,0.120837547,-0.04258774,0.966030168,0.997103806,2040.2,4872.5
Ctdspl,5.401829156,-0.101189305,1.846465812,-0.054801613,0.956296515,0.997103806,8,9.4
Cxxc5,21.9538732,0.072982873,1.038314575,0.070289751,0.943963039,0.997103806,23.3,34.6
D030028A08Rik,37.60119185,0.062584178,0.850437734,0.073590547,0.941336193,0.997103806,37.7,67.8
Dennd6b,35.86220194,0.039069081,0.769423567,0.050777079,0.959503156,0.997103806,26.7,64.1
Dgat2,4.507064675,0.124775917,2.032190019,0.06139973,0.951040868,0.997103806,5.3,8.1
Dlgap1,2.321262724,0.158449809,2.920714224,0.054250364,0.956735695,0.997103806,7.3,11.3
Dop1b,164.0338716,0.018821601,0.273474967,0.068823854,0.945129831,0.997103806,134.4,290.5
Dram2,81.70216558,0.035759465,0.634263706,0.05637949,0.955039495,0.997103806,60.7,144.1
E030022I16Rik,103.4030408,0.026040497,0.534225544,0.048744388,0.961123001,0.997103806,77.8,190.4
Ecd,178.9838466,-0.023991527,0.395025419,-0.060734134,0.951570947,0.997103806,153.8,312.8
Ect2l,3.440222673,-0.151659215,2.667209444,-0.056860632,0.954656215,0.997103806,3.8,6.2
Edc3,110.8917806,0.038508459,0.522161825,0.073748132,0.941210799,0.997103806,104.3,192.6
Eef1akmt2,67.41003177,-0.040055101,0.607978483,-0.065882431,0.947471428,0.997103806,55.6,117
Efcab14,292.5144967,-0.017990411,0.433473418,-0.041502916,0.966894968,0.997103806,196.3,519.5
Ercc8,28.42098412,-0.054686703,1.096328189,-0.049881691,0.960216668,0.997103806,36.2,51.3
Ets1,2345.252497,-0.008161731,0.138153426,-0.059077299,0.95289054,0.997103806,1704.8,4271.9
Exoc1,132.8998954,0.022664039,0.345896559,0.065522591,0.94775792,0.997103806,103.8,237.3
Exosc10,204.877025,-0.017495139,0.427162765,-0.04095661,0.967330487,0.997103806,175.8,362
F2r,410.8428623,-0.010791867,0.242005552,-0.044593468,0.964431349,0.997103806,340.1,750.2
F3,5.924855386,-0.102203378,2.180686069,-0.046867534,0.962618804,0.997103806,8.2,9.7
Fam110a,175.7209039,0.011990693,0.289167641,0.041466234,0.966924211,0.997103806,124.4,317.2
Fam199x,66.86372117,-0.036172087,0.654957805,-0.055228118,0.955956728,0.997103806,39.6,122.5
Fbxl6,185.327388,0.012189897,0.260426966,0.046807354,0.962666768,0.997103806,139.3,320.9
Fbxo28,160.9996847,0.025288282,0.523768186,0.04828144,0.961491946,0.997103806,120.6,281.2
Fbxo4,85.74721543,0.043167383,0.584314127,0.073877014,0.941108246,0.997103806,81,150.3
Fbxw9,20.11747809,-0.063978917,1.104103627,-0.057946478,0.953791261,0.997103806,10.1,38.7
Fgfbp3,8.537568523,0.101813893,1.693482549,0.060121017,0.952059251,0.997103806,7,15.8
Flcn,128.7240397,-0.027650488,0.574267648,-0.04814913,0.961597392,0.997103806,105.3,227.5
Frg1,246.9474247,-0.021561549,0.302580967,-0.071258776,0.943191804,0.997103806,205.8,440.4
Fundc1,83.87178198,0.035113529,0.633309119,0.055444534,0.955784318,0.997103806,78.1,152.5
G630030J09Rik,2.094014176,0.140308202,2.09371868,0.067013875,0.946570657,0.997103806,2,4
Gcat,18.51017785,-0.064271149,1.241047548,-0.051787821,0.95869776,0.997103806,26.8,36.4
Gde1,53.60258013,0.042809268,0.68800917,0.062221944,0.950386088,0.997103806,47.6,89.9
Gdpd5,45.32937907,-0.042757933,0.600903972,-0.071156016,0.943273587,0.997103806,45.8,75.9
Gimap9,397.6154114,0.013402001,0.240507449,0.055723852,0.955561798,0.997103806,308.7,695.2
Gins3,26.22976528,-0.060527566,0.854784028,-0.070810361,0.943548685,0.997103806,26.9,51.8
Git1,132.6485112,0.012485249,0.303928323,0.041079585,0.96723245,0.997103806,117.6,233.8
Glod4,137.6933704,0.021133583,0.348329763,0.060671196,0.951621072,0.997103806,117.4,242
Gm10138,9.973066831,-0.104631857,1.784975826,-0.05861808,0.953256309,0.997103806,5.8,18
Gm10814,5.079001628,0.135260861,2.24631966,0.060214432,0.951984852,0.997103806,2.9,9.6
Gm11707,7.157664918,0.083456663,1.572346315,0.053077787,0.95766993,0.997103806,9,12.8
Gm11969,11.39294067,0.074248989,1.557034042,0.04768617,0.961966357,0.997103806,4.9,20.1
Gm12338,2.232005082,0.050749708,1.012419969,0.050127131,0.960021079,0.997103806,1.6,3.8
Gm12346,13.20956679,-0.072867496,1.207755199,-0.060333001,0.951890419,0.997103806,6.4,22.7
Gm12466,2.939095335,0.062143791,1.079013632,0.057593147,0.954072709,0.997103806,1.7,6.1
Gm12981,4.660129585,-0.162429842,2.757316797,-0.058908662,0.953024859,0.997103806,5.1,9.1
Gm13092,4.164612981,-0.052962112,0.850211068,-0.062292899,0.950329584,0.997103806,2.9,7.3
Gm15859,20.23869845,-0.069010211,1.350527774,-0.051098698,0.959246874,0.997103806,11.6,32.6
Gm20735,10.04505645,-0.071528442,1.166709481,-0.061307843,0.951114044,0.997103806,9,15.5
Gm2238,17.31258944,0.074080257,1.463137143,0.05063111,0.959619473,0.997103806,15.5,30
Gm26522,212.7625295,0.014663793,0.318175574,0.046087111,0.963240819,0.997103806,148.6,364.3
Gm26767,58.75759025,0.038143464,0.612429334,0.062282229,0.95033808,0.997103806,46.1,105
Gm31597,45.38017246,0.034561156,0.541857572,0.063782731,0.949143229,0.997103806,38.9,77.6
Gm37283,2.721468687,0.164978085,2.916107679,0.056574758,0.954883943,0.997103806,1.1,7.9
Gm38140,8.199452833,-0.125648414,2.048058011,-0.061350027,0.95108045,0.997103806,8.9,12.6
Gm42585,7.186988683,-0.111510476,2.166001794,-0.051482172,0.958941308,0.997103806,8.1,15
Gm42759,5.434759591,0.117345995,2.231774776,0.052579676,0.958066811,0.997103806,7.8,10
Gm42856,8.183101433,0.083719391,1.595315688,0.05247826,0.958147618,0.997103806,6.8,14.8
Gm42890,6.898850771,0.099961594,2.196444095,0.045510648,0.963700288,0.997103806,3.6,12.3
Gm43196,10.81573566,0.07987915,1.524147717,0.052409061,0.958202755,0.997103806,9.8,18.5
Gm43420,14.75550318,0.074070106,1.50074301,0.049355623,0.960635893,0.997103806,12.2,27.2
Gm43465,2.320676456,-0.068060675,0.916746688,-0.074241528,0.940818202,0.997103806,1.9,8
Gm43588,10.7035005,0.05911895,1.341681335,0.044063332,0.964853921,0.997103806,4.8,18.3
Gm43768,8.928487985,-0.089455435,1.76428914,-0.050703387,0.959561878,0.997103806,4.7,14
Gm44093,55.30446794,-0.039072713,0.650157327,-0.060097321,0.952078124,0.997103806,34.7,99.6
Gm45220,108.5811235,-0.030577675,0.46786415,-0.065355885,0.947890648,0.997103806,86.5,194.9
Gm47139,11.19854829,-0.089459224,1.676421423,-0.053363207,0.95744252,0.997103806,15.7,19.4
Gm47322,13.00064606,-0.100753975,2.084268825,-0.048340202,0.961445116,0.997103806,8.3,21.9
Gm47572,29.89927169,-0.050403792,0.989855275,-0.050920365,0.959388978,0.997103806,14.7,55.4
Gm47580,6.847798005,-0.145674822,2.005360837,-0.072642698,0.942090448,0.997103806,4.7,13
Gm47957,2.290033616,0.118618495,2.532361501,0.046841059,0.962639904,0.997103806,1.3,9.9
Gm47963,9.317691187,0.109675845,1.941660249,0.056485601,0.954954966,0.997103806,13.3,16.8
Gm48298,5.342978376,0.156310405,2.474643516,0.063164817,0.949635261,0.997103806,2.9,9.5
Gm48571,7.477665328,0.164905757,2.205771757,0.074761025,0.940404853,0.997103806,4.6,11.8
Gm49189,1.971757322,0.160324063,2.92688507,0.054776344,0.956316647,0.997103806,7.5,8.6
Gm4948,2.001571126,-0.070850942,1.06454853,-0.06655492,0.946936035,0.997103806,1.5,3.8
Gm5054,7.241627673,0.061795026,1.452816453,0.042534641,0.966072497,0.997103806,4,11.2
Gm5586,5.329266741,-0.068166812,1.242461428,-0.054864329,0.95624655,0.997103806,7.6,10.4
Gm5621,7.501472216,0.056330315,1.317455677,0.042756895,0.965895325,0.997103806,7,11.6
Gm6563,11.26786847,0.055662756,0.978962724,0.056858913,0.954657584,0.997103806,10.6,18.6
Gnai3,344.2758988,0.013896409,0.323404241,0.042969161,0.965726117,0.997103806,307.1,624.1
Gne,102.5479019,-0.019673751,0.467365858,-0.042094968,0.966422991,0.997103806,90.9,182.3
Golga1,99.04028178,0.026978241,0.493375139,0.054680991,0.956392614,0.997103806,85.4,173.7
Golph3l,39.78233122,0.031238746,0.650566122,0.048017789,0.961702066,0.997103806,27.3,69.6
Gpbp1l1,204.2824265,-0.010232731,0.251261736,-0.040725387,0.967514823,0.997103806,150.2,363.9
Gpd1l,67.12847497,-0.033743717,0.577942711,-0.05838592,0.95344123,0.997103806,54,123.7
Grcc10,119.6303813,-0.032309168,0.475939919,-0.067884972,0.945877201,0.997103806,119,211.8
Grhl2,6.787609702,0.185497926,2.633240658,0.07044473,0.943839691,0.997103806,8.4,13.8
Grpel1,175.9423755,0.025227828,0.419116702,0.060192849,0.952002041,0.997103806,186.2,310.4
Gstcd,46.34003759,0.050107947,0.78117866,0.064144029,0.948855544,0.997103806,39.5,77.6
Gtpbp10,15.91973324,0.069053433,1.110653763,0.062173681,0.950424521,0.997103806,19.3,26.7
Hacd3,283.7230297,0.018741313,0.303875529,0.061674307,0.950822201,0.997103806,190.6,490
Hace1,88.95479754,0.021758908,0.542593138,0.040101702,0.968012045,0.997103806,70.2,147.4
Haus1,43.48795082,-0.039650112,0.687198474,-0.057698196,0.953989031,0.997103806,36.7,82.3
Hipk3,191.7061336,0.031816822,0.437364612,0.072746677,0.942007704,0.997103806,149.7,335.3
Hist1h4n,13.7795117,-0.065288252,1.369414553,-0.047676032,0.961974436,0.997103806,11.4,25.2
Hk3,23.65789435,-0.064886056,1.235959769,-0.052498518,0.958131476,0.997103806,32.3,36.6
Hmgn2,22.66041161,-0.041204704,0.960469764,-0.042900574,0.965780791,0.997103806,25.5,43.3
Hmmr,92.71035136,0.026900925,0.54961829,0.048944741,0.960963334,0.997103806,55.4,157.3
Hmox1,3.701246822,0.054617984,1.25846084,0.043400622,0.965382182,0.997103806,4.7,7.5
Hnrnpa3,103.3878923,0.012979368,0.242870085,0.053441608,0.957380054,0.997103806,87.3,182.3
Hsd17b4,104.1713978,-0.025454503,0.48877249,-0.052078427,0.958466202,0.997103806,87.4,176.4
Hsdl1,92.61315387,0.034808496,0.550274746,0.063256575,0.949562194,0.997103806,74.7,158.2
Htatsf1,225.0275563,-0.016776163,0.316638927,-0.052981997,0.957746252,0.997103806,194.5,392.7
Hus1,48.72305549,-0.043961956,0.790425787,-0.055618069,0.95564607,0.997103806,35.8,91.1
Ifi204,102.7647358,-0.039150452,0.666572815,-0.058733946,0.953164021,0.997103806,95.7,175.7
Igbp1,234.2778435,0.015376847,0.290879938,0.052863207,0.9578409,0.997103806,186,402.5
Igip,37.09669526,0.050929097,0.764074735,0.066654602,0.946856677,0.997103806,31.7,66.1
Il10rb,213.1222466,0.012161835,0.277523508,0.043822721,0.965045716,0.997103806,170.8,372.5
Ilvbl,143.2893277,0.026439002,0.40845803,0.064728809,0.948389924,0.997103806,111.7,252.9
Impad1,288.9548004,-0.012302744,0.231993832,-0.053030479,0.957707623,0.997103806,245.8,511.5
Impdh1,308.2328145,0.013719596,0.214499218,0.063961052,0.949001239,0.997103806,242.2,545.9
Ing5,161.5481044,0.023750858,0.329933977,0.071986699,0.942612493,0.997103806,119.7,283.7
Ino80c,79.38265811,-0.022458347,0.439327364,-0.051119845,0.959230023,0.997103806,73.2,145.7
Iqcn,6.249712642,0.103294843,1.527699681,0.067614627,0.946092412,0.997103806,18.8,10.7
Irak2,154.3971656,0.028293802,0.476593312,0.059366763,0.952659986,0.997103806,112,274.3
Jagn1,93.43857715,-0.032022631,0.556554236,-0.057537306,0.95411719,0.997103806,66.4,168.5
Kcnab1,4.79526079,-0.130959621,2.466223929,-0.053101269,0.95765122,0.997103806,5.6,9.6
Kctd5,132.3649552,0.012486238,0.27800837,0.044913172,0.964176518,0.997103806,117.4,236.3
Kdelr2,236.7200124,-0.023612028,0.373880726,-0.063153905,0.94964395,0.997103806,238,428.1
Kif18b,26.54510445,-0.049311283,0.984400932,-0.050092682,0.960048531,0.997103806,20.4,52.7
Klf5,2.323538065,-0.135110109,2.756219271,-0.049020087,0.960903288,0.997103806,2.5,5
Klhl15,38.28970996,-0.045630949,0.98843304,-0.046164937,0.963178789,0.997103806,35.5,70.3
Klhl18,119.9782155,-0.033049095,0.564673143,-0.058527833,0.953328193,0.997103806,83.6,217.7
Kmt2a,1947.289709,0.008446554,0.141740621,0.059591625,0.952480889,0.997103806,1349.1,3467
Ksr1,64.94126243,0.025784498,0.455853269,0.056563152,0.954893188,0.997103806,47.6,121
Kyat3,15.44948253,0.123381719,1.771216758,0.069659299,0.944464837,0.997103806,11.6,23.3
Leng1,58.39452829,0.050441499,0.710424704,0.071001894,0.943396248,0.997103806,38.9,105.2
Lgi2,15.17383248,0.069013052,1.603144643,0.04304855,0.965662832,0.997103806,10.5,26.1
Lif,3.212109153,0.10990841,2.708824269,0.040574212,0.967635343,0.997103806,11,10.6
Lmbr1,4.54692219,-0.144819615,1.974066704,-0.073361055,0.941518808,0.997103806,6.6,8.6
Lrrc20,32.07702778,-0.06684461,1.004579365,-0.066539899,0.946947993,0.997103806,26.7,60.7
Lrrc25,8.893398233,-0.105123187,1.490742792,-0.070517321,0.943781915,0.997103806,13,14.2
Lrrc56,7.379837785,0.118274037,1.825925554,0.064774841,0.948353273,0.997103806,5.1,12.8
Lrrc73,9.945888198,-0.072665589,1.370133215,-0.053035419,0.957703687,0.997103806,8.5,20.9
Lsm5,158.9772462,-0.027758902,0.476756737,-0.058224458,0.953569839,0.997103806,132.1,285.1
Ltb,188.3931717,-0.016515951,0.272894372,-0.060521405,0.951740369,0.997103806,139.5,330.9
Ltbr,12.90308759,0.07711979,1.491909,0.05169202,0.958774096,0.997103806,14,19.2
Lypla1,162.6338547,-0.021652138,0.427948915,-0.050595145,0.959648131,0.997103806,114.3,305.9
Map9,21.68142023,0.064759704,1.158219688,0.055913144,0.955411,0.997103806,9.3,39.4
Mbnl2,470.1729077,0.010722772,0.204863995,0.05234093,0.958257041,0.997103806,411.6,822.6
Mboat1,51.05236755,0.047940751,0.828490516,0.057865178,0.95385602,0.997103806,33.3,88.5
Mcfd2,61.83463306,-0.052164205,0.842430295,-0.061921093,0.95062567,0.997103806,60.5,115.1
Mdh2,540.3058752,0.01093429,0.179909368,0.060776659,0.951537079,0.997103806,409.1,946.9
Med16,59.86423995,-0.025885011,0.597457919,-0.043325245,0.965442267,0.997103806,41.4,103.9
Med22,82.76172151,-0.021998754,0.433633918,-0.050731164,0.959539743,0.997103806,61.7,147.7
Med27,75.89419114,0.034907714,0.572031567,0.061024105,0.951340012,0.997103806,61.4,128.2
Med7,26.56905655,-0.06196832,1.185877219,-0.052255258,0.958325303,0.997103806,16.8,52.6
Men1,56.81203517,0.031989525,0.608408925,0.052578987,0.95806736,0.997103806,51.7,100.2
Mettl18,11.99648842,0.13283829,1.811891932,0.073314687,0.941555704,0.997103806,7.5,23
Mettl27,4.826650668,0.099226254,1.342820067,0.073893931,0.941094785,0.997103806,4.2,9.2
Mfsd6,249.3922792,0.012264676,0.213953976,0.057323899,0.954287183,0.997103806,194.5,436.6
Mga,405.448072,0.018036438,0.289399368,0.062323696,0.950305059,0.997103806,293.9,704.5
Mindy3,321.2113512,-0.012077231,0.208898792,-0.05781379,0.953896954,0.997103806,233.6,581.6
Mmp11,5.478891866,0.135961189,2.231262513,0.060934645,0.951411258,0.997103806,7.1,10.2
Mon2,218.4899957,-0.030683346,0.407021228,-0.075385125,0.939908294,0.997103806,156,386.4
Morf4l2,141.3913259,0.027984402,0.383517769,0.072967681,0.941831836,0.997103806,130.6,257.3
Mpnd,87.09476731,-0.027026896,0.398417421,-0.067835628,0.945916482,0.997103806,64.3,159.9
Mrnip,5.873961584,0.116412348,1.874734941,0.062095364,0.950486889,0.997103806,6.6,8.9
Mrpl10,55.59114573,0.040394723,0.628242296,0.064297999,0.948732946,0.997103806,47.5,98.9
Mrpl33,210.0619968,-0.01552786,0.295896546,-0.052477329,0.958148359,0.997103806,182,357.6
Mthfd2l,11.73320838,0.100255087,1.374959538,0.072914936,0.941873808,0.997103806,6.6,22
Mtmr6,199.2685007,0.022659503,0.377810177,0.059975895,0.952174833,0.997103806,165.6,354.7
Mvk,17.04970439,-0.065071488,0.97866535,-0.06649003,0.946987695,0.997103806,14,31
Mypopos,39.93376209,-0.045863557,0.706294011,-0.064935504,0.948225352,0.997103806,29.1,69.7
Naa25,88.15162198,-0.038789124,0.571459058,-0.067877346,0.945883273,0.997103806,73.5,156
Ncf1,174.4826128,-0.031523521,0.479993756,-0.065674856,0.947636692,0.997103806,161.2,304.4
Neto2,8.103292629,0.093912618,1.689138359,0.055597943,0.955662103,0.997103806,4.3,13.6
Nkiras2,46.66971966,-0.058271466,0.805057034,-0.072381786,0.94229808,0.997103806,35.3,89.8
Nle1,30.79562946,-0.049570817,0.905391167,-0.054750718,0.956337063,0.997103806,19.8,51.1
Nmnat2,25.95559702,0.044543332,1.107851555,0.04020695,0.967928137,0.997103806,25.2,48.3
Nmrk2,3.674917712,-0.203228399,2.869942922,-0.070812697,0.943546826,0.997103806,7.9,6.3
Nol12,72.15145273,0.040860639,0.579500666,0.07051008,0.943787677,0.997103806,44.7,127
Nol4l,10.54388018,-0.094196961,1.525300601,-0.061756326,0.950756884,0.997103806,14.3,19.9
Nolc1,237.8528215,-0.024983574,0.335757608,-0.074409554,0.940684507,0.997103806,201.5,428.8
Nop16,49.66144475,0.035058298,0.714543534,0.049063907,0.960868367,0.997103806,46,85.7
Nop56,139.106151,0.015341442,0.334408043,0.045876415,0.963408753,0.997103806,110.4,255.9
Nos2,15.52949263,-0.088370987,1.40263022,-0.063003766,0.949763505,0.997103806,20.3,24.2
Npdc1,12.67494812,0.071600461,1.35599767,0.052802791,0.957889038,0.997103806,15.1,22.9
Npff,8.302115601,0.096579876,1.709978431,0.056480172,0.954959291,0.997103806,6.4,13.8
Nr2f6,15.58207016,-0.074378231,1.53803137,-0.048359372,0.961429838,0.997103806,17.8,26
Nrxn3,4.578162917,0.063027746,1.1798433,0.053420438,0.957396921,0.997103806,4,7.4
Ntn1,9.606009538,0.08326766,1.991924467,0.041802619,0.966656047,0.997103806,15.5,16.7
Nusap1,213.2985895,-0.01630482,0.373416443,-0.043663905,0.965172312,0.997103806,161.7,379.4
Oas1c,38.40991611,-0.035461984,0.569757651,-0.06224047,0.950371334,0.997103806,27.2,67.7
Odc1,287.0809511,0.015593408,0.277257695,0.056241571,0.955149365,0.997103806,204.6,496.8
Olfr101,11.72943707,-0.112832687,1.588337069,-0.071038251,0.943367313,0.997103806,7.4,20.3
Orc1,25.96541347,0.060330846,0.998670883,0.060411139,0.951828187,0.997103806,20.2,45.1
Orc5,53.79312846,0.026858971,0.576462773,0.046592725,0.962837831,0.997103806,44.7,92.7
Osbpl9,142.3208667,0.019184791,0.345782904,0.055482185,0.955754323,0.997103806,108.1,251
Ost4,212.7035692,0.015429432,0.304952778,0.050596136,0.959647342,0.997103806,188.1,368.1
Otud1,18.44186276,0.079592377,1.14436246,0.06955172,0.944550466,0.997103806,11.9,34.1
Pars2,13.52336745,-0.053571633,1.312471054,-0.040817382,0.967441482,0.997103806,5.8,25.7
Pck2,42.98467021,-0.033127257,0.81746558,-0.040524344,0.967675099,0.997103806,40.3,76.6
Pde1c,4.113102443,0.079342486,1.178404855,0.067330413,0.946318665,0.997103806,4.2,9.1
Pdp2,82.96552645,-0.036585407,0.683117768,-0.053556515,0.957288503,0.997103806,59.3,150.5
Pdxk,22.92461617,0.058559185,1.057340934,0.055383446,0.955832983,0.997103806,18.8,37.4
Pdzd2,34.53478281,-0.03099578,0.757014229,-0.040944778,0.967339919,0.997103806,30.7,67.3
Peg13,72.6935255,-0.017611237,0.439351162,-0.040084648,0.968025641,0.997103806,53.1,127.5
Pepd,56.42326446,0.030739952,0.736953525,0.041712199,0.966728129,0.997103806,62.4,98.9
Per2,10.72002891,-0.114744634,1.879683169,-0.061044667,0.951323636,0.997103806,5.3,20.5
Pex11b,108.9328508,0.019615644,0.431999403,0.045406646,0.963783184,0.997103806,83.2,185.1
Pfdn2,302.3044039,0.015955258,0.278005091,0.057391962,0.954232966,0.997103806,246.5,515.5
Pfkp,1102.933078,-0.00699675,0.174653542,-0.040060739,0.968044703,0.997103806,853.3,1956.1
Phf21b,43.1707467,-0.0400195,0.86736942,-0.046138934,0.963199514,0.997103806,31.3,82.4
Pigk,88.26686069,-0.018174591,0.332189053,-0.05471159,0.956368236,0.997103806,63.8,157.3
Pigo,57.37164948,0.021952076,0.491701612,0.044645117,0.96439018,0.997103806,50.1,103.5
Pla2g15,53.83737881,0.043808223,1.027496662,0.042635878,0.965991795,0.997103806,57,81.8
Pld4,124.9463573,-0.045354355,0.727072294,-0.06237943,0.950260676,0.997103806,134.8,203.9
Pmel,7.297055262,-0.079903917,1.309109865,-0.06103683,0.951329877,0.997103806,8.2,13.9
Pogk,114.1927891,-0.024353124,0.41869345,-0.058164569,0.953617543,0.997103806,94.7,205.8
Polg,72.22841421,0.041851471,0.58368688,0.071701922,0.942839126,0.997103806,66.8,127
Polq,17.71654652,-0.07637053,1.132626319,-0.067427826,0.946241118,0.997103806,19.8,35.2
Pop1,62.0209151,-0.027398084,0.669294009,-0.040935798,0.967347079,0.997103806,53.2,105.8
Ppm1f,35.67532629,0.028478881,0.60687962,0.046926738,0.962571617,0.997103806,34.6,65.9
Ppp1r11,232.4633831,0.009863224,0.212262262,0.046467159,0.96293791,0.997103806,167.6,405.6
Pqbp1,255.3298695,-0.015196976,0.342783023,-0.044334097,0.964638093,0.997103806,183.5,452.9
Prdm11,32.67762856,0.031361587,0.639421864,0.049046785,0.960882012,0.997103806,34.2,60.1
Prkag2,35.43570861,-0.045126596,0.790076161,-0.057116767,0.95445218,0.997103806,29.4,65.1
Prkar2b,13.77775899,-0.079291951,1.411351335,-0.056181582,0.955197153,0.997103806,11.2,26.7
Prkce,65.64506019,-0.040976597,0.55256213,-0.074157447,0.940885105,0.997103806,46.7,128.7
Prkd2,310.0424297,0.009056673,0.191300662,0.04734261,0.962240168,0.997103806,217.4,538.8
Prpf6,274.5636636,0.016108229,0.244195713,0.065964423,0.94740615,0.997103806,200.8,477.4
Pskh1,85.13757444,0.030285533,0.521117562,0.058116509,0.953655825,0.997103806,60.5,164.2
Psmd9,119.6801459,0.019299666,0.384619085,0.050178649,0.959980025,0.997103806,99.6,203.2
Ptpn5,71.53670443,-0.030102922,0.630034322,-0.047779813,0.961891725,0.997103806,59.2,132.8
Pura,577.3915671,-0.011425322,0.175184601,-0.065218757,0.947999827,0.997103806,436,1026.9
Qars,294.5058168,-0.011082396,0.25215049,-0.043951515,0.964943052,0.997103806,233.9,516.2
Rab10,561.7781683,-0.009952211,0.139399229,-0.071393584,0.943084516,0.997103806,415.9,992.9
Rabgap1,196.3915333,0.023824994,0.375060201,0.063523119,0.94934995,0.997103806,135.9,350.3
Raph1,274.5800125,0.024337604,0.41291749,0.0589406,0.95299942,0.997103806,225.4,474.9
Rara,174.4273947,-0.017722129,0.275357034,-0.064360547,0.948683144,0.997103806,134.8,312.2
Rbbp5,117.1723895,0.027604044,0.411369309,0.067102829,0.946499842,0.997103806,93.9,210
Rbm34,197.7917948,-0.017638392,0.247891698,-0.071153621,0.943275493,0.997103806,152.5,355.1
Rfesd,43.60510649,-0.037742928,0.800554009,-0.047146011,0.962396856,0.997103806,40.4,81.3
Ring1,47.81459004,-0.041249932,0.672546507,-0.061333947,0.951093256,0.997103806,47.4,85.5
Rmi1,95.62648126,0.026218986,0.49999421,0.052438579,0.958179234,0.997103806,67.7,162
Rpl28,31.47573787,0.042141653,0.671196632,0.062785852,0.949937032,0.997103806,22.7,54.2
Rpl31-ps8,29.39461848,0.016341365,0.365796188,0.044673416,0.964367623,0.997103806,24.9,54.2
Rpl37,417.3289694,0.014217948,0.200330352,0.070972509,0.943419635,0.997103806,349.8,725.9
Rpp38,10.2897425,-0.085362111,1.705581213,-0.050048693,0.960083585,0.997103806,6.6,17.6
Rps2-ps11,5.593542175,0.049001467,0.994139321,0.049290342,0.960687916,0.997103806,5.1,10.6
Rps6kc1,32.84763696,-0.051443981,0.860304552,-0.059797406,0.952316991,0.997103806,23.2,53.9
Rps6kl1,30.97431757,0.041109068,0.955567917,0.043020561,0.965685143,0.997103806,21.7,50.3
Safb2,492.8880235,-0.012694532,0.225151516,-0.056382174,0.955037357,0.997103806,347.5,878.3
Sars2,24.92488304,-0.042643589,1.061542669,-0.040171338,0.967956528,0.997103806,22.3,46.6
Sbno2,352.4409156,-0.011294474,0.247670561,-0.04560281,0.963626829,0.997103806,267.2,637.5
Sco1,59.66336454,-0.02528357,0.611738145,-0.041330707,0.967032254,0.997103806,40.9,102.1
Scp2,89.16250371,-0.020542524,0.507711042,-0.040461053,0.967725556,0.997103806,71.3,165.2
Selenom,20.65047264,-0.058676114,1.194798097,-0.049109648,0.960831915,0.997103806,26.6,36.7
Setd1b,405.979098,-0.01134461,0.245094926,-0.046286597,0.963081822,0.997103806,299.4,698.7
Sf3a2,70.19628913,-0.035656784,0.547762406,-0.065095347,0.948098085,0.997103806,51.4,135.4
Siva1,173.1451371,0.018218714,0.302503546,0.060226448,0.951975281,0.997103806,126,306.4
Skap1,959.8057795,0.005679091,0.126253975,0.044981486,0.964122066,0.997103806,713.6,1719.7
Slc10a1,13.03853045,-0.10608855,1.578982427,-0.067187923,0.946432099,0.997103806,8.9,24.6
Slc16a2,5.368889447,0.121965556,2.709903857,0.045007337,0.964101461,0.997103806,6.5,9.9
Slc25a14,19.9143782,-0.060003102,1.05729555,-0.056751494,0.954743154,0.997103806,14.7,34.2
Slc25a44,97.0967854,0.037060519,0.491121713,0.075460967,0.939847953,0.997103806,76.1,170.7
Slc27a3,4.141520714,0.112647311,2.264239717,0.049750612,0.960321124,0.997103806,5,8
Slc30a4,28.10501614,-0.046845764,0.920286305,-0.050903467,0.959402443,0.997103806,31.1,50.2
Slc30a9,309.394728,0.019974686,0.33084538,0.060374686,0.95185722,0.997103806,185.8,545.2
Slc31a2,20.36489879,0.048037447,0.825699581,0.058177875,0.953606944,0.997103806,22.8,34.5
Slc35f2,13.75281581,0.088908508,1.296672586,0.06856666,0.945334558,0.997103806,15.8,27.2
Slc38a1,1050.206744,-0.008442797,0.182626226,-0.046229927,0.963126989,0.997103806,823.6,1875.6
Slc41a3,12.97850177,-0.086145826,1.463072984,-0.05888006,0.95304764,0.997103806,12.6,23.4
Slc49a4,48.65128009,-0.045818806,0.885840553,-0.051723536,0.958748983,0.997103806,47.3,88
Smarcal1,62.09065013,0.023686917,0.563543869,0.042032073,0.96647313,0.997103806,60.7,109.4
Snhg17,57.05901927,-0.036016528,0.493694164,-0.072953118,0.941843425,0.997103806,49.3,103.6
Snrnp27,262.2976166,0.010545379,0.241121426,0.043734723,0.96511586,0.997103806,221.3,461.6
Snx1,215.3638523,-0.020435235,0.269926922,-0.075706548,0.939652567,0.997103806,171.6,390.2
Srp68,243.7144373,0.012224789,0.23609286,0.051779581,0.958704326,0.997103806,210.4,422.5
Srsf7,794.4724756,0.01179246,0.201229413,0.058602071,0.953269061,0.997103806,609.6,1416.2
Stab1,24.86920682,-0.079013962,1.402309977,-0.056345575,0.955066513,0.997103806,19.5,37.9
Stap1,284.5781118,-0.017050796,0.254821353,-0.066912742,0.946651169,0.997103806,204.4,491.5
Strap,283.6921884,-0.022150341,0.377591364,-0.058662203,0.953221165,0.997103806,233.8,515.2
Suox,199.8611667,0.025831315,0.346139601,0.074626871,0.940511594,0.997103806,126.3,356.6
Sympk,48.54679059,-0.029083116,0.563872138,-0.051577501,0.958865347,0.997103806,35.7,89.4
Telo2,39.04765762,0.031768359,0.699094258,0.045442168,0.96375487,0.997103806,39.5,70.8
Tfap2a,5.392757554,-0.089235415,1.687503566,-0.052880134,0.957827413,0.997103806,32.2,8.8
Tfpt,43.48806984,-0.023933333,0.471361695,-0.050774878,0.959504909,0.997103806,30.9,77.7
Timm13,255.8422732,-0.022746476,0.338787266,-0.067140883,0.946469547,0.997103806,213.8,453.1
Tmbim6,1555.777377,0.007492442,0.113187895,0.066194726,0.947222796,0.997103806,1195,2777
Tmem205,20.71545218,-0.090155426,1.369624438,-0.065824925,0.947517212,0.997103806,20.2,35.6
Tmem29,45.22450001,-0.052235018,0.733917744,-0.07117285,0.943260189,0.997103806,29.1,85.7
Tmem39a,125.1090674,0.020537576,0.398236578,0.051571295,0.958870292,0.997103806,99.7,216
Tnfsf9,24.60392756,0.041893677,0.863289827,0.04852794,0.961295498,0.997103806,19.4,41.1
Tnnt1,16.69899989,-0.078718496,1.263733097,-0.062290444,0.950331538,0.997103806,9.6,26.7
Tnpo2,178.0126478,-0.009496988,0.228151315,-0.041625829,0.966796983,0.997103806,138.9,323.7
Top1,1098.842417,0.008936757,0.140033198,0.063818846,0.949114472,0.997103806,865.6,1944.9
Tor2a,147.1299858,0.030819892,0.472418343,0.065238558,0.947984061,0.997103806,105.7,260.2
Traf3ip3,404.0639973,-0.007870222,0.181642567,-0.04332807,0.965440015,0.997103806,290.1,722
Trim21,93.71968997,0.044557233,0.652433609,0.068293896,0.945551683,0.997103806,86.8,171.2
Trim24,218.3223888,0.013029026,0.305004514,0.042717486,0.965926741,0.997103806,187.3,372.4
Trim3,22.1543954,-0.037118791,0.837110837,-0.044341549,0.964632153,0.997103806,22.1,41.4
Trim68,46.17683271,0.044505547,0.888602966,0.050084851,0.960054772,0.997103806,48.1,75.5
Trmt12,7.653613591,-0.086726264,1.716946895,-0.050511908,0.95971446,0.997103806,22.9,13.6
Trub2,48.08165957,-0.048618253,0.670032273,-0.072561062,0.942155413,0.997103806,42.9,88
Tshz1,484.2806335,0.010888663,0.203434657,0.053524131,0.957314304,0.997103806,342.7,844.3
Tstd3,101.1316604,0.036960656,0.597742281,0.061833766,0.950695214,0.997103806,74.3,178.7
Ttl,25.22280243,0.0520697,1.004022395,0.051861094,0.958639375,0.997103806,23.4,48
Tube1,16.36291063,0.059791404,1.25506517,0.047640079,0.96200309,0.997103806,12.1,25.6
Ubl7,20.58932818,0.031404158,0.52097127,0.060280019,0.951932616,0.997103806,20.7,36.5
Ubn2,585.7592295,-0.009412916,0.222239725,-0.042354785,0.966215872,0.997103806,411,1031
Ubxn1,494.3618269,0.013327869,0.207795405,0.064139381,0.948859245,0.997103806,423.7,868.7
Ubxn2a,280.8120044,-0.017822112,0.374980895,-0.047528053,0.962092373,0.997103806,216.3,499.4
Ubxn6,2.544156079,-0.119168408,2.919262942,-0.040821403,0.967438277,0.997103806,9.3,4.2
Uhrf1,83.94756348,0.038676995,0.706612795,0.054735769,0.956348973,0.997103806,91.3,151.8
Unc45a,173.627602,-0.020935267,0.330167241,-0.063408068,0.949441563,0.997103806,120.7,300.6
Uqcr10,416.38621,0.00760885,0.171264839,0.044427394,0.964563726,0.997103806,324.6,740.2
Urgcp,69.64624075,0.046438905,0.636504148,0.072959312,0.941838496,0.997103806,52.1,119.9
Usp6nl,31.45653905,-0.068197083,1.026446052,-0.066440007,0.947027519,0.997103806,35.3,54.1
Utf1,10.01755548,0.081140415,1.394612422,0.058181336,0.953604187,0.997103806,15.9,17.5
Vac14,82.16844276,0.024095672,0.527269012,0.04569901,0.963550153,0.997103806,65.7,140.6
Vars2,37.2293262,-0.037199436,0.709634994,-0.05242052,0.958193624,0.997103806,26,67.8
Vcpip1,270.808081,0.013268078,0.243610211,0.054464374,0.956565192,0.997103806,221.3,493
Vps18,64.42062215,-0.031038738,0.688005879,-0.045114059,0.964016395,0.997103806,52.9,115.8
Wars2,36.29405465,0.052156815,0.735808224,0.070883707,0.943490311,0.997103806,27.7,64.5
Wdr44,190.5057179,-0.014649494,0.348706834,-0.042010917,0.966489995,0.997103806,114.9,344.6
Wdr54,7.007045664,0.091356374,1.833288738,0.049831962,0.960256296,0.997103806,9.3,12.2
Wdr77,82.51737108,0.02741984,0.443580076,0.06181486,0.950710269,0.997103806,77.2,146.2
Whrn,14.79622774,0.086080287,1.43720871,0.059894076,0.952239998,0.997103806,18.9,23
Yae1d1,12.4651252,-0.088619295,1.375476701,-0.06442806,0.948629388,0.997103806,10.9,22
Yars,97.0435692,-0.031852014,0.42588727,-0.074789777,0.940381976,0.997103806,85,179.5
Yes1,23.7730323,-0.073092441,1.033144017,-0.070747582,0.943598651,0.997103806,20.9,45
Zbtb45,45.56124126,-0.035324718,0.522463961,-0.06761178,0.946094678,0.997103806,46.6,82.2
Zc3h7a,674.082936,0.01890227,0.36081129,0.052388245,0.95821934,0.997103806,550.7,1232.9
Zfp182,75.95416879,-0.032788471,0.56620463,-0.057909225,0.953820935,0.997103806,50.4,136.9
Zfp266,215.0506832,-0.017057608,0.333490049,-0.051148778,0.959206968,0.997103806,138.6,378.9
Zfp46,20.92563631,-0.057903085,1.142913299,-0.05066271,0.959594292,0.997103806,16.1,41
Zfp579,48.0551605,-0.03314562,0.668107423,-0.049611214,0.960432211,0.997103806,31.5,78.3
Zfp667,20.74838838,0.081868094,1.549496015,0.052835304,0.957863132,0.997103806,11.5,30.2
Zfp94,10.96847095,-0.07390122,1.798440074,-0.041091845,0.967222676,0.997103806,8,24.8
Desi1,162.9054036,-0.018211838,0.463199983,-0.039317441,0.968637301,0.997460716,121.7,290.9
Gm17066,41.7227774,0.026867909,0.682596678,0.039361325,0.968602314,0.997460716,26.8,78.1
Gm47615,50.8232284,-0.030866821,0.786024976,-0.039269517,0.96867551,0.997460716,26.2,95
Slc25a17,111.4913878,0.019259086,0.488108979,0.039456529,0.968526411,0.997460716,103.6,203.5
Ccdc134,81.21717107,0.020147555,0.518802179,0.038834754,0.969022136,0.997621809,68.4,140
Gm43063,3.319544059,-0.05217149,1.341224395,-0.038898405,0.968971388,0.997621809,2.9,6.1
Ppil2,110.7464312,-0.016616413,0.428193936,-0.038805812,0.969045211,0.997621809,86.9,200.6
2510039O18Rik,317.2745903,0.009564949,0.249696721,0.038306266,0.969443495,0.997663447,236.4,572.8
Cdc23,33.99385407,-0.03345194,0.868097623,-0.038534768,0.969261311,0.997663447,17.6,58.4
Cygb,5.242366046,0.110757028,2.901417756,0.038173416,0.969549416,0.997663447,5.4,7.4
Dnajb9,120.4475798,0.02087922,0.547907471,0.038107201,0.96960221,0.997663447,92.5,214.2
Gltp,570.5833173,-0.009271117,0.243205962,-0.038120434,0.969591659,0.997663447,427.9,1031.9
Gm49730,12.02838781,-0.069126465,1.802472951,-0.038350903,0.969407906,0.997663447,8.3,23.6
Rrad,92.70709883,-0.016840485,0.442881104,-0.038024845,0.969667873,0.997663447,58,160.5
Usf3,178.0591219,0.01186478,0.312620843,0.037952621,0.969725458,0.997663447,116.2,327.5
Zfp729a,61.7478325,0.029162325,0.755446077,0.038602788,0.969207079,0.997663447,34.7,107.3
Eps15,202.0055327,-0.014379266,0.382355428,-0.037607066,0.970000974,0.997745929,170.4,377.2
Gm37569,34.90439015,0.041795044,1.113540939,0.03753346,0.970059662,0.997745929,32.8,65.2
Hp1bp3,1032.937147,0.004529235,0.12110442,0.037399418,0.970166537,0.997745929,780.6,1821.4
Pgap1,62.12615816,0.019975914,0.532244069,0.037531491,0.970061232,0.997745929,50,113
Pi16,7.168823358,-0.070410145,1.884917473,-0.037354498,0.970202353,0.997745929,3.5,12.5
Usp50,16.16326241,0.034361112,0.920788201,0.037317064,0.9702322,0.997745929,15.4,27.7
Ccl27a,6.633371129,0.063486375,1.721368135,0.036881347,0.970579613,0.997749446,5.7,12.7
Cul2,99.02993645,-0.015833418,0.425462459,-0.037214608,0.970313892,0.997749446,84.4,183
Dnajb13,35.38422226,0.029204879,0.795169906,0.036727847,0.970702005,0.997749446,30.2,64.6
Gm45345,21.71949325,-0.04906632,1.335836638,-0.036730779,0.970699667,0.997749446,11.2,38.5
Itga2,22.24126769,0.040573141,1.096623251,0.03699825,0.970486401,0.997749446,16.4,39.4
Nfat5,506.4363448,0.007830296,0.213425764,0.036688615,0.970733286,0.997749446,406.8,895.7
Sigirr,155.4642205,-0.017173618,0.462634364,-0.037121362,0.97038824,0.997749446,100.5,273.6
2900041M22Rik,13.43143215,0.041163885,1.405386813,0.029290075,0.976633242,0.997872211,14.2,26
6430511E19Rik,8.569156228,0.061167746,1.814994507,0.03370134,0.973115311,0.997872211,6.4,16.7
9330104G04Rik,14.30870759,-0.056688854,1.892902519,-0.029948111,0.976108436,0.997872211,17.6,24.4
9930017N22Rik,41.59496586,-0.021690401,0.691220182,-0.031379872,0.974966593,0.997872211,38.8,73
Abcd1,108.155729,-0.011971351,0.419385794,-0.028544961,0.977227509,0.997872211,93.8,188.6
Abcg2,10.89519855,-0.044867531,1.456322093,-0.030808797,0.975422025,0.997872211,13.1,20.5
Abi2,94.31288889,-0.01348099,0.479443283,-0.028118009,0.977568031,0.997872211,71.1,170.6
AC102106.1,4.331030469,0.027787736,0.881832661,0.031511348,0.974861742,0.997872211,3.7,7.2
Acox3,152.3025626,0.012361463,0.344876052,0.035843205,0.971407383,0.997872211,130.7,268.8
Acss1,138.8649289,0.014376709,0.443272215,0.032433139,0.974126635,0.997872211,93.7,238.9
Art2a,13.0825617,-0.044635931,1.328967357,-0.033586928,0.973206546,0.997872211,15.6,23.6
Atad2,712.5798804,0.006850056,0.198685921,0.034476808,0.972496936,0.997872211,522.9,1262.1
Atp5k,634.902926,-0.005834351,0.205760736,-0.028355024,0.977378996,0.997872211,549.3,1116.4
BC048403,15.14138594,0.036822752,1.216028347,0.030281163,0.97584282,0.997872211,8.4,24.7
BC085271,10.13211265,0.05873783,1.790704072,0.032801528,0.97383286,0.997872211,6,18
Bloc1s2,32.85209891,-0.025780708,0.820222808,-0.031431348,0.974925542,0.997872211,28,60.3
Brap,159.3790241,0.013514895,0.376541031,0.035892223,0.971368297,0.997872211,127.6,280.3
C1qb,333.7602862,-0.021296658,0.783810347,-0.027170678,0.978323603,0.997872211,445.7,512.7
Capn7,155.3211638,-0.016801795,0.473788241,-0.035462668,0.971710814,0.997872211,125.6,279
Carhsp1,95.80318985,0.014040983,0.477216999,0.029422637,0.976527519,0.997872211,61,169.6
Ccdc102a,59.23135639,0.016895185,0.564510719,0.0299289,0.976123757,0.997872211,53.1,106.2
Cchcr1,47.4710536,0.018463482,0.612834765,0.030127994,0.975964975,0.997872211,34.2,76.9
Cd1d2,12.20787591,-0.041584555,1.386871901,-0.029984424,0.976079476,0.997872211,8.2,23.5
Cdkl5,3.050626482,0.061539696,1.87309435,0.032854563,0.973790567,0.997872211,3.3,6.2
Clec16a,34.26678236,-0.031615951,0.914748488,-0.034562452,0.972428642,0.997872211,22.3,62.4
Cnrip1,55.96677313,0.027312357,0.989747829,0.027595268,0.977984956,0.997872211,52.9,97.6
Coro1b,24.41863829,-0.021192467,0.654353525,-0.032386877,0.974163528,0.997872211,17.7,44
D16Ertd472e,931.0547326,-0.004367646,0.135882173,-0.032142894,0.974358097,0.997872211,689.7,1638.6
Dedd,11.20002244,-0.047208423,1.632706977,-0.028914204,0.976933017,0.997872211,12.7,21.2
Dexi,65.23955831,-0.021220856,0.66867851,-0.031735514,0.974682973,0.997872211,60.7,113.9
Dhdh,11.88751026,0.052801762,1.499582938,0.035210965,0.971911519,0.997872211,7.3,18.8
Dmac2,93.06603393,0.014445431,0.542305195,0.026637088,0.978749192,0.997872211,63.6,169.5
Dnm1l,172.9969384,0.013449026,0.474903787,0.028319475,0.977407348,0.997872211,142.8,307.3
Dok2,301.7844863,-0.007311408,0.202735766,-0.03606373,0.971231543,0.997872211,230.7,539
Edf1,509.7457089,0.005230232,0.191471872,0.027315929,0.978207752,0.997872211,428.9,889
Eif4a2,545.7322161,-0.007104575,0.234498912,-0.030296837,0.975830319,0.997872211,432,979.6
Ephx1,25.72618195,0.02426525,0.878575486,0.027618856,0.977966142,0.997872211,34.2,45
F8a,58.00924346,0.020455824,0.741923857,0.027571325,0.978004052,0.997872211,47.9,104.7
Fbxl20,169.1367164,0.009438164,0.35781249,0.026377404,0.978956317,0.997872211,121.9,302.2
Fth1,3685.744915,0.007047048,0.2027688,0.034754104,0.972275818,0.997872211,3465.1,6242.6
Gm11719,10.86464584,0.044842908,1.542570077,0.029070257,0.976808558,0.997872211,8.3,19.3
Gm12732,4.465047778,-0.043796136,1.443988662,-0.030329972,0.975803893,0.997872211,6,9
Gm15799,2.253565223,-0.07792883,2.756202658,-0.028273984,0.97744363,0.997872211,3,8.3
Gm19810,40.51070171,0.01068315,0.350752791,0.030457777,0.975701966,0.997872211,35.3,70.6
Gm26668,30.80548187,0.023823392,0.861484968,0.027653869,0.977938217,0.997872211,14.5,49.9
Gm28530,8.098882576,0.045405485,1.358946383,0.033412271,0.973345824,0.997872211,9.5,14.4
Gm37262,2.860951112,0.080692429,2.407269224,0.033520318,0.973259664,0.997872211,8.6,4.6
Gm37860,13.62823892,-0.049233618,1.774233509,-0.027749232,0.977862157,0.997872211,11.4,29
Gm38082,24.57897334,-0.023138025,0.852376659,-0.027145305,0.97834384,0.997872211,19.2,40.1
Gm38604,41.85003109,-0.035138167,0.997466499,-0.035227416,0.971898401,0.997872211,20.3,71.3
Gm42507,18.16824897,-0.039112203,1.371337908,-0.0285212,0.977246459,0.997872211,16.2,29.7
Gm43031,7.685082831,-0.071659583,2.206363229,-0.032478597,0.974090384,0.997872211,2.6,12.9
Gm43201,20.1887139,0.049242019,1.405979788,0.035023277,0.97206118,0.997872211,12.4,31.2
Gm43336,68.13158209,-0.023142962,0.678532218,-0.034107388,0.972791517,0.997872211,44.4,127.1
Gm43703,11.56280986,-0.03777404,1.230910716,-0.03068788,0.975518457,0.997872211,12,21.7
Gm44044,20.13733536,-0.046830222,1.307762985,-0.035809411,0.971434329,0.997872211,15,38.8
Gm44649,5.017973756,0.077847981,2.465456662,0.031575482,0.974810597,0.997872211,4.2,9.1
Gm47705,26.99014409,0.04431136,1.438083593,0.030812785,0.975418845,0.997872211,16.9,54.4
Gm49395,10.56927817,-0.065934922,2.55029997,-0.025853791,0.979373957,0.997872211,3,16.6
Gm7072,44.12707095,0.021380388,0.794096564,0.026924167,0.978520218,0.997872211,34,80.2
Gm7299,2.304119983,0.044869773,1.38688178,0.03235299,0.974190551,0.997872211,1.6,9.5
Gm8756,3.723264707,-0.025193366,0.88779466,-0.028377469,0.977361094,0.997872211,3.7,13.7
Gpsm1,27.72492316,0.025894187,0.965482558,0.026819943,0.978603347,0.997872211,32.3,48.3
Hdac6,36.18511708,-0.024808013,0.808599022,-0.030680241,0.975524549,0.997872211,29.4,64.2
Herc2,364.1116417,0.005167449,0.196520149,0.026294753,0.97902224,0.997872211,279.9,631.7
Hist1h2ai,20.61549069,-0.054397467,1.517241747,-0.035852867,0.971399678,0.997872211,15.5,39.6
Hprt,384.3486687,0.007260661,0.232915636,0.031172921,0.975131635,0.997872211,304.8,684.3
Ifi47,875.4665384,0.005048982,0.185779321,0.027177307,0.978318315,0.997872211,677.5,1539.1
Igha,8.459251539,0.053541591,2.008616608,0.026655954,0.978734145,0.997872211,4.6,19.3
Inka2,19.93241244,0.051818684,1.58800934,0.032631221,0.973968672,0.997872211,13.4,28.3
Kctd12,86.55794614,-0.018303272,0.611010962,-0.029955718,0.976102369,0.997872211,84.8,150.8
Kif1c,101.9179791,-0.013617773,0.530085798,-0.025689753,0.979504797,0.997872211,76.1,180.8
Kif24,22.01194059,-0.035271364,1.285872071,-0.027429917,0.978116837,0.997872211,13.8,38.4
L2hgdh,2.001984873,-0.093007372,2.928432193,-0.031760125,0.974663346,0.997872211,4.4,10.1
Leprot,187.9301356,-0.009179361,0.28808887,-0.031862949,0.974581346,0.997872211,134.1,335.6
Lrrc8c,445.5401658,0.007133027,0.237816081,0.029993879,0.976071935,0.997872211,371.2,801.2
Lysmd4,28.51093954,-0.038683478,1.11286115,-0.034760381,0.972270813,0.997872211,15.3,50.1
Matk,90.73684305,-0.01232247,0.391830145,-0.0314485,0.974911863,0.997872211,81.5,151
Mblac2,23.96968957,-0.036406828,1.099969278,-0.033098041,0.973596405,0.997872211,16.8,44.4
Mgat4a,181.3615112,0.014037163,0.460523986,0.030480851,0.975683565,0.997872211,152.4,325.5
Mical1,25.38265974,0.027432608,1.06902182,0.02566141,0.979527404,0.997872211,16.9,47.1
Mmachc,3.555631427,0.06614222,2.554202248,0.025895452,0.979340728,0.997872211,9.4,8.3
Mocos,13.65671251,-0.049920515,1.777318402,-0.028087547,0.977592326,0.997872211,7.3,25.7
Mrrf,27.34004694,0.038769914,1.250300765,0.03100847,0.975262785,0.997872211,30.8,47.5
Mt1,559.5590748,-0.011090627,0.379069716,-0.029257486,0.976659233,0.997872211,649,977.8
Mx2,77.24217111,-0.01795487,0.58427335,-0.030730256,0.975484662,0.997872211,58.5,149.3
Mycbp,46.86727685,0.023664728,0.87596973,0.027015463,0.978447401,0.997872211,35.4,80.3
Naaa,26.07993062,-0.023623694,0.860521035,-0.027452779,0.978098602,0.997872211,29.2,43.2
Ncdn,110.1399787,0.012504015,0.483777093,0.025846646,0.979379656,0.997872211,94.5,203.6
Ndrg2,10.6053232,-0.028798074,1.120146014,-0.025709215,0.979489274,0.997872211,12.5,17.2
Ndufs3,60.49818192,-0.024477888,0.688642284,-0.035545142,0.971645051,0.997872211,54.2,108.7
Nipsnap2,91.01469196,0.016301288,0.461747117,0.035303497,0.971837735,0.997872211,69.7,164.9
Nktr,1218.042152,-0.003554245,0.126281001,-0.028145525,0.977546085,0.997872211,904.1,2158.3
Nsun4,148.2542348,0.009541516,0.365502082,0.026105229,0.979173406,0.997872211,101.7,261
Nup188,69.9603786,0.020234727,0.627783814,0.032231998,0.974287039,0.997872211,52.8,127.7
Opa3,97.02487537,-0.017218175,0.476355039,-0.036145675,0.971166203,0.997872211,70.9,170.2
Pcmt1,225.5978399,-0.008657092,0.29026086,-0.029825214,0.97620645,0.997872211,166.5,408.5
Pdik1l,89.95928945,-0.01561218,0.500194781,-0.0312122,0.97510031,0.997872211,70,170.5
Pdp1,18.12036084,-0.03112578,1.187950647,-0.02620124,0.979096827,0.997872211,18.1,34.8
Phpt1,5.797236948,-0.027156848,1.054156521,-0.025761685,0.979447423,0.997872211,4.8,10.8
Pkd2,17.32444975,-0.049526661,1.608383056,-0.030792827,0.975434761,0.997872211,20.8,28.4
Rbm45,44.92302449,0.019205101,0.655409758,0.029302433,0.976623386,0.997872211,40.7,73.3
Rpl41,996.9124817,-0.005866347,0.199677786,-0.029379066,0.976562268,0.997872211,850.2,1768.4
Safb,393.8323988,-0.006042455,0.211197004,-0.028610515,0.977175226,0.997872211,286,708.3
Sgk1,123.7038579,-0.013433586,0.509421029,-0.026370301,0.978961982,0.997872211,105.7,225.6
Slc25a25,43.33901602,0.027058273,0.900747726,0.030039791,0.976035319,0.997872211,37.7,74.8
Spaca6,1.980541131,0.096593589,2.926803304,0.033003102,0.973672114,0.997872211,11,9.9
Stk11,201.0700334,-0.014161014,0.391016991,-0.036215854,0.971110245,0.997872211,145.2,357.1
Taf12,131.8771298,-0.011320269,0.323734096,-0.034967801,0.972105417,0.997872211,97.4,224.5
Tfpi,7.885313261,-0.063262287,1.767976362,-0.035782315,0.971455934,0.997872211,12.1,15
Tlr2,34.49428482,-0.030306346,1.037673182,-0.029206061,0.976700248,0.997872211,35.9,62.4
Tmem267,7.169247378,0.06776797,2.027277365,0.03342807,0.973333225,0.997872211,10.3,12.3
Tmem33,145.5262885,0.011299995,0.379412901,0.029782843,0.976240242,0.997872211,134.5,253.9
Tmpo,660.7079818,0.004083027,0.15446085,0.02643406,0.978911128,0.997872211,498,1180
Togaram1,135.1180493,0.013058349,0.492616849,0.026508125,0.978852053,0.997872211,101.3,241.4
Trim25,274.288794,0.007222821,0.226127662,0.031941344,0.974518828,0.997872211,225.7,474.1
Tubg1,58.2628776,-0.016569788,0.642273055,-0.025798665,0.979417926,0.997872211,41.1,110.9
Ubn1,627.3076616,-0.006847049,0.195207888,-0.035075677,0.972019397,0.997872211,503,1151.6
Uchl3,70.63528713,-0.019108501,0.6654708,-0.028714259,0.977092484,0.997872211,53.4,120.5
Zfp58,31.37598902,0.025246482,0.767831587,0.032880234,0.973770095,0.997872211,23.8,57.9
Zfp932,24.32675751,-0.046126255,1.377208242,-0.033492578,0.973281784,0.997872211,11.2,39.8
Zfp984,31.5922249,-0.033514701,1.058859023,-0.031651712,0.974749804,0.997872211,24.2,57.8
Gm47260,45.74982064,0.020831642,0.815368366,0.025548749,0.979617265,0.99787802,31.9,72.2
Ndufb11,376.4338952,0.004997185,0.196152884,0.025475971,0.979675315,0.99787802,306.1,667.8
Abcb10,14.42814003,-0.033814986,1.351643735,-0.025017677,0.980040864,0.997960636,10.3,23.7
Chka,161.5361235,0.011019013,0.439410973,0.025076782,0.979993719,0.997960636,120.5,282.7
Ormdl1,79.94300726,-0.014859319,0.588420759,-0.02525288,0.979853258,0.997960636,54.7,140.9
Prkag1,190.5231217,-0.007712251,0.307363104,-0.025091661,0.979981852,0.997960636,145.2,341.5
Fktn,48.68435794,0.02172321,0.871544955,0.024924945,0.980114831,0.997963544,42.9,87
Arpp19,846.2666123,0.00230786,0.10849008,0.021272545,0.983028245,0.998055708,652.3,1458.7
Col5a3,13.55979851,0.0340676,1.506848287,0.022608514,0.981962553,0.998055708,47.4,21.2
Commd10,90.45190546,0.013066715,0.564145391,0.023161963,0.98152108,0.998055708,67.3,163.8
Csrnp1,638.0868796,-0.005069517,0.235046873,-0.021568111,0.982792472,0.998055708,515.1,1161.9
Fignl1,38.15044417,-0.023867619,1.128167824,-0.021156089,0.983121143,0.998055708,29.1,74
Gm11628,8.324688305,-0.046118726,2.049782563,-0.022499326,0.98204965,0.998055708,4.2,14.6
Gm26528,35.98073325,0.032872529,1.36816102,0.024026798,0.980831233,0.998055708,20,59.6
Gm38042,9.150793518,0.041831842,1.845327868,0.022669056,0.981914259,0.998055708,11.3,16.7
Gm38380,119.0525519,0.009071671,0.42196922,0.021498419,0.982848064,0.998055708,80.2,208.8
Gm48302,35.62733828,-0.024201945,1.028376351,-0.023534132,0.981224213,0.998055708,20.9,61
Gm49768,3.758771183,0.070295719,2.907640402,0.024176208,0.980712056,0.998055708,10.2,11
Gm7332,10.9754127,0.030156596,1.400514115,0.021532519,0.982820863,0.998055708,7.6,21.4
Grtp1,9.952530805,0.043690571,1.836033164,0.023796177,0.981015189,0.998055708,15.3,16.9
Gtf2a1,90.92100321,-0.011622974,0.514469721,-0.022592145,0.98197561,0.998055708,74.3,162.8
Lurap1,10.40395311,-0.045270268,2.133885901,-0.021214943,0.983074194,0.998055708,13.4,16.1
Map3k14,150.9986233,-0.009292271,0.429286274,-0.02164586,0.982730451,0.998055708,124.7,268.6
Mcee,21.44491924,0.022644111,1.052061863,0.021523555,0.982828014,0.998055708,13.3,35.5
Mmgt2,103.0849465,-0.01533619,0.646656254,-0.02371614,0.981079032,0.998055708,82.2,189.6
Mrps6,154.9201456,0.008314352,0.352609439,0.023579495,0.981188029,0.998055708,119.1,278.3
Msn,3089.921067,0.002098425,0.086671517,0.024211245,0.980684109,0.998055708,2359.1,5506
Noc3l,48.87869479,0.018120277,0.745462544,0.024307428,0.980607388,0.998055708,48.1,86.7
Prmt2,34.21695402,-0.020391682,0.883494899,-0.023080701,0.9815859,0.998055708,27.2,55.6
Rbbp9,12.81571599,0.029520769,1.259549708,0.023437558,0.981301247,0.998055708,12.9,25.4
Rexo1,233.068383,0.008009974,0.364458969,0.021977711,0.982465735,0.998055708,186.9,409.9
Rsbn1,176.4880446,0.007355609,0.299431408,0.024565255,0.980401734,0.998055708,131.4,311.4
Sfxn3,197.0672522,0.006089791,0.261538189,0.02328452,0.98142332,0.998055708,180.3,345.6
Sirt6,48.56057309,0.014843243,0.67822537,0.021885414,0.98253936,0.998055708,37,91.7
Slirp,10.01209167,0.048124136,1.954193305,0.024626088,0.98035321,0.998055708,9,19.3
Ssrp1,597.9028708,0.004664686,0.20299226,0.022979622,0.981666528,0.998055708,504.9,1047
Tlcd1,10.38214813,-0.029076264,1.336376272,-0.021757543,0.982641362,0.998055708,12.9,17.3
Tmed7,242.7853875,-0.009985304,0.446500581,-0.022363474,0.982158017,0.998055708,210.7,431.2
Tnfsf12,9.551256584,0.037964045,1.749694683,0.021697525,0.982689238,0.998055708,12.8,15.3
Trafd1,554.2172572,0.004459211,0.20180305,0.022096846,0.982370703,0.998055708,447.4,994.1
Ttll1,15.00425235,0.023926903,1.063637466,0.022495355,0.982052817,0.998055708,14.3,26.6
Txndc15,114.1388064,0.01003421,0.468158735,0.021433351,0.982899969,0.998055708,91.4,209
Ulk2,149.3242524,0.008887084,0.391970364,0.022672848,0.981911235,0.998055708,122.8,257.6
Usp4,277.6055471,0.00558252,0.261863963,0.021318399,0.982991667,0.998055708,205.5,486.5
Wsb1,301.7265445,0.00738273,0.304231127,0.024266846,0.980639759,0.998055708,251.9,539.2
Zfhx2,115.2486909,0.006673242,0.304604565,0.021907887,0.982521433,0.998055708,80.7,203.3
Zfp27,8.975413993,-0.047911113,2.126280161,-0.022532832,0.982022923,0.998055708,6.6,17.2
Zfp871,501.2616389,0.004878002,0.218601807,0.022314556,0.982197038,0.998055708,351.9,880.1
4930590J08Rik,9.54631688,-0.041524411,2.121992759,-0.019568592,0.984387519,0.99814599,6.4,15.9
Ankrd46,78.01154616,-0.015071181,0.736486643,-0.020463618,0.983673535,0.99814599,72.3,142.6
Arhgap19,22.29913577,-0.020189726,0.976997403,-0.020665076,0.983512828,0.99814599,16.4,41.3
Csnk1d,497.3682002,0.002520524,0.130858499,0.019261444,0.984632541,0.99814599,368.2,883.6
Cyp51,119.4095405,-0.006157432,0.313874555,-0.019617493,0.984348509,0.99814599,91.5,216
Echs1,108.7806024,0.010197659,0.509049536,0.020032745,0.984017251,0.99814599,92.4,184.3
Eva1b,163.8805336,-0.007560196,0.382451218,-0.01976774,0.984228653,0.99814599,127.6,284.4
Glce,12.74096512,-0.031706586,1.645604144,-0.019267444,0.984627755,0.99814599,14.4,25
Gm3336,16.70799298,-0.035226968,1.744292964,-0.020195557,0.983887372,0.99814599,14.4,27.3
Gm42726,4.532589037,0.044467581,2.153660251,0.020647445,0.983526893,0.99814599,13.1,8.9
Ints6l,96.08261586,0.008935629,0.446896289,0.01999486,0.984047472,0.99814599,74.2,176.3
Jmjd6,161.0973734,0.005894605,0.287867309,0.020476813,0.983663009,0.99814599,128.4,271.5
Nrgn,386.248787,-0.007134609,0.345214031,-0.020667204,0.983511131,0.99814599,284.5,673.2
Plxnb2,29.17344739,0.021798955,1.068990409,0.020392096,0.983730589,0.99814599,28.5,42.9
Rasgrp4,8.37374643,0.039731004,2.00911183,0.019775407,0.984222536,0.99814599,11.4,13.2
Rbm3,36.58153342,0.011976424,0.619938888,0.019318718,0.984586852,0.99814599,32.8,62.8
Trp53i11,178.7317384,0.007318863,0.363895414,0.020112545,0.983953593,0.99814599,150,315.9
Vapa,318.6608528,0.004969947,0.255170127,0.019476995,0.984460589,0.99814599,296.8,574
Zdhhc13,37.75544575,-0.018975751,0.959496083,-0.019776788,0.984221434,0.99814599,44.3,68.9
Zfp54,9.338672219,-0.038268719,1.970579835,-0.01942003,0.984506032,0.99814599,5.7,17.5
Rufy3,75.85308038,-0.010566078,0.554584389,-0.019052245,0.984799427,0.99824306,56.3,126.6
1700037H04Rik,79.92002716,-0.008639659,0.505866248,-0.017078939,0.986373641,0.998251491,61.8,134.7
2700099C18Rik,64.31906877,0.010657357,0.631946683,0.016864329,0.98654485,0.998251491,57.7,110.7
A230072E10Rik,9.644251713,-0.029904334,1.586720698,-0.018846628,0.984963457,0.998251491,6.5,16.4
Abhd10,42.38110102,0.012338589,0.738737882,0.016702256,0.986674148,0.998251491,38.7,75
Acad9,21.47636468,0.022628929,1.295737289,0.017464133,0.986066346,0.998251491,11.9,36
Adat2,23.65142171,0.01276845,0.764996576,0.016690859,0.986683239,0.998251491,22.3,42.5
Akap8l,136.9561717,-0.004693552,0.292636121,-0.016038869,0.987203383,0.998251491,112.3,237.3
Apoe,1108.390199,0.011681533,0.69556933,0.016794204,0.986600794,0.998251491,1362.8,1686.6
Bivm,40.52703942,0.014085474,0.904973308,0.015564519,0.987581812,0.998251491,37,71.4
Camkmt,66.18626923,0.011050332,0.652823718,0.016926977,0.986494871,0.998251491,50.7,122.4
Ccdc124,121.1095592,-0.00627444,0.402927613,-0.015572128,0.987575741,0.998251491,94.9,207.1
Cxcr3,281.9424705,0.005465278,0.336226916,0.016254732,0.987031172,0.998251491,226.8,527.3
Cyp4f13,89.16818992,0.008870883,0.548690228,0.01616738,0.987100859,0.998251491,63.7,165.5
Eci1,105.3167948,-0.007753428,0.453989952,-0.017078414,0.98637406,0.998251491,88.8,183.4
Eif3k,665.4528263,0.002683325,0.160791316,0.016688246,0.986685324,0.998251491,516.5,1149.8
Fam149b,212.6794777,-0.004415471,0.263099869,-0.01678249,0.986610139,0.998251491,159.2,379.3
Fam171b,10.37874817,-0.029091117,1.793941542,-0.016216313,0.987061822,0.998251491,11.4,19.5
Fgd2,16.55652418,-0.026472825,1.50030591,-0.017644952,0.985922096,0.998251491,23.3,25.1
Gm26520,13.85888751,0.017684149,1.102803553,0.01603563,0.987205967,0.998251491,11.1,24.7
Gm32031,14.20024951,0.02092948,1.176704456,0.017786522,0.985809157,0.998251491,15.2,24
Gm8430,5.411151485,0.026131903,1.379257245,0.018946359,0.984883897,0.998251491,5.2,10.3
Gm9776,11.86557431,-0.025818603,1.397339093,-0.018476977,0.985258344,0.998251491,7.1,20.7
Haus2,87.73854829,0.006908047,0.432203373,0.015983324,0.987247695,0.998251491,76.9,164.2
Il16,236.2207489,0.004299065,0.277801578,0.01547531,0.987652982,0.998251491,183.2,428.1
Irak1bp1,12.34990971,0.026484753,1.692709137,0.01564637,0.987516513,0.998251491,11.8,22.2
Med29,14.12517765,0.019144816,1.232590609,0.015532178,0.987607614,0.998251491,13.8,23.9
Msantd4,79.28267538,-0.010549812,0.617212422,-0.017092676,0.986362682,0.998251491,62.7,139.2
Mtpap,96.23894459,0.008435615,0.487760716,0.017294576,0.986201612,0.998251491,80.1,184.8
Nrf1,215.0594718,-0.004427818,0.263045431,-0.0168329,0.986569923,0.998251491,175,381.3
Ppm1k,118.679095,0.005940452,0.351686054,0.01689135,0.986523293,0.998251491,102.2,209.2
Psmd6,189.2618455,0.004082538,0.240162295,0.016999079,0.98643735,0.998251491,152.7,331
Rps27rt,342.0171579,-0.00373921,0.224482959,-0.016656989,0.98671026,0.998251491,296.6,605.2
Scyl3,97.11099181,0.009785638,0.553554054,0.017677837,0.985895861,0.998251491,71.2,169.7
Slc25a38,62.74642396,-0.008845172,0.567040325,-0.015598842,0.98755443,0.998251491,48.3,113.2
Supt4a,187.9284411,-0.005581851,0.29788571,-0.018738229,0.985049932,0.998251491,153.1,330.3
Tmem35b,18.8976704,-0.017940176,1.131120782,-0.015860531,0.987345658,0.998251491,10,33.4
Tuft1,3.297310306,0.054120123,2.910818594,0.01859275,0.985165986,0.998251491,7.8,13.1
Wdr78,13.4266165,-0.025816472,1.477913569,-0.017468188,0.986063111,0.998251491,8,20.7
Zbtb5,48.83177171,-0.012303951,0.749364859,-0.016419172,0.986899984,0.998251491,33.4,77.6
Zfp995,12.24524042,-0.021376632,1.226996618,-0.017421916,0.986100025,0.998251491,13,24.2
3830406C13Rik,154.50351,-0.005524238,0.377600492,-0.01462985,0.988327485,0.998270673,130.3,277.7
Cdc73,266.0340854,0.005991438,0.427359724,0.01401966,0.988814296,0.998270673,164.2,478
G530011O06Rik,6.381511046,-0.027014626,1.885202606,-0.014329826,0.988566844,0.998270673,3.4,13.2
Gm12258,16.19466059,-0.019440651,1.331163815,-0.014604251,0.988347908,0.998270673,10,27.2
Gm12389,3.119369925,-0.015548432,1.037634893,-0.014984492,0.988044553,0.998270673,1.8,5.8
Gm38020,28.06352702,0.014558817,1.041480636,0.013978961,0.988846766,0.998270673,24.3,44
Gm38357,20.94093796,0.017828118,1.264520933,0.014098713,0.988751227,0.998270673,16.7,36.2
Gm43668,26.9606849,-0.013637641,0.941041905,-0.014492066,0.988437409,0.998270673,17.5,48.5
Gm44443,18.00293441,-0.020901959,1.458199572,-0.014334087,0.988563445,0.998270673,9.6,32.4
Gm8894,2.435507237,-0.017875675,1.194291593,-0.014967597,0.988058031,0.998270673,3.1,4.5
Ifi213,361.4758199,0.003752363,0.258357187,0.014523935,0.988411984,0.998270673,239.5,636.4
Ipo4,47.45578904,0.010272381,0.716377546,0.01433934,0.988559254,0.998270673,42.7,91.6
Rnf7,135.8048207,-0.00709291,0.508970847,-0.013935788,0.98888121,0.998270673,98.9,239.3
Rprd1b,229.9401123,0.004346604,0.29954954,0.014510469,0.988422727,0.998270673,196.4,412.3
Tgm2,147.3637252,-0.013240055,0.899959263,-0.014711838,0.988262075,0.998270673,177.9,233.1
Wdr24,54.42762262,0.010630722,0.739415527,0.014377196,0.988529053,0.998270673,41.7,91
Zfp955a,5.963604455,0.024087171,1.70811755,0.014101588,0.988748933,0.998270673,7.3,13.3
D17H6S53E,60.12118092,0.008212476,0.604125685,0.013593986,0.989153902,0.998367593,58.9,108.8
Gm8209,6.252187427,-0.015424042,1.141435179,-0.01351285,0.989218634,0.998367593,10.9,12.7
Guk1,124.836819,-0.005369244,0.401600711,-0.013369607,0.989332914,0.998367593,117.3,226.8
Stau1,156.6113544,0.003966137,0.291000481,0.013629314,0.989125718,0.998367593,112.9,272.5
Tsr1,20.01165508,0.012662342,0.945240591,0.013395893,0.989311943,0.998367593,16.8,36.4
Aamp,319.0871973,0.002780596,0.250262253,0.011110728,0.991135104,0.998403894,262.9,564
Asah2,10.55870219,0.019800742,1.664157587,0.011898357,0.990506708,0.998403894,8.2,19.2
Atp13a1,237.5189654,0.003296147,0.30192958,0.01091694,0.991289715,0.998403894,213.2,422
Cfap36,144.5402599,0.003405867,0.27827652,0.012239145,0.990234819,0.998403894,97.2,257.7
Dhrs7b,73.79861636,0.007349568,0.5663834,0.012976312,0.989646692,0.998403894,57,127
Fdxacb1,4.327147195,0.026904504,2.112382014,0.012736571,0.989837961,0.998403894,1.8,8.6
Gm11199,5.71839316,-0.026768762,2.105686515,-0.012712605,0.989857082,0.998403894,3.1,13.6
Gm15506,13.71381888,-0.018612418,1.631071012,-0.011411163,0.990895407,0.998403894,15.5,23.9
Gm26860,64.36805101,0.008116092,0.625844451,0.012968225,0.989653143,0.998403894,38.4,117
Gm37949,6.00204506,-0.027550197,2.177247353,-0.012653683,0.989904091,0.998403894,8.2,11.2
Gm39469,9.714766129,-0.015661042,1.400441538,-0.011182932,0.991077498,0.998403894,11.4,17
Gm43412,16.39790435,-0.012629534,1.126053585,-0.011215748,0.991051315,0.998403894,10,27.7
Gm43660,20.08965017,-0.016217139,1.469137817,-0.011038542,0.991192697,0.998403894,14.5,33.1
Ints14,60.87252241,-0.007221244,0.60347949,-0.011966013,0.990452731,0.998403894,44.4,114.4
Iqgap1,3092.506098,-0.001008074,0.082088885,-0.012280275,0.990202004,0.998403894,2385,5476.5
Ivns1abp,449.9607201,-0.00339372,0.273321967,-0.012416566,0.990093268,0.998403894,358.4,798.8
Lage3,72.81145228,-0.005259375,0.461182267,-0.011404115,0.99090103,0.998403894,60,126.7
Lin54,88.8792071,-0.006541362,0.570022073,-0.01147563,0.990843973,0.998403894,57.8,157.6
Mrpl37,98.58228268,-0.004718999,0.402212825,-0.011732593,0.99063896,0.998403894,69.1,172.2
Neurl1b,6.045724678,-0.017400655,1.316621556,-0.01321614,0.989455353,0.998403894,6.4,10
Nudt9,111.7222169,0.005644419,0.505289131,0.011170671,0.99108728,0.998403894,92.1,191.3
Rabl2,11.70831957,0.02131303,1.921472457,0.01109203,0.991150022,0.998403894,20.5,18.9
Reck,24.71897702,-0.011147947,0.98594781,-0.011306833,0.990978645,0.998403894,21.8,45.2
Smim11,108.9670447,-0.006703307,0.55223805,-0.012138437,0.990315166,0.998403894,90.2,196
Thap11,120.771161,-0.00403506,0.369466549,-0.010921312,0.991286227,0.998403894,102.8,211.6
Xbp1,280.7644617,0.003328433,0.272997524,0.012192172,0.990272295,0.998403894,262.4,498.4
Ywhag,462.3692738,0.00264231,0.214737775,0.012304822,0.99018242,0.998403894,357.4,811.1
Homer3,3.016742085,0.018252197,1.699286703,0.010741093,0.991430012,0.998473541,3.1,5.9
Adprm,72.57090507,0.00605051,0.589013475,0.010272278,0.991804052,0.998539639,54.1,131.8
Apopt1,62.54788115,-0.005094469,0.496808005,-0.010254403,0.991818314,0.998539639,40.9,107.2
Atp6v1b2,289.2575623,0.002944384,0.324048458,0.009086247,0.992750324,0.998539639,236.6,518.8
Bicra,99.44807365,-0.003608482,0.364600387,-0.009897088,0.992103395,0.998539639,78.8,173.7
Cib1,162.6318019,0.003022682,0.313391086,0.00964508,0.992304459,0.998539639,145.2,281.3
Fhod1,40.74229198,-0.005279545,0.578362752,-0.009128432,0.992716666,0.998539639,31.8,71.9
Fubp3,78.43195273,-0.004746487,0.52938351,-0.008966064,0.992846212,0.998539639,72.2,143.8
Gm15067,7.407835838,0.012376794,1.207445331,0.010250397,0.99182151,0.998539639,8.5,14.6
Gm17541,95.15742949,0.004373364,0.457737542,0.009554304,0.992376884,0.998539639,73,170.3
Gm19569,6.117926125,0.024128454,2.682244564,0.00899562,0.99282263,0.998539639,3.2,10.9
Gm47167,10.61046499,0.015191421,1.729035818,0.008786065,0.992989825,0.998539639,7.8,18.5
Gm6598,8.3203703,-0.018564815,1.782005849,-0.010417932,0.991687844,0.998539639,7.6,16.7
Gm9522,2.146287995,-0.008611068,0.945404674,-0.009108341,0.992732696,0.998539639,1.9,3.8
Hira,52.89693576,0.005891898,0.667699495,0.008824177,0.992959417,0.998539639,51,93.6
Mcl1,1613.977563,-0.001100861,0.115794547,-0.009507022,0.992414608,0.998539639,1274.2,2846.1
Mertk,15.30031199,-0.016680666,1.824811633,-0.009141035,0.992706611,0.998539639,18.1,22.1
Mrpl34,110.3934316,-0.004302306,0.488609628,-0.008805202,0.992974556,0.998539639,83.7,192.1
Rab22a,222.8406111,0.002458556,0.267340561,0.009196345,0.992662482,0.998539639,147.3,397.3
Rps27-ps1,22.99990756,-0.011119773,1.226043342,-0.009069641,0.992763573,0.998539639,9.2,36.6
Tars,214.1015803,-0.004307641,0.449371296,-0.009585929,0.992351652,0.998539639,202.1,379.4
Tbc1d24,6.446729555,-0.016595814,1.834549287,-0.009046262,0.992782225,0.998539639,8.7,11.6
AC154542.1,4.942351008,0.014115592,1.855565312,0.007607165,0.993930419,0.998626941,6.6,8.7
C2cd3,186.3865486,-0.003384166,0.444874039,-0.007607021,0.993930534,0.998626941,132.5,337.3
Csnk2a1,426.9492708,-0.002097042,0.249157544,-0.008416529,0.993284661,0.998626941,373.6,760.8
Eif2b5,87.76253496,0.004144994,0.49897811,0.008306965,0.993372077,0.998626941,67.6,156.9
Gm15672,8.298819337,0.018439034,2.163759376,0.008521758,0.993200703,0.998626941,6.2,12
Gm26873,10.76415687,-0.01051043,1.337530852,-0.007858084,0.993730221,0.998626941,15,17.9
Lysmd2,45.83641002,-0.006860618,0.896093414,-0.007656141,0.993891343,0.998626941,19.3,77.3
Myo19,7.338166286,-0.015239816,1.97272182,-0.007725274,0.993836185,0.998626941,9.3,14.2
Pex14,60.26366576,0.004624214,0.590603628,0.00782964,0.993752915,0.998626941,52.5,108
Rnmt,191.0407646,-0.002383375,0.30538587,-0.007804472,0.993772996,0.998626941,129.8,338.7
Sqstm1,554.7880436,-0.001491716,0.19484288,-0.007655994,0.99389146,0.998626941,449.1,978.9
Wdr70,85.59930836,0.004371916,0.558577848,0.007826869,0.993755126,0.998626941,75.5,146.9
Esd,334.190047,0.002140805,0.285473819,0.00749913,0.994016616,0.998641935,292.8,583.6
Firre,44.04015648,-0.005871233,0.818993582,-0.007168839,0.994280143,0.998763691,45.4,83.9
Zfp275,63.55741365,0.004602856,0.640955541,0.00718124,0.994270249,0.998763691,47.5,112.6
Ebna1bp2,213.7138412,0.002522246,0.356794132,0.00706919,0.994359649,0.998772067,169.5,372.3
Il21,5.637619561,-0.017055845,2.477144422,-0.006885285,0.994506381,0.998776481,2.3,12.6
Pglyrp2,139.5196632,0.003526602,0.509941836,0.006915695,0.994482118,0.998776481,87.3,253.9
Dnajb11,300.0889971,0.001812244,0.287540449,0.00630257,0.99497131,0.999100412,230.6,520.8
Pla2g4a,5.968429151,-0.012597821,1.995777433,-0.006312237,0.994963597,0.999100412,7.6,9
Gm42930,19.42640898,-0.007471638,1.260580557,-0.005927141,0.995270854,0.999257301,18,36.2
Hist1h2bc,12.7740405,0.007839361,1.334344345,0.005875066,0.995312402,0.999257301,19.9,21.1
Sft2d1,56.5179289,-0.003483146,0.60122697,-0.005793397,0.995377564,0.999257301,42.7,104.8
Tamm41,27.67573842,-0.00504586,0.877573689,-0.005749785,0.995412361,0.999257301,20.6,51
Thumpd3,121.5106876,-0.002497257,0.44864741,-0.005566191,0.995558845,0.999332868,95.8,211.8
9930024M15Rik,28.58857673,-0.005281529,1.001467557,-0.005273789,0.995792145,0.999495563,16.1,55.2
Acer3,41.98101237,-0.00286818,0.669944647,-0.004281219,0.996584092,0.99956449,39.5,72.9
Arhgef9,32.16585042,-0.003527715,1.035181166,-0.003407824,0.997280955,0.99956449,21.8,53.5
Cebpzos,80.66585686,-0.002230231,0.727037771,-0.003067558,0.997552447,0.99956449,50.4,144.9
Dcaf4,41.88278802,-0.002542941,0.796582232,-0.003192315,0.997452906,0.99956449,46.1,72.7
Dnaaf2,38.69448385,0.002696221,0.808065681,0.003336635,0.997337755,0.99956449,26,61.5
Dsn1,24.34971434,0.003010674,0.986927052,0.003050554,0.997566014,0.99956449,17.3,41.1
Epm2aip1,84.44295195,-0.00173113,0.559078414,-0.003096399,0.997529435,0.99956449,60.2,153.3
Gbp5,65.53373441,-0.002797711,0.587880928,-0.004758975,0.996202902,0.99956449,52.8,116.7
Gm12517,2.163846539,-0.003833981,0.904882823,-0.004236991,0.99661938,0.99956449,1.8,4
Gm13875,2.093048215,0.005250274,1.052790227,0.004987009,0.996020959,0.99956449,1.8,3.6
Gm43737,16.03230471,0.004191346,1.197090544,0.003501278,0.99720639,0.99956449,19.1,28.5
Gm47583,39.48009573,-0.003143162,0.704090121,-0.004464147,0.996438138,0.99956449,30.4,65.7
Gm48670,11.14749781,0.00511506,1.679655913,0.003045302,0.997570204,0.99956449,6.8,21.5
Gm49492,11.76740094,-0.007789787,1.598209041,-0.004874073,0.996111068,0.99956449,8.9,21.3
Gm6155,8.093551234,0.004292312,1.37430154,0.003123268,0.997507997,0.99956449,7.3,13.5
Gmcl1,226.3287342,-0.001069827,0.315730612,-0.003388418,0.997296439,0.99956449,144.5,391.5
Itprip,64.91727643,-0.002555334,0.632896119,-0.004037525,0.99677853,0.99956449,54,116
Kansl3,274.832887,0.001037025,0.219343681,0.004727855,0.996227732,0.99956449,199.7,475.8
Krba1,27.17006104,-0.002753496,0.769428326,-0.003578626,0.997144676,0.99956449,28.8,44
Mis18bp1,80.93952008,0.003677597,0.829320264,0.004434472,0.996461815,0.99956449,65.6,142
Ngrn,82.20887368,-0.002197164,0.475244137,-0.004623232,0.996311208,0.99956449,55.3,142.1
Oard1,147.5018086,-0.001604763,0.32290666,-0.004969744,0.996034735,0.99956449,106.7,251.7
Ovca2,31.99521686,0.002562317,0.838495716,0.00305585,0.997561789,0.99956449,21.4,54.2
Psmf1,104.9825605,0.001647417,0.410631921,0.004011906,0.996798971,0.99956449,86.3,196.2
Fat1,6.265142158,0.00523614,1.808150352,0.002895854,0.997689446,0.9996126,6.5,11.2
Arl15,60.23620783,0.001737076,0.646616919,0.002686406,0.99785656,0.999642316,45.9,104.8
Cd46,25.90760884,0.002581618,1.083878005,0.002381835,0.998099573,0.999642316,21.1,45.3
Cds2,318.6954118,0.000548114,0.221082499,0.002479227,0.998021865,0.999642316,231.4,553.8
Cobll1,88.73894976,-0.001552265,0.615761988,-0.002520885,0.997988627,0.999642316,80,163.6
Ddx54,71.76315632,0.001380128,0.676720433,0.002039435,0.998372767,0.999642316,49.5,127
Gm44103,5.307232487,-0.004870615,2.278841961,-0.00213732,0.998294666,0.999642316,2.8,7.4
Herc6,465.6236713,-0.000831005,0.311219797,-0.002670154,0.997869528,0.999642316,389.7,834.8
Mfsd2a,11.4356218,0.003231372,1.510072573,0.002139879,0.998292625,0.999642316,9.1,20.4
Mrpl9,162.4414368,-0.000817179,0.415667927,-0.001965943,0.998431406,0.999642316,124.3,289.4
Pex6,54.84131118,-0.001210245,0.560317863,-0.002159926,0.99827663,0.999642316,33,92.5
Atg7,192.278815,0.000564906,0.307799798,0.001835305,0.99853564,0.999675358,134.2,328.4
Zfp456,9.535358837,0.003117855,1.833884187,0.001700138,0.998643487,0.999712012,4.9,17.3
Eprs,627.915721,0.000233457,0.155890683,0.001497566,0.998805115,0.999802496,518,1097.9
Akt3,107.8084444,-0.000116276,0.438790621,-0.000264993,0.999788566,0.999965984,60.9,191.5
Cmc4,43.39737004,8.90E-05,0.837813524,0.000106202,0.999915263,0.999965984,25.2,79.7
Espn,5.731623435,0.001382821,1.88014162,0.000735488,0.999413166,0.999965984,6.7,9.6
Gm11989,4.83173903,6.18E-05,1.450134279,4.26E-05,0.999965984,0.999965984,3.4,8.3
Gpn1,76.46044607,8.57E-05,0.515964937,0.000166094,0.999867476,0.999965984,71.5,133.2
Kank2,6.678920093,-0.00045744,2.010050246,-0.000227576,0.99981842,0.999965984,8.7,10.5
Lmln,7.845424913,0.000210834,1.595152575,0.000132172,0.999894542,0.999965984,9,16.6
Phc3,435.4324895,-2.57E-05,0.162191013,-0.000158335,0.999873667,0.999965984,314.5,765.4
Rab39b,25.29903484,-0.001350085,1.141260199,-0.001182977,0.999056121,0.999965984,16,43
Rmdn2,9.804884498,-0.001424386,1.548954416,-0.000919579,0.999266282,0.999965984,8.6,15.3
Sp3,407.946298,-0.000139553,0.149540147,-0.000933212,0.999255404,0.999965984,309.9,723.7
Zfp619,8.26731098,0.000457519,1.797987117,0.000254462,0.999796969,0.999965984,10.4,15
Zfp637,22.31586993,0.001216507,1.305928061,0.000931527,0.999256749,0.999965984,22.3,41.2
Zfp668,65.73572116,0.000137073,0.609628113,0.000224847,0.999820598,0.999965984,48.5,116.7
3-Mar,0,0,0,0,1,NA,4.4,4.1
11-Mar,0.86843733,0.197099823,2.962279555,0.066536537,0.94695067,NA,1,1.1
14-Sep,0,0,0,0,1,NA,3.7,0
0610009E02Rik,0,0,0,0,1,NA,0,1.7
0610010K14Rik,0.42781775,3.237277989,3.008512586,1.076039371,0.281909649,NA,1,0
0610012D04Rik,0.185515253,1.271878451,3.021984137,0.42087529,0.673846149,NA,0.3,6.3
0610039K10Rik,0,0,0,0,1,NA,0,3.1
0610040F04Rik,0.03251612,1.126524066,3.026154283,0.372262602,0.70969734,NA,0,2.9
0610040J01Rik,0,0,0,0,1,NA,0,4
0610043K17Rik,0.943891185,-2.747651161,2.967456012,-0.925928186,0.354483302,NA,1.9,9.4
1110002J07Rik,1.22571706,-3.115932553,2.965009968,-1.050901207,0.293303966,NA,2.8,7.9
1110002L01Rik,0.240261191,-0.765220677,2.999262194,-0.255136306,0.798617824,NA,4.6,4.1
1110006O24Rik,0.411825184,-1.558793728,2.981300289,-0.522857001,0.601073769,NA,2.4,4.4
1110013H19Rik,0.162580601,-0.225356596,3.016476125,-0.074708563,0.940446595,NA,1.7,0.5
1110019D14Rik,0.436602227,-0.57325846,2.994340201,-0.191447338,0.848175136,NA,0.1,0.8
1110028F11Rik,0.562410499,0.67902421,2.985449648,0.227444536,0.820078093,NA,0.5,3.9
1110028F18Rik,0,0,0,0,1,NA,4.1,3.9
1110035H17Rik,0.713799937,-1.614043289,2.97429315,-0.542664495,0.587360824,NA,0.1,6
1190001M18Rik,0.54210284,-1.937850464,2.975611953,-0.651244347,0.514888767,NA,1.3,1.7
1190005I06Rik,0,0,0,0,1,NA,0,3.8
1300014J16Rik,0.088095428,0.816344452,3.024981091,0.269867621,0.787262098,NA,9.9,3.1
1500005C15Rik,0.280932901,2.888664355,3.012148004,0.959004787,0.337556334,NA,1,0
1500015O10Rik,0,0,0,0,1,NA,2.2,0
1500026H17Rik,0.540587681,-1.936290566,2.975632457,-0.650715636,0.515230068,NA,4.8,5.7
1600010M07Rik,0.111369453,0.118634286,3.023033862,0.039243453,0.96869629,NA,0,0.5
1600017P15Rik,0,0,0,0,1,NA,0,1.5
1600023N17Rik,0,0,0,0,1,NA,5,2.1
1600029O15Rik,1.896569414,0.766024031,0.951942698,0.804695527,0.420995402,NA,6.1,2.5
1700001C19Rik,0.358704138,1.138835565,3.008489771,0.378540614,0.705029029,NA,0.5,0.5
1700001D01Rik,0,0,0,0,1,NA,2.5,0
1700001G11Rik,0.064374538,0.837989154,3.026154276,0.276915543,0.781844958,NA,0,2.4
1700001J03Rik,0.029353866,1.126524066,3.026154283,0.372262602,0.70969734,NA,0,3
1700001K19Rik,0.969758613,-0.474590139,2.959162328,-0.160379894,0.872581827,NA,3.3,6.9
1700003F12Rik,0.207659923,-0.573798724,3.005255139,-0.190931784,0.848579038,NA,0,0.9
1700003G18Rik,0.292645081,-1.044295935,2.991812147,-0.349051305,0.727050793,NA,0,0.9
1700012D16Rik,0,0,0,0,1,NA,0,3.5
1700016C15Rik,0,0,0,0,1,NA,0,3.9
1700016G22Rik,0.259640692,-0.880403656,2.996014751,-0.293858251,0.768866221,NA,0,0.9
1700016P03Rik,0.715799858,-2.338332672,2.971013041,-0.787048943,0.431253216,NA,0,2.4
1700017N19Rik,0,0,0,0,1,NA,0,1.8
1700018A04Rik,0.028959053,1.126524066,3.026154283,0.372262602,0.70969734,NA,0,3.7
1700020D05Rik,0,0,0,0,1,NA,0,1.7
1700022I11Rik,0,0,0,0,1,NA,0,4.4
1700022N22Rik,0.254717615,-0.877385911,2.996096621,-0.292842996,0.769642162,NA,3.3,4.1
1700026D11Rik,0.220993263,2.312096314,3.019264289,0.76578136,0.443806407,NA,0.3,2.6
1700027A07Rik,0.541430496,2.763350274,3.006359897,0.919168153,0.358007626,NA,1.1,0.2
1700027F09Rik,0,0,0,0,1,NA,3.9,0
1700028B04Rik,0.348396093,-0.807284942,2.988517195,-0.270128927,0.787061069,NA,0.1,1.5
1700028J19Rik,0.366844602,-0.044003118,2.998981759,-0.014672686,0.98829331,NA,0.2,4.9
1700028K03Rik,1.226162916,-3.118809427,2.964993203,-1.051877429,0.292855789,NA,0,4.2
1700029J03Rik,0.616870718,-2.133996132,2.973201278,-0.717743581,0.472915406,NA,3.6,8.7
1700029J07Rik,1.155346633,4.47559836,2.983139786,1.500297901,0.133537253,NA,5.6,4.7
1700030C12Rik,0.057918105,0.837989154,3.026154276,0.276915543,0.781844958,NA,0,8.3
1700030J22Rik,0,0,0,0,1,NA,1.7,0
1700034H15Rik,0.608417916,-2.1081286,2.973500889,-0.708971908,0.47834191,NA,0,2.2
1700034I23Rik,0,0,0,0,1,NA,0,2.4
1700034J05Rik,0,0,0,0,1,NA,0,3.5
1700034P13Rik,0.028110203,1.126524066,3.026154283,0.372262602,0.70969734,NA,0,2.7
1700046C09Rik,0,0,0,0,1,NA,5.9,0
1700047K16Rik,1.337387954,-2.500365513,2.961829365,-0.844196341,0.398559699,NA,4.6,8.7
1700047N06Rik,0.342890753,3.039705998,3.010680965,1.009640687,0.312667469,NA,0.8,0
1700051K13Rik,0,0,0,0,1,NA,0,4.8
1700054A03Rik,0,0,0,0,1,NA,3.7,0
1700055D18Rik,1.847945726,4.519404433,2.973948495,1.519664662,0.128595277,NA,12.4,3.3
1700057G04Rik,0,0,0,0,1,NA,0,4.4
1700061G19Rik,0.355640303,-1.332474933,2.985472671,-0.446319588,0.655366409,NA,0,1.2
1700066B17Rik,0,0,0,0,1,NA,4.3,0
1700067K01Rik,0.424985823,-1.580067858,2.980940346,-0.530056853,0.596072513,NA,4.2,1.2
1700071M16Rik,0,0,0,0,1,NA,0,2.7
1700073E17Rik,0.468325038,2.339934964,3.011861612,0.776906533,0.437213916,NA,0.6,0.2
1700084C06Rik,0.288489658,-1.03230328,2.992103999,-0.345009158,0.730087486,NA,0,1
1700084J12Rik,0.028110203,1.126524066,3.026154283,0.372262602,0.70969734,NA,3.8,0.1
1700086P04Rik,0.192899973,2.059658844,3.023202765,0.681283726,0.495691979,NA,4.7,0
1700087I21Rik,0.035415485,1.126524066,3.026154283,0.372262602,0.70969734,NA,6.6,0.1
1700092M07Rik,0.733846638,-2.378128723,2.970621534,-0.80054921,0.423392664,NA,0,6.5
1700094M23Rik,0,0,0,0,1,NA,0,2.2
1700095J12Rik,0.898417275,4.120019292,2.990421917,1.377738462,0.168284052,NA,6.6,3.5
1700101I11Rik,0.352246386,-1.319198013,2.985738108,-0.44183313,0.658609963,NA,3.9,1.2
1700105P06Rik,0.235123952,-0.763905977,2.99930075,-0.254694691,0.798958917,NA,0,1.2
1700108J01Rik,0,0,0,0,1,NA,0,1.9
1700109K24Rik,0,0,0,0,1,NA,4.5,0
1700120C14Rik,0.042861344,1.732734015,3.024778107,0.572846653,0.566748528,NA,0.1,14.5
1700122C19Rik,1.872673772,0.113335282,0.983361793,0.115252884,0.908244683,NA,1.4,3.3
1700123M08Rik,0.31307865,-1.161811848,2.989075393,-0.38868603,0.697508418,NA,2.1,1.4
1700124L16Rik,0.64562367,-1.779785163,2.972225509,-0.598805561,0.549302554,NA,3.4,2.3
1810006J02Rik,0.074763599,1.444198905,3.024778102,0.477456149,0.633037339,NA,0.1,1.5
1810010D01Rik,0.365937607,-0.889013488,2.986693183,-0.297658123,0.765964108,NA,0.1,1.4
1810012K16Rik,0.357847599,3.074336982,3.010364478,1.02125075,0.307135653,NA,0.8,0
1810018F18Rik,0.777739679,3.882507585,2.995662825,1.296042917,0.1949607,NA,0.8,0
1810019N24Rik,0,0,0,0,1,NA,2.9,0
1810021B22Rik,1.281643189,2.629848185,2.970224293,0.885403904,0.375938828,NA,2.5,0.6
1810059C17Rik,0,0,0,0,1,NA,5.2,0
1810059H22Rik,0.272854073,-0.925950371,2.994799318,-0.309186117,0.757179954,NA,0,0.7
1810062O18Rik,0.21152654,2.054633775,3.018810661,0.680610348,0.496118077,NA,3.9,5.1
2010009K17Rik,0,0,0,0,1,NA,0,2.4
2010013B24Rik,0.480675905,-1.752037601,2.978215797,-0.588284302,0.556341481,NA,0,1.2
2010106C02Rik,0,0,0,0,1,NA,0,2.5
2010110E17Rik,0.019593663,1.126524066,3.026154283,0.372262602,0.70969734,NA,0,3.7
2010110G14Rik,0,0,0,0,1,NA,0,2.7
2010110K18Rik,1.262705935,-3.161436071,2.964748662,-1.066342018,0.286269062,NA,0,15.1
2010310C07Rik,0.09721746,1.732734015,3.024778107,0.572846653,0.566748528,NA,4,0
2200002D01Rik,1.127376341,4.108788154,2.984596855,1.376664372,0.168616039,NA,6.2,2.3
2210039B01Rik,0.040056325,1.126524066,3.026154283,0.372262602,0.70969734,NA,0,1.9
2210406H18Rik,1.92571517,-3.769438981,2.961942367,-1.272624013,0.203151493,NA,0,6.4
2210406O10Rik,0,0,0,0,1,NA,4.4,2.8
2210417A02Rik,1.199689493,-1.761539235,2.956738808,-0.595770999,0.55132822,NA,3.8,8.8
2310002F09Rik,0.956218103,-2.755481701,2.967397273,-0.928585372,0.353104006,NA,2.3,6.7
2310016D23Rik,1.096260699,-2.95749577,2.965986613,-0.997137262,0.318697888,NA,0,10
2310030G06Rik,0.313669281,0.032775939,3.013243295,0.010877296,0.991321345,NA,0.1,0.6
2310034G01Rik,0.379838988,-0.41648019,2.998794405,-0.138882542,0.889542967,NA,0.1,5.1
2310040G07Rik,0.156749302,-0.225078073,3.016484957,-0.07461601,0.940520235,NA,0,0.8
2310040G24Rik,0.126482635,1.444198905,3.024778102,0.477456149,0.633037339,NA,4.8,0.1
2310043M15Rik,0.735055789,1.375371845,3.002625354,0.458056428,0.646911901,NA,0.4,0.6
2310047D07Rik,1.071763103,-2.550900742,2.965179562,-0.860285419,0.389631728,NA,0.1,4.9
2310058D17Rik,0.296901374,2.515542577,3.016449717,0.833941492,0.404313955,NA,4.4,1.5
2310074N15Rik,0,0,0,0,1,NA,1.3,0
2410018L13Rik,0.030032649,1.126524066,3.026154283,0.372262602,0.70969734,NA,0,2.6
2510016D11Rik,0.352685929,-1.340044806,2.985322407,-0.44887775,0.653519847,NA,0,6
2600006K01Rik,0.145008063,1.732734015,3.024778107,0.572846653,0.566748528,NA,0.1,2.1
2610005L07Rik,0.080146435,1.444198905,3.024778102,0.477456149,0.633037339,NA,0.1,6.1
2610017A05Rik,0.137724619,-0.049365187,3.021407949,-0.016338471,0.986964366,NA,0,0.5
2610024D14Rik,0.923220242,3.776325155,2.991715338,1.262260853,0.206854938,NA,0.9,1.6
2610042L04Rik,0.176123193,-0.334257489,3.01311113,-0.110934338,0.911668416,NA,0,0.6
2610203C22Rik,0,0,0,0,1,NA,4.4,0
2610204G07Rik,0.224746321,2.712104267,3.014055364,0.899818994,0.368216584,NA,0.8,3.6
2610206C17Rik,0,0,0,0,1,NA,2.2,2.3
2610306M01Rik,0.822416044,3.667801328,2.994069887,1.225021949,0.220566951,NA,2.4,11.7
2610306O10Rik,0,0,0,0,1,NA,4.3,0
2610316D01Rik,0,0,0,0,1,NA,4,1.7
2610507I01Rik,1.656060887,0.387967031,2.661372901,0.145777028,0.884097412,NA,5.4,9.3
2700016F22Rik,0.894618997,4.112573996,2.990593731,1.375169737,0.169078828,NA,4.5,0
2700069I18Rik,0,0,0,0,1,NA,2.9,0
2810029C07Rik,0,0,0,0,1,NA,3.3,0
2810408A11Rik,0.296582981,-1.079026614,2.990980335,-0.360760183,0.71827873,NA,5.5,1.2
2810410L24Rik,0,0,0,0,1,NA,0,1.3
2810414N06Rik,0.255162019,-0.847067392,2.996928574,-0.282645172,0.777448849,NA,0,0.8
2810433D01Rik,0,0,0,0,1,NA,2.1,0
2810468N07Rik,0.583685492,3.585399767,3.001790684,1.194420313,0.232313595,NA,1.9,0
2900018N21Rik,0.424985823,-1.580067858,2.980940346,-0.530056853,0.596072513,NA,0,1.2
2900027M19Rik,1.755388954,-3.635740195,2.962462521,-1.227269601,0.219721277,NA,0,5.7
2900076G11Rik,0,0,0,0,1,NA,0,4.6
2900078I11Rik,0.489755174,-1.786533526,2.977706943,-0.599969561,0.548526522,NA,3.4,1.4
3000002C10Rik,0.916492332,-0.824605102,1.779751819,-0.463325894,0.643130788,NA,4.7,1.9
3110006O06Rik,0.180016983,0.240541775,3.019358366,0.07966652,0.936502488,NA,2.3,0.7
3110015C05Rik,0.028848966,1.126524066,3.026154283,0.372262602,0.70969734,NA,0,3.7
3110031N09Rik,0.062444438,0.549454242,3.026154269,0.181568484,0.855921384,NA,0,3.4
3110039M20Rik,0.088061597,0.549454242,3.026154269,0.181568484,0.855921384,NA,6.2,3.5
3110045C21Rik,0,0,0,0,1,NA,0,1.7
3110062G12Rik,0,0,0,0,1,NA,2.7,0
3110083C13Rik,0.964237917,1.258402861,2.965352168,0.424368773,0.671296891,NA,0.7,0.9
3200001D21Rik,0.707864949,3.420156146,2.99942957,1.140268863,0.254174306,NA,0.7,3.9
3222401L13Rik,0.467874076,2.948742715,3.008512562,0.980133091,0.327020427,NA,1,0.1
3830432H09Rik,0.293538655,-1.056137087,2.991526341,-0.353042884,0.724056291,NA,0,1
4430402I18Rik,0,0,0,0,1,NA,0,3.1
4633401B06Rik,0.167670651,0.328774152,3.020858576,0.108834672,0.913333623,NA,0.1,4.6
4732465J04Rik,0.263624324,-0.890933365,2.995730395,-0.29740105,0.766160342,NA,0,5.3
4732471J01Rik,0.019593663,1.126524066,3.026154283,0.372262602,0.70969734,NA,4.8,1.5
4732487G21Rik,1.152518323,-3.030134556,2.96552557,-1.02178669,0.30688187,NA,0,8.4
4732490B19Rik,0,0,0,0,1,NA,3.3,0
4732491K20Rik,0.801049747,-2.497732688,2.969507475,-0.841126924,0.400276833,NA,0,2.2
4732496C06Rik,0.247908397,-0.795612825,2.998380435,-0.265347524,0.790741757,NA,0,0.7
4833412C05Rik,0,0,0,0,1,NA,0,1.3
4833413G10Rik,0,0,0,0,1,NA,1.7,0
4833417C18Rik,0.09721746,1.732734015,3.024778107,0.572846653,0.566748528,NA,0.1,1.9
4833419F23Rik,0.05618658,1.884001011,3.024208933,0.622973165,0.533302156,NA,3.4,4.3
4833422C13Rik,0.191941913,2.203439852,3.016757481,0.730400062,0.46514568,NA,0.4,0.1
4833445I07Rik,1.268507514,-3.168127672,2.964710924,-1.068612676,0.285244235,NA,3.6,4.5
4921501I09Rik,0,0,0,0,1,NA,0,4.2
4921504E06Rik,0,0,0,0,1,NA,2.8,0
4921511C10Rik,0.978296191,-2.799109942,2.967075755,-0.943390116,0.345481397,NA,0,8.8
4921514A10Rik,0.247544669,1.771124303,3.023202742,0.585843708,0.557980549,NA,0.2,3.8
4921517D16Rik,0.28110203,-0.996701956,2.992984548,-0.33301273,0.739124674,NA,0,1
4921525O09Rik,0.214306721,2.65965382,3.014665085,0.882238572,0.377647807,NA,0.5,0
4921534A09Rik,0,0,0,0,1,NA,0,2.4
4921536K21Rik,0,0,0,0,1,NA,5.2,0
4930402F06Rik,0,0,0,0,1,NA,0,2.7
4930404N11Rik,0.702170824,-2.318010826,2.971217142,-0.780155309,0.435299465,NA,3.1,2.9
4930405O22Rik,0.807965662,-2.513781458,2.969364854,-0.846572106,0.397233667,NA,0,2.5
4930412F12Rik,0.46323886,-1.255788192,2.979654506,-0.421454296,0.673423378,NA,4.3,5
4930412M03Rik,0.346227737,-0.528651977,2.99555948,-0.176478545,0.859918003,NA,2.8,1.2
4930426I24Rik,0,0,0,0,1,NA,0,3.4
4930426L09Rik,0.196653031,2.610702923,3.015252934,0.865832147,0.386582217,NA,0.7,0
4930428O21Rik,0,0,0,0,1,NA,0,3.1
4930429D17Rik,0,0,0,0,1,NA,0,4.7
4930429F24Rik,0.144749729,-0.104091934,3.0199964,-0.034467569,0.972504303,NA,0,5.1
4930430E12Rik,0.27029384,-0.935378097,2.994552399,-0.312359903,0.75476702,NA,0,6.4
4930431P03Rik,0.26418479,-0.904111198,2.99537739,-0.301835489,0.762777476,NA,0,5.9
4930439D14Rik,0,0,0,0,1,NA,0,3.9
4930443O20Rik,0,0,0,0,1,NA,2.7,0
4930447A16Rik,0.333037001,-1.255907531,2.98703712,-0.420452603,0.674154847,NA,0,5.6
4930447K03Rik,0,0,0,0,1,NA,2.3,0
4930448E22Rik,0,0,0,0,1,NA,0,1.3
4930451G09Rik,1.264959135,-3.164366973,2.964732111,-1.06733656,0.285819884,NA,3.4,12.4
4930455G09Rik,0,0,0,0,1,NA,0,2.4
4930455M05Rik,0,0,0,0,1,NA,0,1.6
4930465M20Rik,0,0,0,0,1,NA,0,4.6
4930466K18Rik,0.030032649,1.126524066,3.026154283,0.372262602,0.70969734,NA,5.7,2.4
4930470G03Rik,0.168559741,2.497824176,3.016680679,0.828004168,0.407668139,NA,0.6,0
4930471M09Rik,0.02809329,1.681949511,3.024981108,0.55601984,0.578197292,NA,0.1,3.2
4930478M13Rik,0.096449986,1.732734015,3.024778107,0.572846653,0.566748528,NA,0.1,3.2
4930480K23Rik,1.085152873,-1.170037724,2.955627246,-0.395867823,0.69220254,NA,5.2,7.2
4930481B07Rik,0.669951752,-2.249865743,2.971922779,-0.757040445,0.449025632,NA,0,2.6
4930483J18Rik,0.578699918,3.520744181,3.002926507,1.172437678,0.24102138,NA,0.6,3
4930487D11Rik,0,0,0,0,1,NA,0,4.4
4930500M09Rik,0.039187325,0.837989154,3.026154276,0.276915543,0.781844958,NA,0,3.1
4930503E24Rik,1.017678294,0.307116514,1.534970595,0.200079738,0.84141822,NA,0.8,1.7
4930506C21Rik,1.370413901,-1.992742367,2.957035885,-0.673898608,0.500375777,NA,0.3,9.2
4930512B01Rik,0.228452747,-0.717884028,3.000672405,-0.239241054,0.810918671,NA,0,1.1
4930512J16Rik,0,0,0,0,1,NA,0,1.4
4930512P04Rik,0.346187589,-1.295174032,2.986224579,-0.433716218,0.664494528,NA,0,1.2
4930513N20Rik,1.262216218,-3.160534452,2.964753761,-1.066036072,0.286407336,NA,0,9.5
4930515G01Rik,0.465108809,-1.722642853,2.978659016,-0.578328316,0.563042481,NA,0,1.7
4930517E14Rik,0.058707731,0.837989154,3.026154276,0.276915543,0.781844958,NA,0,3.6
4930517L18Rik,0,0,0,0,1,NA,0,3.8
4930519D14Rik,0,0,0,0,1,NA,2.7,2.1
4930524O07Rik,0,0,0,0,1,NA,0,2.3
4930526A20Rik,0.29165238,2.515542577,3.016449717,0.833941492,0.404313955,NA,6.1,5.3
4930526L06Rik,0,0,0,0,1,NA,0,3.7
4930532M18Rik,0,0,0,0,1,NA,0,2.9
4930537H20Rik,0.598744837,0.194700586,2.974064147,0.065466169,0.947802842,NA,0.6,1.1
4930542C16Rik,0,0,0,0,1,NA,7.5,0
4930543K20Rik,0,0,0,0,1,NA,0,7.4
4930545L23Rik,0.06503224,0.837989154,3.026154276,0.276915543,0.781844958,NA,0,2.4
4930549C15Rik,0.580032253,2.979424421,3.011249229,0.98943136,0.322452137,NA,4,2.6
4930551O13Rik,0.534093857,-1.921370583,2.975829691,-0.645658785,0.518500358,NA,0,5.9
4930556H04Rik,0.556123442,-1.977998482,2.975091713,-0.664852943,0.506144556,NA,0,1.9
4930557J02Rik,0.240261191,-0.765220677,2.999262194,-0.255136306,0.798617824,NA,0,0.8
4930557K07Rik,0.028959053,1.126524066,3.026154283,0.372262602,0.70969734,NA,0,1.9
4930558G05Rik,0,0,0,0,1,NA,0,4.2
4930558J18Rik,0.821908235,-2.541627868,2.969121103,-0.856020277,0.391986564,NA,0,6.9
4930558K02Rik,0.777739679,3.882507585,2.995662825,1.296042917,0.1949607,NA,0.8,0
4930562C15Rik,0.019593663,1.126524066,3.026154283,0.372262602,0.70969734,NA,3.2,2.1
4930563M21Rik,0,0,0,0,1,NA,0,1.5
4930568A12Rik,0.403885521,-1.517443331,2.982015113,-0.50886507,0.610846805,NA,0,4.6
4930577N17Rik,0.2521358,1.073888699,3.01865383,0.355750861,0.722027152,NA,0.4,7
4930578M07Rik,0.193667446,2.059658844,3.023202765,0.681283726,0.495691979,NA,4.1,0
4930578N18Rik,0,0,0,0,1,NA,2.3,0
4930579C12Rik,0.862121159,-2.618549599,2.96847159,-0.882120485,0.377711655,NA,0,8.1
4930579G18Rik,0.13150102,1.732734015,3.024778107,0.572846653,0.566748528,NA,0.1,1.3
4930579K19Rik,0.667309891,-1.920635341,2.971403661,-0.646373082,0.518037769,NA,0.1,8.2
4930579O11Rik,0.318739368,-1.161805669,2.989075532,-0.388683945,0.697509961,NA,0,0.9
4930580E04Rik,0,0,0,0,1,NA,0,2.6
4930589L23Rik,0.041629625,0.837989154,3.026154276,0.276915543,0.781844958,NA,0,2.5
4930592C13Rik,0.247908397,-0.795612825,2.998380435,-0.265347524,0.790741757,NA,2.1,0.7
4930592I03Rik,0,0,0,0,1,NA,0,5.7
4930594C11Rik,0.616482849,3.590448697,3.001703998,1.196136828,0.231643168,NA,1.2,0
4930594M22Rik,0.795941602,-2.487421764,2.969599942,-0.837628574,0.40223934,NA,0,2.1
4930595D18Rik,0.08556355,2.044726305,3.023389672,0.676302603,0.49884854,NA,4.3,0
4930597L12Rik,0,0,0,0,1,NA,1.4,0
4930598F16Rik,0.04473095,1.732734015,3.024778107,0.572846653,0.566748528,NA,0.1,4.3
4931403E22Rik,0.675138907,-2.257833619,2.971838553,-0.759743027,0.447408204,NA,12.6,6.1
4931406G06Rik,0,0,0,0,1,NA,0,2.8
4931408C20Rik,0.421399352,3.236309183,3.008533494,1.075709873,0.282057031,NA,1.5,0
4931413K12Rik,0.519281384,-1.879840913,2.976389461,-0.63158432,0.527658535,NA,3.4,5
4931423N10Rik,0,0,0,0,1,NA,0,2.4
4931431C16Rik,0,0,0,0,1,NA,0,3
4932416K20Rik,0.832018045,2.958552058,2.56365009,1.15403895,0.248484201,NA,0.8,0.3
4932438H23Rik,0,0,0,0,1,NA,3.2,0
4932443L11Rik,1.044072517,4.282246095,2.98688334,1.433683746,0.151662533,NA,0.9,6.8
4933400A11Rik,0,0,0,0,1,NA,0,3.8
4933400F21Rik,0,0,0,0,1,NA,3.3,0
4933401H06Rik,0,0,0,0,1,NA,0,3.8
4933405D12Rik,0,0,0,0,1,NA,2.9,0
4933405E24Rik,0,0,0,0,1,NA,0,1.5
4933406B17Rik,0.213908875,2.658314477,3.014680925,0.881789663,0.377890563,NA,0.5,0
4933406C10Rik,0,0,0,0,1,NA,0,4.6
4933406P04Rik,0.354532049,0.436525387,3.014066539,0.14482938,0.884845585,NA,0.2,4.4
4933407L21Rik,0.989671247,4.21768988,2.988245547,1.41142681,0.158118802,NA,1,0
4933408B17Rik,0.135205508,0.211038275,3.023762114,0.06979328,0.944358196,NA,6.9,0.4
4933409F18Rik,0.042861344,1.732734015,3.024778107,0.572846653,0.566748528,NA,4.3,0
4933412A08Rik,0,0,0,0,1,NA,0,10.1
4933412L11Rik,0.06503224,0.837989154,3.026154276,0.276915543,0.781844958,NA,5.4,3.5
4933412O06Rik,0,0,0,0,1,NA,3.3,0
4933413J09Rik,0.676178322,3.416610791,2.999501053,1.139059707,0.254678252,NA,5.4,5
4933421A08Rik,0.08427987,2.053039984,3.023285402,0.67907581,0.497089829,NA,3.9,0
4933422A05Rik,0.112373161,2.223747084,3.020603431,0.736192994,0.461613255,NA,4.1,0
4933424G06Rik,0.106246456,0.549454242,3.026154269,0.181568484,0.855921384,NA,4.2,0.3
4933426B08Rik,0,0,0,0,1,NA,3.3,0
4933427D06Rik,0,0,0,0,1,NA,3.1,0
4933427E11Rik,0,0,0,0,1,NA,0,2.6
4933427G23Rik,0.615992313,-2.125559854,2.973298407,-0.714882788,0.474681474,NA,0,2.1
4933428G20Rik,0,0,0,0,1,NA,6.6,0
4933431C10Rik,0,0,0,0,1,NA,0,2.7
4933431K14Rik,1.292785507,0.419551678,2.944646476,0.142479473,0.886701292,NA,5.9,2.5
4933432G23Rik,0.650522813,0.825462381,2.978994319,0.277094312,0.781707689,NA,0.9,4.3
4933439K11Rik,0,0,0,0,1,NA,3.8,1.3
4933439N14Rik,0,0,0,0,1,NA,0,2.9
4933440J02Rik,0.166518501,-0.293313207,3.014368985,-0.097305011,0.922484177,NA,2.7,0.8
5330409N07Rik,0.40531665,-1.522368186,2.98192891,-0.510531348,0.609679258,NA,0,4.8
5330417C22Rik,0.413085167,1.222838258,3.007339505,0.406617961,0.684288603,NA,3.2,0.5
5330431K02Rik,0,0,0,0,1,NA,11.8,0
5330437M03Rik,0,0,0,0,1,NA,0,3.6
5330439K02Rik,1.131597862,-1.951965936,2.9601301,-0.659418968,0.509626765,NA,3.6,12.1
5430400D12Rik,0.316214595,-1.166417603,2.988972544,-0.39024032,0.696358849,NA,2.7,4.1
5430402O13Rik,0.042781775,1.732734015,3.024778107,0.572846653,0.566748528,NA,0.1,3.7
5430403N17Rik,0.421399352,3.236309183,3.008533494,1.075709873,0.282057031,NA,1.5,0
5430420F09Rik,0.83384888,-0.322201157,2.961563187,-0.108794287,0.913365655,NA,0.7,5.5
5430427M07Rik,0,0,0,0,1,NA,0,2
5430427N15Rik,0.249777751,-0.846326915,2.996949109,-0.282396158,0.77763976,NA,3.7,1.2
5530400K19Rik,0,0,0,0,1,NA,2.9,0
5530402G07Rik,0,0,0,0,1,NA,1.7,3.7
5730405O15Rik,0.201936956,1.444198905,3.024778102,0.477456149,0.633037339,NA,4,5
5730414N17Rik,0.171445376,2.493230051,3.01674099,0.826464738,0.408540513,NA,0.4,2.5
5730420D15Rik,0,0,0,0,1,NA,0,3.2
5830405F06Rik,0,0,0,0,1,NA,0,4.1
5830411K02Rik,0.042781775,1.732734015,3.024778107,0.572846653,0.566748528,NA,0.1,3.7
5830418P13Rik,0.212492912,-0.570546697,3.005363837,-0.189842804,0.849432313,NA,0,0.6
5830462I19Rik,0.728639538,-1.972733301,2.970097471,-0.664198169,0.506563485,NA,6.2,8.5
5830487J09Rik,0.203098141,1.742751172,3.019150649,0.577232267,0.563782563,NA,2.2,3.9
5930430L01Rik,0.403428273,2.227008117,3.016449692,0.738287837,0.460339556,NA,0.3,4.7
6030442K20Rik,0.162580601,-0.225356596,3.016476125,-0.074708563,0.940446595,NA,0,4.4
6030443J06Rik,0.708408008,3.098742348,3.000098903,1.032880064,0.301660029,NA,6.2,2.4
6030452D12Rik,0,0,0,0,1,NA,4.2,0
6030460B20Rik,0.476035065,-1.738414347,2.978420108,-0.583669961,0.559442381,NA,0,9.9
6230400D17Rik,1.367873826,-0.569163998,2.695599982,-0.211145571,0.832773681,NA,3.6,8.4
6330403L08Rik,0.150163245,-0.141786609,3.01890413,-0.046966251,0.962540126,NA,0,2.7
6330403N20Rik,0,0,0,0,1,NA,0,3
6330408M09Rik,0.058142852,0.837989154,3.026154276,0.276915543,0.781844958,NA,1.7,0.2
6330409D20Rik,1.074199872,-2.931648535,2.966156323,-0.98836616,0.322973354,NA,0,4.7
6330415G19Rik,0.122446576,0.02566253,3.022341469,0.008490943,0.993225289,NA,0,0.6
6430531B16Rik,0,0,0,0,1,NA,0,5.1
6430548M08Rik,0.626074508,-2.154109018,2.972971978,-0.724564185,0.468719437,NA,2.6,2.6
6430562O15Rik,0.976089327,-0.914378983,2.957353403,-0.30918827,0.757178316,NA,4.2,7.1
6430573P05Rik,0.177077426,-0.300003239,3.014166614,-0.099531073,0.920716617,NA,0,3.4
6530437J22Rik,0.128345325,2.292334427,3.019557423,0.759162389,0.447755422,NA,3.7,0
6720469O03Rik,0,0,0,0,1,NA,0,2
6720482G16Rik,0,0,0,0,1,NA,4.8,0
6820431F20Rik,0.235720585,0.621893423,3.023162019,0.205709591,0.837017766,NA,2.8,3.6
9030619P08Rik,0.138155681,1.560413543,3.021984158,0.516353979,0.605607202,NA,0.3,0.2
9030624G23Rik,0.028848966,1.126524066,3.026154283,0.372262602,0.70969734,NA,2.9,0.1
9130008F23Rik,1.803120976,-3.675438999,2.962303024,-1.240737011,0.214702917,NA,0,6.4
9130015A21Rik,0,0,0,0,1,NA,4.1,2.3
9130019O22Rik,1.310679965,0.655060769,2.716597421,0.24113281,0.809452184,NA,5.3,1.7
9130019P16Rik,0.235123952,-0.763905977,2.99930075,-0.254694691,0.798958917,NA,4.5,1.2
9130230L23Rik,1.946431737,3.246966562,2.958332894,1.097566325,0.272393904,NA,5.2,2.8
9130604C24Rik,0.522513032,-1.89640636,2.976164261,-0.63719815,0.523995783,NA,0,2.3
9230104M06Rik,0,0,0,0,1,NA,0,4.8
9230105E05Rik,0,0,0,0,1,NA,4.3,0
9230112J17Rik,0.145703688,-0.138707553,3.018992352,-0.045944983,0.963354101,NA,0,0.7
9330136K24Rik,0.198022924,0.211058543,3.018543356,0.06992066,0.944256809,NA,7,3.9
9330154K18Rik,0,0,0,0,1,NA,0,2.4
9330159M07Rik,0.04473095,1.732734015,3.024778107,0.572846653,0.566748528,NA,0.1,3.8
9330161L09Rik,0,0,0,0,1,NA,0,2.5
9330179D12Rik,0,0,0,0,1,NA,0,2.8
9330182L06Rik,0,0,0,0,1,NA,0,3.1
9430002A10Rik,0.955171865,4.216797745,2.988264788,1.411119176,0.158209477,NA,8.2,1.3
9430007M09Rik,0,0,0,0,1,NA,0,6.1
9430025C20Rik,0,0,0,0,1,NA,0,12.6
9430060I03Rik,0.43400419,-0.569997999,2.994428072,-0.190352877,0.849032621,NA,0.1,4.7
9430065F17Rik,0.096286623,0.549454242,3.026154269,0.181568484,0.855921384,NA,0,6.2
9430078K24Rik,0,0,0,0,1,NA,2.1,0
9430097D07Rik,0,0,0,0,1,NA,0,3.1
9530013L04Rik,0,0,0,0,1,NA,4.6,0
9530018H14Rik,0,0,0,0,1,NA,2.8,0
9530020I12Rik,0,0,0,0,1,NA,0,1.4
9530022L04Rik,0.019593663,1.126524066,3.026154283,0.372262602,0.70969734,NA,1.9,0.1
9530027J09Rik,0,0,0,0,1,NA,0,4
9530034E10Rik,1.794583197,-3.668562655,2.962330338,-1.238404309,0.215566184,NA,0,6.3
9530036M11Rik,0.587809881,-2.069633404,2.97395675,-0.695919133,0.486479474,NA,0,6.6
9530046B11Rik,1.899204375,5.161741684,2.973188571,1.736096302,0.082546808,NA,2.5,0
9530052E02Rik,0.387104963,-0.720492112,2.990569052,-0.24092141,0.809616028,NA,0.1,1
9530085L11Rik,0.65608935,1.023354316,3.011014805,0.339870237,0.733954251,NA,0.3,4.7
9530085P06Rik,0,0,0,0,1,NA,0,4.1
9630028I04Rik,0,0,0,0,1,NA,3,0
9930014A18Rik,0.280932901,2.888664355,3.012148004,0.959004787,0.337556334,NA,1,0
A130023I24Rik,0.020814813,1.126524066,3.026154283,0.372262602,0.70969734,NA,0,2.4
A130051J06Rik,0.390424436,-1.46645823,2.982924847,-0.491617558,0.622989728,NA,0,3.8
A1cf,0,0,0,0,1,NA,2.9,0
A230004M16Rik,0,0,0,0,1,NA,0,1.9
A230020J21Rik,0,0,0,0,1,NA,0,2.8
A230028O05Rik,0.365212772,3.106867383,3.010073646,1.032156601,0.301998762,NA,1.3,0
A230083G16Rik,1.228903924,-3.119985192,2.964986361,-1.052276406,0.292672753,NA,2,3.8
A2ml1,0,0,0,0,1,NA,0,3.9
A330009N23Rik,0.707982305,-0.881340311,2.970823738,-0.296665299,0.766722053,NA,4,5
A330032B11Rik,0,0,0,0,1,NA,0,7.1
A330076C08Rik,0.474955039,-0.612023377,2.984315249,-0.205080002,0.83750962,NA,0.2,1.2
A3galt2,0.613861007,2.945935947,3.002885908,0.981034923,0.32657552,NA,1.3,0.2
A430010J10Rik,0.618476319,-0.699840013,2.783196222,-0.251451913,0.801464736,NA,0.4,1.6
A430018G15Rik,0.452963056,-0.340242014,2.986148106,-0.1139401,0.909285277,NA,0.3,1
A430035B10Rik,1.404829235,-0.479573368,2.945368988,-0.162822848,0.870657918,NA,4,2.9
A430057M04Rik,0.1084073,0.155442793,3.023319058,0.051414617,0.958995137,NA,0,0.5
A430072C10Rik,0,0,0,0,1,NA,0,2.1
A430105J06Rik,0,0,0,0,1,NA,3.6,0
A430106G13Rik,0.87004838,3.996859072,2.993228291,1.335300446,0.181778033,NA,0.6,5
A430110L20Rik,0.19443492,2.059658844,3.023202765,0.681283726,0.495691979,NA,0.2,1.9
A4galt,0.300326489,-1.087567655,2.990778792,-0.363640286,0.71612664,NA,0,1
A530001N23Rik,0,0,0,0,1,NA,5.1,0
A530010L16Rik,1.478731712,-3.392012104,2.963543769,-1.144579722,0.252383296,NA,4.9,6.7
A530013C23Rik,0.227612841,-0.679660183,3.001844744,-0.226414169,0.820879309,NA,2.8,0.7
A530021J07Rik,0,0,0,0,1,NA,0,4.8
A530030E21Rik,0.977594861,-2.795227014,2.96710398,-0.942072483,0.346155531,NA,0,4.2
A530064D06Rik,0,0,0,0,1,NA,1.9,0
A530064N14Rik,0,0,0,0,1,NA,0,4.4
A530065N20Rik,0,0,0,0,1,NA,3.7,0
A530072M11Rik,0.201478025,2.204694575,3.016740978,0.730819978,0.464889119,NA,0.4,0.1
A530083I20Rik,0.573701247,-2.032578753,2.974407102,-0.683355937,0.494381956,NA,0,6.4
A630009H07Rik,0,0,0,0,1,NA,0,3.2
A630012P03Rik,0.1711271,2.491975326,3.016757492,0.826044298,0.408778963,NA,0.4,1.9
A630014C17Rik,0.600844882,-2.077046409,2.973868024,-0.698432611,0.484906688,NA,0,4.8
A630035G10Rik,0.04473095,1.732734015,3.024778107,0.572846653,0.566748528,NA,2.6,3.5
A630052C17Rik,0.55523612,-1.975905874,2.975118476,-0.664143593,0.506598412,NA,7.5,5.7
A630075F10Rik,0,0,0,0,1,NA,0,4.8
A630095N17Rik,0,0,0,0,1,NA,0,4.2
A730006G06Rik,0,0,0,0,1,NA,0,3
A730009L09Rik,0.019593663,1.126524066,3.026154283,0.372262602,0.70969734,NA,0,3.9
A730056A06Rik,0,0,0,0,1,NA,4.3,0
A730071L15Rik,1.404664507,4.760032321,2.978448301,1.59815845,0.110007718,NA,9.1,0
A730089K16Rik,0,0,0,0,1,NA,0,4.1
A730091E23Rik,0.491122267,2.728295546,3.007075419,0.907292025,0.36425239,NA,6,2
A830009L08Rik,0.334476832,-0.420395801,2.998677273,-0.140193746,0.888506913,NA,0.1,3.6
A830035A12Rik,0,0,0,0,1,NA,2.2,0
A830082N09Rik,0.226861163,0.362382331,3.021102243,0.11995037,0.904522463,NA,2.7,3.4
A930001A20Rik,0,0,0,0,1,NA,4.5,0
A930002C04Rik,0.140466451,2.370369898,3.018420805,0.785301338,0.432276911,NA,0.5,0
A930002H02Rik,0.252858666,-0.250833163,3.004046385,-0.083498432,0.933455224,NA,0.1,0.7
A930003O13Rik,0.124888875,0.011098855,3.022236547,0.003672398,0.997069857,NA,0,0.6
A930015D03Rik,0.112373161,2.223747084,3.020603431,0.736192994,0.461613255,NA,0.4,3.2
A930016O22Rik,0.145428512,-0.108867707,3.019856532,-0.036050622,0.971241995,NA,3.5,0.5
A930019D19Rik,0.03251612,1.126524066,3.026154283,0.372262602,0.70969734,NA,8.7,0.1
A930024N18Rik,0,0,0,0,1,NA,0,3.3
A930038B10Rik,0,0,0,0,1,NA,0,2.6
AA914427,0.039187325,0.837989154,3.026154276,0.276915543,0.781844958,NA,4,2.4
AA986860,0.393306062,3.170444675,3.009522831,1.053470884,0.292125232,NA,3.8,0
Aanat,0.371988763,-1.398556902,2.984186837,-0.468655945,0.639315582,NA,3.4,6.6
Aarsd1,0.790302514,-0.722036322,2.962786796,-0.243701748,0.807461819,NA,0.5,6.4
Aatk,0.145008063,1.732734015,3.024778107,0.572846653,0.566748528,NA,4,1.3
Abca5,0.231672421,-0.715770924,3.000736422,-0.238531755,0.811468689,NA,2.3,0.8
Abca9,1.642830315,4.657791133,2.975830342,1.565207219,0.117534329,NA,11,3.7
Abcb11,0,0,0,0,1,NA,2.3,0
Abcb5,0.168559741,2.497824176,3.016680679,0.828004168,0.407668139,NA,0.6,0
Abcb6,0,0,0,0,1,NA,3.8,0
Abcc6,0.035415485,1.126524066,3.026154283,0.372262602,0.70969734,NA,3,0.1
Abcd2,0.503496079,3.413938733,3.004911239,1.136119659,0.255906488,NA,1.2,0
Abcg4,0.028848966,1.126524066,3.026154283,0.372262602,0.70969734,NA,0,2.7
Abhd14b,0.220994215,-0.639185657,3.003119776,-0.212840547,0.831451336,NA,0,4
Abhd15,0.453915472,2.947773899,3.008533471,0.979804256,0.327182751,NA,1.5,0.1
Abhd3,0,0,0,0,1,NA,0,3.6
Abi3,0.492303894,-1.802750901,2.977471851,-0.605463625,0.544870987,NA,3.9,6.1
Ablim3,0,0,0,0,1,NA,0,1.4
Abra,0.03251612,1.126524066,3.026154283,0.372262602,0.70969734,NA,0,4.4
AC090881.3,0.2966909,0.581462161,3.018445441,0.1926363,0.847243814,NA,2.9,0.5
AC102119.1,0.709272109,0.478112637,1.757845162,0.271987913,0.785631313,NA,0.7,1.1
AC102132.2,0.864889518,3.651549061,3.000602292,1.216938703,0.223627539,NA,0.5,0
AC102240.1,0.592467055,0.37352009,1.840906586,0.202900078,0.839213133,NA,0.5,1
AC102268.2,0,0,0,0,1,NA,0,2.2
AC107710.1,0.284314032,1.835791821,3.017824961,0.608316203,0.542977777,NA,0.3,0.2
AC107768.1,0.028959053,1.126524066,3.026154283,0.372262602,0.70969734,NA,3.2,0.1
AC109152.1,0.701078861,2.742563691,3.001401951,0.913760881,0.360842506,NA,1.4,0.3
AC110180.1,0.354515067,-1.322791803,2.985666033,-0.443047477,0.657731394,NA,0,1.1
AC110206.1,0.369754384,2.94628429,3.011571276,0.978321288,0.327915444,NA,0.9,4.1
AC110730.1,0,0,0,0,1,NA,2.5,0
AC113528.1,0.40271865,-0.515785754,2.98643315,-0.172709626,0.862879677,NA,0.2,1
AC115631.1,0.906316714,0.566772979,2.961963509,0.191350426,0.848251057,NA,4,1.3
AC115752.1,1.958086261,3.359623578,2.395086898,1.402714691,0.160701935,NA,4.4,0.7
AC115768.1,1.378951525,-0.980415527,1.491916321,-0.657151821,0.511083301,NA,0.7,2.6
AC116451.2,0.390430993,1.561620699,3.012892638,0.51831276,0.604240071,NA,3.9,0.4
AC116766.1,0.493926873,1.829261584,3.008335917,0.60806427,0.543144848,NA,0.6,0.4
AC116849.1,0,0,0,0,1,NA,0,3.9
AC117612.1,0,0,0,0,1,NA,0,2.6
AC120159.1,0,0,0,0,1,NA,0,3.7
AC121135.2,0.221170739,1.068279397,3.018741434,0.353882378,0.723427034,NA,0.3,0.4
AC121824.2,0.575395877,-1.695585845,2.97409794,-0.570117689,0.568597878,NA,0.1,5.7
AC121957.1,0.313935791,1.700762484,3.015801431,0.56395042,0.572787875,NA,0.4,0.3
AC122119.1,0.363709588,1.477129776,3.018816896,0.489307509,0.624624006,NA,0.3,0.3
AC122211.2,0,0,0,0,1,NA,1.9,0
AC122861.1,0.49873064,0.465858774,2.905401499,0.160342305,0.872611435,NA,0.4,3.2
AC123702.1,0.316079438,1.030029461,3.010928314,0.342096973,0.732277916,NA,0.4,0.7
AC123853.1,0,0,0,0,1,NA,0,1.9
AC124012.2,0,0,0,0,1,NA,0,3.4
AC124174.1,0,0,0,0,1,NA,0,2.1
AC124181.1,0.269220244,-0.929923246,2.994695064,-0.310523518,0.756162878,NA,0,0.9
AC124459.1,1.601569754,0.689187018,1.614705011,0.426819149,0.669511058,NA,1.6,1.9
AC124512.1,0.909908854,1.59339123,2.060592396,0.773268519,0.439363483,NA,0.8,4.7
AC124513.1,0.529989089,1.365686943,3.014497394,0.453039683,0.650520167,NA,4,0.4
AC124518.2,0,0,0,0,1,NA,0,2.2
AC125059.3,0.030032649,1.126524066,3.026154283,0.372262602,0.70969734,NA,3.9,0.1
AC125093.1,0,0,0,0,1,NA,0,5.4
AC125544.1,0.289349959,2.515542577,3.016449717,0.833941492,0.404313955,NA,3.6,3.4
AC126029.2,0,0,0,0,1,NA,3.4,0
AC126031.2,0.065545762,1.444198905,3.024778102,0.477456149,0.633037339,NA,3,0.1
AC126944.1,0.342579027,-0.39624941,2.992264359,-0.1324246,0.894648458,NA,0.2,1
AC127256.1,0.224881624,-0.675426784,3.001976468,-0.22499403,0.821983919,NA,0,3.8
AC127342.1,0.02809329,1.681949511,3.024981108,0.55601984,0.578197292,NA,0.1,4.2
AC129773.1,0.231672421,-0.715770924,3.000736422,-0.238531755,0.811468689,NA,0,0.8
AC130693.1,1.16673351,1.276802195,1.295084216,0.985883527,0.324190271,NA,1.5,1.2
AC131118.1,0.029353866,1.126524066,3.026154283,0.372262602,0.70969734,NA,1.7,0.1
AC131185.2,1.245697129,-1.371746391,1.683891958,-0.814628507,0.415284988,NA,2.7,4.2
AC131675.1,0,0,0,0,1,NA,0,2.6
AC131675.2,0.019593663,1.126524066,3.026154283,0.372262602,0.70969734,NA,0,2.9
AC131756.1,1.276003711,2.092920655,2.957974568,0.707551944,0.479223545,NA,6,0.8
AC132088.1,0.174687116,1.641473744,3.020684589,0.543411169,0.586846737,NA,0.3,0.2
AC132253.4,1.456114116,0.009777229,2.940942976,0.003324522,0.99734742,NA,4.5,2.7
AC132253.5,0,0,0,0,1,NA,3.6,0
AC132253.7,0,0,0,0,1,NA,8.6,0
AC132307.3,0.228528047,1.504764283,3.018420756,0.498527013,0.618112635,NA,0.5,0.3
AC132307.6,0.124349871,0.571108091,3.023365133,0.188898154,0.850172641,NA,0.1,0.4
AC132320.1,0,0,0,0,1,NA,3.7,0
AC132452.4,0.357120883,0.368593246,2.77835223,0.132666133,0.894457428,NA,0.2,0.6
AC133186.1,0.246950306,0.246026353,3.012091597,0.081679572,0.934901523,NA,0.2,0.6
AC133601.1,0.435828652,0.720990226,3.019759398,0.238757507,0.811293622,NA,0.2,4.5
AC134458.1,0.040056325,1.126524066,3.026154283,0.372262602,0.70969734,NA,0,3.8
AC134576.1,0.870946819,-2.624682145,2.968421275,-0.884201365,0.376587521,NA,0,10.2
AC134576.3,0,0,0,0,1,NA,0,8
AC134591.2,0.862840702,-0.807286662,2.146381999,-0.376115091,0.706831335,NA,0.5,2
AC134908.1,0.16633188,1.018395266,3.024208921,0.336747656,0.736307135,NA,0.2,4.6
AC138134.2,0.430191278,0.09021489,2.168732702,0.041597976,0.966819187,NA,0.4,0.9
AC138174.3,0.096449986,1.732734015,3.024778107,0.572846653,0.566748528,NA,0.1,2.6
AC139040.1,0,0,0,0,1,NA,0,4.4
AC139347.1,1.625675104,1.710784198,2.937668277,0.58236126,0.56032337,NA,8.6,1.1
AC140073.1,0.019593663,1.126524066,3.026154283,0.372262602,0.70969734,NA,0,3.7
AC140207.2,1.457193681,-0.598966227,1.741691089,-0.343899231,0.73092207,NA,1.5,3.2
AC141471.5,0,0,0,0,1,NA,4.6,0
AC144621.2,0,0,0,0,1,NA,3.9,0
AC145557.1,0.280375711,1.118033726,3.017975008,0.370458245,0.711041082,NA,0.3,0.4
AC147992.1,0.373054966,0.890497372,3.014329642,0.295421363,0.767672016,NA,0.3,0.5
AC148008.1,0,0,0,0,1,NA,3.7,0
AC148017.1,0.141322182,-0.032295464,3.021744446,-0.010687689,0.99147262,NA,0,0.5
AC149224.1,0,0,0,0,1,NA,0,5.5
AC150683.1,0,0,0,0,1,NA,0,2.9
AC150898.1,0.03251612,1.126524066,3.026154283,0.372262602,0.70969734,NA,0,3.7
AC154652.2,1.221555695,-3.11600376,2.965009552,-1.05092537,0.293292867,NA,0,5.1
AC157548.1,0.020814813,1.126524066,3.026154283,0.372262602,0.70969734,NA,0,2.4
AC157910.1,0.804153614,-2.016622911,2.969651618,-0.679077269,0.497088904,NA,0.1,6.6
AC157910.2,0.353851814,-1.342387104,2.985276069,-0.449669335,0.652948886,NA,0,5.9
AC157910.6,0,0,0,0,1,NA,0,2.1
AC158975.2,0,0,0,0,1,NA,0,1.5
AC160336.1,1.018702079,-0.334118375,1.334601373,-0.250350691,0.802316159,NA,4.2,2
AC161119.1,1.181476308,-1.080338768,2.953290955,-0.365808444,0.714508019,NA,1.1,3.7
AC163277.1,0.381441526,2.46113432,3.010694826,0.817463895,0.413663374,NA,0.8,4.6
AC163685.1,1.060949849,4.320170264,2.986110203,1.446755133,0.147965517,NA,1.1,0
AC164009.1,0.30072454,-0.195895557,3.005922848,-0.065169855,0.948038762,NA,0.1,0.6
AC165951.5,0,0,0,0,1,NA,0,3.5
AC165962.4,0.310096515,0.742384832,3.020100086,0.245814645,0.80582572,NA,3,5
AC166748.1,0.273329489,2.412861127,3.017825008,0.799536461,0.423979414,NA,0.3,6.4
AC166779.4,0.028110203,1.126524066,3.026154283,0.372262602,0.70969734,NA,2.7,0.1
AC170598.1,0,0,0,0,1,NA,3.3,0
AC241534.1,0.724086435,-2.359071442,2.970807677,-0.794084201,0.427146414,NA,0,8.3
Acbd7,0,0,0,0,1,NA,0,2.4
Ace,0.628375669,-2.150818516,2.973009275,-0.723448303,0.469404504,NA,0,2
Ackr1,0.08427987,2.053039984,3.023285402,0.67907581,0.497089829,NA,2.7,0
Ackr3,0.394253021,-1.479861131,2.982682609,-0.496151058,0.619787839,NA,3.1,1.3
Ackr4,0.196653031,2.610702923,3.015252934,0.865832147,0.386582217,NA,6.1,0
Acot1,0,0,0,0,1,NA,2.6,0
Acot10,1.549811021,4.241972958,2.47527803,1.713735955,0.08657723,NA,1.6,0.2
Acsbg2,0,0,0,0,1,NA,0,2.8
Acsf2,0.46052531,-0.198868929,2.981304008,-0.06670535,0.946816275,NA,0.3,1
Acsm5,0,0,0,0,1,NA,3.5,0
Actbl2,0,0,0,0,1,NA,3.6,0
Actc1,0.453613828,0.247685288,2.950943052,0.083934283,0.933108682,NA,0.2,0.7
Actg1,0.821243232,-1.02433256,2.633093139,-0.389022532,0.697259479,NA,0.5,2.4
Actn3,0,0,0,0,1,NA,0,1.3
Actrt3,0.960707775,2.179912907,2.983274835,0.730711392,0.464955456,NA,3.9,4.9
Acvr2b,0.657505099,3.638281523,3.000880937,1.21240449,0.225357583,NA,5.2,1.9
Acy3,0.233352196,2.320107372,3.015278069,0.769450551,0.441625889,NA,0.6,0.1
Adad1,0.176342964,-0.36911727,3.011935838,-0.122551505,0.902462258,NA,0,0.9
Adam12,0.145008063,1.732734015,3.024778107,0.572846653,0.566748528,NA,0.1,3.7
Adam2,0.230028578,-0.713523577,3.000804622,-0.237777419,0.812053734,NA,0,0.9
Adam30,0.626233298,3.653766829,3.000555951,1.217696616,0.223339283,NA,4.6,1.4
Adam33,0.086546897,0.549454242,3.026154269,0.181568484,0.855921384,NA,7.4,0.3
Adam6b,0.898417275,4.120019292,2.990421917,1.377738462,0.168284052,NA,11,0
Adamts1,1.095638315,4.40955074,2.984364172,1.477551159,0.139527955,NA,7.9,3.1
Adamts12,0.030032649,1.126524066,3.026154283,0.372262602,0.70969734,NA,15.9,3.4
Adamts13,0.864889518,3.651549061,3.000602292,1.216938703,0.223627539,NA,0.5,0
Adamts17,0.098941174,0.549454242,3.026154269,0.181568484,0.855921384,NA,1.7,0.3
Adamts2,0.25669065,2.801149133,3.013066237,0.929667293,0.352543374,NA,2.9,3
Adamts4,0.168559741,2.497824176,3.016680679,0.828004168,0.407668139,NA,0.6,0
Adamts7,1.48147905,1.262948458,2.938682826,0.429766849,0.66736525,NA,8.2,2
Adamts8,0.168610479,1.187434843,3.023285352,0.392763072,0.694494481,NA,5.3,0.3
Adamtsl1,0.019593663,1.126524066,3.026154283,0.372262602,0.70969734,NA,3.7,3.9
Adamtsl5,1.442006614,3.611090613,2.977689041,1.212715822,0.225238489,NA,4,4.8
Adap2os,0.02809329,1.681949511,3.024981108,0.55601984,0.578197292,NA,0.1,5.9
Adarb2,0,0,0,0,1,NA,0,2
Adcy10,0,0,0,0,1,NA,0,5.2
Adcy3,0,0,0,0,1,NA,3,0
Adgra1,0.330359138,-1.225220065,2.987687507,-0.410089764,0.681740101,NA,1.8,1.1
Adgra2,0.27196747,2.633581213,3.014975894,0.873499923,0.382390648,NA,0.6,0
Adgra3,1.104624073,4.416176226,2.984238876,1.479833354,0.138917725,NA,3.2,4.3
Adgrb2,0.34626129,0.961415697,3.021694254,0.318171071,0.750355175,NA,0.2,2.4
Adgrd2-ps,0,0,0,0,1,NA,0,2.7
Adgre4,0,0,0,0,1,NA,0,4.6
Adgrf3,0,0,0,0,1,NA,0,2.3
Adgrf5,0.798241356,-2.188726528,2.968693957,-0.73726917,0.460958677,NA,0.1,10.4
Adgrg6,1.588755565,0.399204914,2.935193693,0.136006327,0.891816279,NA,5.9,2.4
Adgrl3,0.444793514,2.402355958,3.011249188,0.797793809,0.424990155,NA,0.4,0.2
Adgrv1,0.459439814,-1.700266116,2.979002465,-0.570750154,0.568169016,NA,0,1.5
Adh6b,0,0,0,0,1,NA,3,0
Adh7,0.196653031,2.610702923,3.015252934,0.865832147,0.386582217,NA,11,0
Adig,0.725040317,3.651549061,3.000602292,1.216938703,0.223627539,NA,0.5,0
Adm,0.168610479,1.187434843,3.023285352,0.392763072,0.694494481,NA,0.3,0.3
Adra1b,0,0,0,0,1,NA,1.6,0
Adra2b,0.534093857,-1.921370583,2.975829691,-0.645658785,0.518500358,NA,0,5.8
Afap1l1,0,0,0,0,1,NA,4.2,0
Afmid,1.178113131,-0.104571922,2.762837683,-0.037849463,0.969807707,NA,1.6,9.3
Agrp,0.369023774,0.170605671,2.99311796,0.056999314,0.954545741,NA,3.5,0.8
AI182371,0.130484434,0.005065525,3.022187876,0.001676112,0.998662657,NA,0,0.6
AI314278,0.535104451,-1.918812934,2.975863705,-0.644791941,0.519062025,NA,0,1.7
AI427809,0,0,0,0,1,NA,2.1,2.5
AI661453,0,0,0,0,1,NA,2.5,0
AI839979,1.421732942,0.378330244,2.941776203,0.128606059,0.897669372,NA,0.7,6.6
Aif1l,0.140551015,-0.07502764,3.020789946,-0.024837093,0.980184905,NA,1.7,0.5
Aipl1,0.705848477,2.374988674,3.000517352,0.791526392,0.428636881,NA,1.3,0.4
Ak1,0,0,0,0,1,NA,4.9,4
AK157302,0.035415485,1.126524066,3.026154283,0.372262602,0.70969734,NA,0,3.5
Ak5,0.337119482,3.039139384,3.010686203,1.00945073,0.31275852,NA,1.2,0
Ak7,0.238398396,2.424537991,3.017664063,0.803448608,0.421715489,NA,0.3,2.5
Ak8,0.188404672,-0.440666501,3.009607875,-0.146419906,0.883589914,NA,3.9,0.8
Ak9,0.030032649,1.126524066,3.026154283,0.372262602,0.70969734,NA,0,2.1
Akirin1-ps,0.318797483,-1.184300406,2.988576262,-0.396275786,0.691901589,NA,0,1.3
Akr1c12,0.556163075,3.523006605,3.002885945,1.173206931,0.240712833,NA,1.3,3.8
Akt2-ps,0.019593663,1.126524066,3.026154283,0.372262602,0.70969734,NA,1.6,0.1
AL603804.1,0.475215257,0.658612803,2.931535767,0.224664768,0.822240075,NA,3.7,6
AL626765.1,0.329210669,-0.385822815,2.999722359,-0.128619508,0.897658729,NA,0.1,0.8
AL672038.1,0.259640692,-0.880403656,2.996014751,-0.293858251,0.768866221,NA,0,0.9
AL805980.1,0,0,0,0,1,NA,0,4.8
Alas2,0.673943845,0.891570769,2.994989972,0.297687397,0.765941763,NA,0.4,0.8
Aldh1a2,0,0,0,0,1,NA,0,4.8
Aldoa-ps4,0.792691301,0.921370699,1.91071063,0.482213625,0.629654199,NA,1.2,1
Aldoart1,1.330430721,-0.09387001,1.371725549,-0.068432063,0.945441699,NA,1.2,2.6
Aldoart2,0.143475464,0.47792795,3.022588002,0.158118787,0.874363197,NA,1.9,0.4
Aldob,0.243941524,2.369779172,3.014680912,0.786079602,0.431820854,NA,0.5,0.1
Alk,0.149089648,-0.134392004,3.019116301,-0.044513689,0.96449494,NA,0,0.5
Alkal2,0,0,0,0,1,NA,0,3.5
Alkbh3os1,0.389570338,-1.453652397,2.983158381,-0.487286363,0.626055411,NA,0,4.9
Alox12,0.09721746,1.732734015,3.024778107,0.572846653,0.566748528,NA,0.1,3.9
Alpk1,1.1209109,-2.988085071,2.965789639,-1.007517537,0.313686135,NA,0,3.6
Alpk3,0.565773379,1.271222305,2.999410116,0.423824104,0.671694098,NA,0.4,0.6
Als2cr12,0.212492912,-0.570546697,3.005363837,-0.189842804,0.849432313,NA,0,0.6
Alx4,0.164076201,-0.276565967,3.014879522,-0.091733671,0.926909644,NA,0,0.8
Amdhd1,0.042861344,1.732734015,3.024778107,0.572846653,0.566748528,NA,0.1,3
Amd-ps7,0,0,0,0,1,NA,2.5,0
Amelx,0,0,0,0,1,NA,3.2,0
Amn,0,0,0,0,1,NA,0,3.1
Amot,0.042781775,1.732734015,3.024778107,0.572846653,0.566748528,NA,14.4,7.2
Amotl2,0.564498166,-1.998373861,2.97483313,-0.671759986,0.501736506,NA,4.4,4.8
Ampd1,0.040056325,1.126524066,3.026154283,0.372262602,0.70969734,NA,4.4,2.2
Amph,0.269684138,-0.944449246,2.994316326,-0.315413985,0.75244735,NA,0,6
Amy1,0.056220406,0.837989154,3.026154276,0.276915543,0.781844958,NA,1.8,0.2
Ang,1.905441164,-3.058831316,2.727762145,-1.121370249,0.262130294,NA,4,6.1
Angpt1,0.927078574,4.174978662,2.989179773,1.39669708,0.162504683,NA,10.9,0
Angpt4,0.252839611,2.804220994,3.013033118,0.930697036,0.352010303,NA,0.9,3.4
Angptl3,1.183509177,4.457633873,2.983467435,1.494111791,0.135146403,NA,0.9,0
Angptl6,0.303665143,-1.124959847,2.989910089,-0.376252066,0.706729511,NA,1.4,1.5
Ank1,0.172977904,1.732734015,3.024778107,0.572846653,0.566748528,NA,0.1,1.9
Ank2,0.496796572,-1.184053505,2.980895688,-0.397214002,0.691209658,NA,10.8,4.5
Ankdd1a,0.096449986,1.732734015,3.024778107,0.572846653,0.566748528,NA,0.1,2.4
Ankef1,0,0,0,0,1,NA,0,4
Ankrd23,0.519281384,-1.879840913,2.976389461,-0.63158432,0.527658535,NA,3.4,7.1
Ankrd34b,0.196771421,-0.484976558,3.008221209,-0.161217053,0.87192245,NA,0,0.7
Ankrd45,0.180522776,2.081834693,3.018420789,0.689709898,0.49037664,NA,0.5,0.1
Ankrd55,0.310426927,-1.115132786,2.990136246,-0.372937115,0.709195248,NA,2.8,0.8
Ankrd6,0.040056325,1.126524066,3.026154283,0.372262602,0.70969734,NA,0,3.4
Ankrd60,0,0,0,0,1,NA,0,1.3
Ankrd61,0.180195894,-0.362232239,3.012165797,-0.120256408,0.904280035,NA,0,0.6
Ankrd66,0.02809329,1.681949511,3.024981108,0.55601984,0.578197292,NA,0.1,5
Anks1b,0.310756707,2.900052705,3.012032298,0.962822579,0.335636568,NA,0.6,5.2
Ankub1,0.299472425,2.926467015,3.011767199,0.971677696,0.331210916,NA,0.7,0
Ano1,0,0,0,0,1,NA,4.8,0
Ano5,0,0,0,0,1,NA,0,3
Anpep,0.697381177,-1.126156488,2.968058288,-0.379425327,0.704372046,NA,0.3,1.7
Anxa11,0.607790398,-2.108741984,2.973493723,-0.709179901,0.478212844,NA,0,2.3
Anxa8,0,0,0,0,1,NA,5.7,0
Aoah,0.251631615,0.528712968,3.022384832,0.174932379,0.861132768,NA,7.6,0.4
Aoc3,0.070875065,1.956644328,3.023953623,0.647048392,0.517600625,NA,3.4,3.2
Aox1,0.821490303,3.923030685,2.99477884,1.309956726,0.190210475,NA,6.6,0
Ap1m2,0.098967125,1.732734015,3.024778107,0.572846653,0.566748528,NA,0.1,2.3
Apba2,0.395253344,-0.740664409,2.990081257,-0.247707117,0.804361025,NA,0.1,0.8
Apc2,0.078374651,0.356075849,3.024990499,0.117711394,0.906296338,NA,0,5.2
Apcdd1,0.993350723,1.877989259,2.971330519,0.632036472,0.527363045,NA,2.4,1
Aplnr,0.60611673,2.402355958,3.011249188,0.797793809,0.424990155,NA,0.4,0.2
Apobec4,0,0,0,0,1,NA,0,1.5
Apof,0,0,0,0,1,NA,0,2.7
Apol6,0.583304759,3.52907026,3.002777529,1.175268639,0.239887257,NA,0.6,0
Apol7a,0,0,0,0,1,NA,2.8,0
Apol7d,0.526004079,2.979424421,3.011249229,0.98943136,0.322452137,NA,5.4,0
Apom,1.00568342,1.097897234,2.961203937,0.370760426,0.710815979,NA,0.7,5.4
Apoo,1.342251365,-3.248944687,2.964268648,-1.096035843,0.273063089,NA,5.5,9.4
Appbp2os,0.227013348,1.504764283,3.018420756,0.498527013,0.618112635,NA,0.5,0.3
Aqp10-ps,0.347508631,-1.300446479,2.986117129,-0.435497478,0.663201369,NA,0,1.2
Aqp11,1.417724047,3.624251006,2.978445456,1.216826381,0.22367028,NA,7.6,0.4
Aqp4,0,0,0,0,1,NA,0,4.2
Aqp7,1.760513745,4.454835143,2.974734273,1.497557339,0.134248298,NA,3.4,0.2
Arf4os,0,0,0,0,1,NA,0,1.8
Arfgef3,0.086546897,0.549454242,3.026154269,0.181568484,0.855921384,NA,0,4.7
Arg2,0,0,0,0,1,NA,1.5,0
Arhgap15os,1.241746089,-3.13078864,2.964923752,-1.055942379,0.290994541,NA,0,7.4
Arhgap22,0,0,0,0,1,NA,0,3
Arhgap24,0.72482122,3.486270565,2.998126699,1.16281629,0.244904046,NA,6.3,2
Arhgap27os2,0.173754316,-0.318422872,3.013614033,-0.105661464,0.915850956,NA,0,0.6
Arhgap28,0.020814813,1.126524066,3.026154283,0.372262602,0.70969734,NA,4.5,0.1
Arhgap29,0.923303374,-0.161741085,2.958972137,-0.05466124,0.956408349,NA,1.4,2.4
Arhgap32,0.03251612,1.126524066,3.026154283,0.372262602,0.70969734,NA,0,4.5
Arhgap42,0.983265155,4.257489164,2.987398773,1.425149264,0.154114059,NA,7.8,0
Arhgap44,0.052109783,0.837989154,3.026154276,0.276915543,0.781844958,NA,0,3.8
Arhgap6,0,0,0,0,1,NA,3.5,0
Arhgdig,0.927078574,4.174978662,2.989179773,1.39669708,0.162504683,NA,7.8,0
Arhgef11,1.819184563,3.438037308,2.967825608,1.158436432,0.246685979,NA,6.7,9.4
Arhgef15,0,0,0,0,1,NA,3.6,2.5
Arhgef17,0,0,0,0,1,NA,2.2,2.3
Arhgef19,0.283323882,-0.990287534,2.993145489,-0.330851787,0.740756441,NA,0,0.8
Arhgef26,0.72820917,-2.367220577,2.970727781,-0.796848702,0.425538906,NA,0,2.5
Arhgef33,0.0894619,2.059658844,3.023202765,0.681283726,0.495691979,NA,3.2,2.3
Armc2,0.146935407,0.47010496,3.021917982,0.155565096,0.87637584,NA,4.9,6.3
Armc3,1.17687066,0.199270718,2.758814666,0.072230556,0.942418428,NA,5.6,9.5
Armcx1,0,0,0,0,1,NA,2.9,1.5
Armcx3,0.960696727,2.139275722,2.980258069,0.717815596,0.472870996,NA,5.3,5.1
Armcx6,0,0,0,0,1,NA,0,3.5
Arntl2,0.995929358,-1.742563687,2.961735453,-0.588358992,0.556291357,NA,0.3,3.1
Arpp21,0.103924272,0.265201602,3.024208348,0.087692901,0.930120762,NA,6.5,0.4
Arrdc5,0,0,0,0,1,NA,0,4.1
Arsg,0.991203196,-2.812456202,2.966979317,-0.947919045,0.343170669,NA,4.7,8.7
Arsi,0,0,0,0,1,NA,1.6,0
Arsj,0.393542842,-1.481341176,2.982655995,-0.496651702,0.619434687,NA,0,5.9
Art1,0,0,0,0,1,NA,0,3.5
Arvcf,0.613109122,0.342239619,2.974343931,0.115063902,0.908394472,NA,0.7,5.2
Arx,0.325161201,-1.197030027,2.988297112,-0.400572628,0.688734802,NA,0,1
Asap3,0.299472425,2.926467015,3.011767199,0.971677696,0.331210916,NA,0.7,0
Asb11,0.309026191,2.966655047,3.011372496,0.985150476,0.324550163,NA,1.1,0
Asb16,0.575019328,1.853736899,2.227973108,0.832028399,0.405392915,NA,0.6,0.4
Asb17os,0.173754316,-0.318422872,3.013614033,-0.105661464,0.915850956,NA,0,0.6
Asb18,0.514799217,0.028417435,2.848301093,0.009976977,0.992039656,NA,0.3,1.1
Asic1,0.346187589,-1.295174032,2.986224579,-0.433716218,0.664494528,NA,0,1.2
Asic4,0,0,0,0,1,NA,3.4,0
Aspa,0.191941913,2.203439852,3.016757481,0.730400062,0.46514568,NA,7.9,5.8
Asphd1,0,0,0,0,1,NA,0,6.9
Asphd2,0.035415485,1.126524066,3.026154283,0.372262602,0.70969734,NA,0,4.5
Asprv1,1.437202082,2.081954113,2.950766785,0.705563762,0.480459467,NA,6.7,4.4
Astl,0.379809668,-1.422389731,2.983737187,-0.476714148,0.633565687,NA,0,1.2
Asxl3,0.02809329,1.681949511,3.024981108,0.55601984,0.578197292,NA,0.1,2.5
Atg4a-ps,0.602169327,2.08199997,3.00348179,0.693195469,0.488186891,NA,0.5,0.5
Atg9b,1.241986816,-2.603626902,2.964821117,-0.878173353,0.37984965,NA,4,10
Atl1,0.106246456,0.549454242,3.026154269,0.181568484,0.855921384,NA,3.1,0.3
Atp1a2,0.358939171,3.086508663,3.010254934,1.025331319,0.305206883,NA,4.1,0
Atp1b2,1.207735647,4.537350205,2.982043306,1.521557449,0.128120006,NA,6.9,0
Atp2c2,0.141332213,1.935211944,3.020603412,0.640670648,0.521736688,NA,0.4,0.1
Atp4a,0.030032649,1.126524066,3.026154283,0.372262602,0.70969734,NA,4.4,0.1
Atp4b,0.176342964,-0.36911727,3.011935838,-0.122551505,0.902462258,NA,0,0.9
Atp5c1-ps,1.027007823,-2.103661682,1.983747393,-1.060448367,0.288940668,NA,0.2,4
Atp5k-ps2,0.411764178,0.012331341,3.000366967,0.004109944,0.996720748,NA,0.2,0.8
Atp5l2-ps,0.26026124,-0.323034244,3.001684342,-0.10761766,0.914298988,NA,0.1,1.1
Atp5l-ps1,0.195223706,0.621893423,3.023162019,0.205709591,0.837017766,NA,0.1,0.4
Atp5l-ps2,0.140551015,-0.07502764,3.020789946,-0.024837093,0.980184905,NA,0,0.5
Atp6v0d2,0.04473095,1.732734015,3.024778107,0.572846653,0.566748528,NA,2.9,0
Atp6v0e2,0.97864259,-1.809504123,2.962960852,-0.610708077,0.541392858,NA,0.3,9.2
Atp6v1c2,0,0,0,0,1,NA,4.1,3.4
Atp6v1g3,0,0,0,0,1,NA,2.2,0
Atp8a2,0.506890271,3.053826654,3.006320772,1.015802,0.309723683,NA,1.1,3.2
Atp8b5,0.042781775,1.732734015,3.024778107,0.572846653,0.566748528,NA,2.7,5.6
Atxn7l1os2,0.840820918,-2.575508317,2.968830774,-0.86751604,0.385659327,NA,0,3.3
AU022793,0,0,0,0,1,NA,0,3
AU040972,0,0,0,0,1,NA,4.9,3.2
AV356131,0.450248318,2.947773899,3.008533471,0.979804256,0.327182751,NA,1.5,0.1
Avpr2,0,0,0,0,1,NA,0,2.6
AW046200,0.976286804,-0.545535394,2.957207022,-0.184476565,0.85363961,NA,3.1,7.2
AW121686,0,0,0,0,1,NA,0,1.8
AW551984,0,0,0,0,1,NA,0,3.6
AW822073,0.030032649,1.126524066,3.026154283,0.372262602,0.70969734,NA,6.6,0.1
Awat2,0,0,0,0,1,NA,0,2.2
AY074887,1.715124815,0.31185393,1.392757182,0.223911198,0.822826402,NA,1.8,2.4
Azin2,1.065127371,1.250588177,2.809469442,0.445133219,0.656223484,NA,8.2,1.2
B130046B21Rik,1.489763482,-3.103389,2.962451425,-1.047574645,0.294834624,NA,0.1,4.5
B230119M05Rik,0,0,0,0,1,NA,1.8,0
B230206H07Rik,0.399301833,1.938473865,3.016449665,0.642634249,0.520461454,NA,0.3,0.2
B230217O12Rik,0.219915538,2.678315269,3.014445793,0.888493426,0.374275391,NA,0.5,2.2
B230303O12Rik,0.221760736,2.312096314,3.019264289,0.76578136,0.443806407,NA,2.8,2.1
B230317F23Rik,1.518903121,4.863147693,2.97695848,1.633596077,0.102343692,NA,7.2,3.6
B230319C09Rik,0.235422341,0.867129086,3.02477809,0.286675273,0.774360972,NA,4.3,2.7
B230322F03Rik,0.327824256,-1.207412393,2.988071238,-0.404077512,0.686155721,NA,0,1
B230334C09Rik,0.057918105,0.837989154,3.026154276,0.276915543,0.781844958,NA,0,2.2
B230344G16Rik,0,0,0,0,1,NA,0,2.6
B3galt1,0.168559741,2.497824176,3.016680679,0.828004168,0.407668139,NA,3,0
B3gnt7,0.998575444,3.592508543,2.989299746,1.201789331,0.22944516,NA,5.4,0.2
B3gnt8,0.840855986,-1.554473141,2.965112803,-0.524254301,0.600101677,NA,4.4,2.2
B3gnt9,0,0,0,0,1,NA,0,1.9
B430203G13Rik,0.06503224,0.837989154,3.026154276,0.276915543,0.781844958,NA,0,3.5
B430219N15Rik,0.02809329,1.681949511,3.024981108,0.55601984,0.578197292,NA,0.1,3.7
B630019A10Rik,0.843754377,0.510202741,2.96371941,0.172149475,0.863320018,NA,1.1,4.8
B630019K06Rik,0.1711271,2.491975326,3.016757492,0.826044298,0.408778963,NA,6.3,0
B930018H19Rik,0.056942256,1.393414388,3.024981103,0.460635733,0.64505997,NA,0.1,3.5
B930082K07Rik,0,0,0,0,1,NA,2.8,0
B930086L07Rik,0.123105601,0.673751339,3.023613782,0.222829828,0.823667952,NA,2.9,0.4
B9d1,0.357847599,3.074336982,3.010364478,1.02125075,0.307135653,NA,6.2,8.9
Bach2os,0.360391787,-1.35087578,2.985108761,-0.452538212,0.6508813,NA,0,1.2
Bank1,0.09721746,1.732734015,3.024778107,0.572846653,0.566748528,NA,2.4,0
Barhl1,0,0,0,0,1,NA,0,3.9
BB123696,0.03251612,1.126524066,3.026154283,0.372262602,0.70969734,NA,2.2,0.1
Bbs1,0.602180114,3.588756222,3.001733024,1.195561428,0.231867751,NA,1.2,5.3
Bbs10,1.503788623,-1.873309547,2.955978281,-0.633735897,0.526253194,NA,0.3,11.1
Bbs5,0.065448134,0.837989154,3.026154276,0.276915543,0.781844958,NA,2.7,0.2
Bbs7,0.515792493,-0.549052097,2.985381788,-0.183913528,0.854081292,NA,4.5,1.1
BC024063,1.93577721,2.68113548,2.943820784,0.910767223,0.362418036,NA,8.9,4.2
BC024386,0.234830924,-0.734155094,3.000182541,-0.244703475,0.806686037,NA,0,3.3
BC025920,0.042861344,1.732734015,3.024778107,0.572846653,0.566748528,NA,0.1,3.6
BC030343,0,0,0,0,1,NA,0,5
BC035044,1.411798576,4.760050589,2.978448028,1.59816473,0.110006321,NA,8,2.5
BC037039,0,0,0,0,1,NA,0,4.3
BC037704,0.898985284,4.131877875,2.990150019,1.381829624,0.167024021,NA,5.7,4.6
BC048559,0.958326031,0.587515901,2.958275963,0.198600776,0.842575047,NA,1.3,8.7
BC049762,0,0,0,0,1,NA,0,2.7
BC051019,0.144795263,-0.104418574,3.01998682,-0.034575838,0.972417969,NA,0,4.9
BC051142,0.43820614,0.030679092,2.984152558,0.010280671,0.991797355,NA,0.5,3.5
BC051226,1.663152932,-1.807750486,2.115676649,-0.854454997,0.392852934,NA,0.7,4.2
BC051537,0.072135641,1.444198905,3.024778102,0.477456149,0.633037339,NA,0.1,1.8
BC106175,0,0,0,0,1,NA,1.5,0
BC106179,0.298685854,-0.693255824,2.992725456,-0.231646983,0.816812212,NA,0.1,4.1
Bcar3,0.359637929,-1.332853072,2.985465147,-0.446447373,0.65527412,NA,0,1
Bcas3os2,0,0,0,0,1,NA,0,4.7
Bcl2a1c,0.275961354,0.032174564,3.005238192,0.010706161,0.991457883,NA,0.2,0.6
Bcl2l14,0.680362912,-2.275014053,2.971658508,-0.765570488,0.44393191,NA,0,3
Bcl6b,0.988664525,-1.379800705,2.960088515,-0.466134948,0.641118909,NA,5.2,2.7
Bco1,1.206078536,0.25294027,2.948008224,0.085800395,0.931625092,NA,2,4.8
Bdkrb1,0,0,0,0,1,NA,1.9,0
Bdkrb2,0.74747281,0.416199625,2.991916965,0.139108013,0.889364796,NA,0.3,0.7
Begain,0,0,0,0,1,NA,0,3.9
Bend3,0.881265711,-1.866162081,2.966687697,-0.629038939,0.529323564,NA,3,8.3
Best4-ps,0.100924627,1.155663995,3.024778096,0.382065712,0.702412624,NA,3.4,0.2
Bex1,0.09721746,1.732734015,3.024778107,0.572846653,0.566748528,NA,0.1,2.4
Bfsp2,0.09721746,1.732734015,3.024778107,0.572846653,0.566748528,NA,3.5,0
Bglap2,0.365212772,3.106867383,3.010073646,1.032156601,0.301998762,NA,1.3,0
Bhlha15,0.318549579,-1.174971901,2.988782377,-0.393127285,0.694225473,NA,0,4.3
Bhlha9,0.145703688,-0.138707553,3.018992352,-0.045944983,0.963354101,NA,0,0.7
Bicdl2,0,0,0,0,1,NA,5.6,0
Bmp10,0.140466451,2.370369898,3.018420805,0.785301338,0.432276911,NA,0.5,0
Bmp2,0.699996175,3.758500919,2.998442772,1.253484293,0.210029512,NA,1,0
Bmper,0.898985284,4.131877875,2.990150019,1.381829624,0.167024021,NA,5.2,0
Bmx,0,0,0,0,1,NA,0,3.3
Bnc2,1.039290096,-0.287383392,2.955462605,-0.09723804,0.922537359,NA,13.6,5.6
Bnip3l-ps,0.180700623,0.274450961,3.020157738,0.090873055,0.92759346,NA,0.1,0.5
Boc,1.537022561,0.999192539,2.938250623,0.340063755,0.733808516,NA,0.6,1.7
Bod1-ps,0.428304061,0.94565761,2.69200366,0.351283924,0.725375354,NA,0.6,0.7
Bok,0.060065298,0.837989154,3.026154276,0.276915543,0.781844958,NA,0,2.5
Boll,1.160064506,4.420021903,2.984166406,1.481157986,0.138564479,NA,0.8,2.4
Brd3os,0.178280648,-0.361518558,3.012189694,-0.120018523,0.904468475,NA,0,0.7
Brinp3,0.813508174,3.641340883,2.994631824,1.215956117,0.224001639,NA,7.9,0.1
Brsk1,0.989671247,4.21768988,2.988245547,1.41142681,0.158118802,NA,1,0
Bsn,0.191039039,2.204694575,3.016740978,0.730819978,0.464889119,NA,8.1,1.5
Btbd16,0.310061083,-1.137732594,2.989618405,-0.380561142,0.70352892,NA,0,1.1
Btbd3,0,0,0,0,1,NA,13.7,3.8
Btg3,1.71662394,-3.606102827,2.962584482,-1.217215188,0.223522353,NA,4.6,7.2
Btnl10,0.140551015,-0.07502764,3.020789946,-0.024837093,0.980184905,NA,0,0.5
Btnl2,0.028110203,1.126524066,3.026154283,0.372262602,0.70969734,NA,0,2.8
Btnl9,1.037867421,4.236263777,2.987847552,1.417831299,0.156240024,NA,0.6,0
C030015E24Rik,0,0,0,0,1,NA,4.2,0
C030017G13Rik,0.084330609,0.549454242,3.026154269,0.181568484,0.855921384,NA,4.9,2.7
C030018K13Rik,0,0,0,0,1,NA,4.5,0
C030029H02Rik,1.860518581,-3.720203256,2.962128349,-1.25592237,0.209144117,NA,0,6.3
C030034L19Rik,0.214306721,2.65965382,3.014665085,0.882238572,0.377647807,NA,0.5,0
C030037D09Rik,0.414690824,-1.556842578,2.981333565,-0.52219671,0.601533377,NA,3.9,4.9
C130026I21Rik,1.845325652,3.493358867,2.468246263,1.415320229,0.156974626,NA,3.8,0.6
C130050O18Rik,0.555123713,-0.364836357,2.973659087,-0.122689369,0.902353083,NA,0.6,1.2
C130071C03Rik,0.25477897,2.423568933,3.014055353,0.804089059,0.421345543,NA,0.8,0.1
C130074G19Rik,0.822503586,-1.521803728,2.965437346,-0.513180199,0.607825275,NA,2.2,5.8
C130075A20Rik,0.21553029,-0.640714402,3.003070977,-0.213353066,0.831051585,NA,0,5.5
C130083M11Rik,0,0,0,0,1,NA,2.3,0
C130093G08Rik,1.665363807,-1.125304803,1.526641411,-0.73711141,0.461054601,NA,1.1,4.2
C18orf63,0,0,0,0,1,NA,0,6.5
C1qtnf1,1.628405342,-3.526804453,2.962923359,-1.190312413,0.233923624,NA,0,5.7
C1qtnf3,0.357602751,-0.545750845,2.995087712,-0.182215313,0.855413756,NA,0.1,0.7
C1qtnf9,0.230791726,-0.710602441,3.000893391,-0.236796963,0.812814308,NA,0,0.8
C1ra,1.688082888,4.709158662,2.975164822,1.582822782,0.113461862,NA,7.3,0.1
C1s1,1.755466905,2.935624176,2.956417367,0.992966761,0.320726153,NA,17.1,0.7
C2,1.194271278,-3.083264989,2.965202691,-1.039815928,0.298425427,NA,1.8,4.9
C230013L11Rik,0,0,0,0,1,NA,2,1.6
C230035I16Rik,0.874222128,-2.637560216,2.968316307,-0.888571144,0.374233605,NA,0,8.8
C230062I16Rik,1.871282317,0.784867436,1.507198825,0.520745785,0.602543875,NA,2.8,2.6
C230072F16Rik,0,0,0,0,1,NA,1.8,0
C2cd6,0,0,0,0,1,NA,0,1.3
C330013E15Rik,1.521742237,-0.970719243,2.946198752,-0.329481927,0.741791452,NA,1.1,8.8
C330021F23Rik,0.028959053,1.126524066,3.026154283,0.372262602,0.70969734,NA,0,2.7
C430014B12Rik,0,0,0,0,1,NA,0,2.2
C430049B03Rik,0,0,0,0,1,NA,0,1.8
C4a,0.54834303,3.482340501,3.003624264,1.159379534,0.246301515,NA,0.9,6.7
C4b,0.341367989,1.495516655,3.01259215,0.496421879,0.619596792,NA,4.9,3.4
C530005A16Rik,0.19742219,-0.487726979,3.008136487,-0.162135921,0.87119882,NA,0,3.2
C530043K16Rik,1.398369671,-1.091351881,2.699893151,-0.404220397,0.686050656,NA,3.6,3.6
C630043F03Rik,0,0,0,0,1,NA,1.7,0
C730002L08Rik,0,0,0,0,1,NA,0,3
C78197,0.042781775,1.732734015,3.024778107,0.572846653,0.566748528,NA,8,0
C78859,0.029353866,1.126524066,3.026154283,0.372262602,0.70969734,NA,0,4.3
CAAA01147332.1,1.62568771,-1.668328697,2.545969865,-0.655282185,0.512286088,NA,0.7,5.2
Cabcoco1,0.627625168,-2.154771685,2.972964477,-0.724788911,0.46858154,NA,2.1,2.4
Cabp7,0.393306062,3.170444675,3.009522831,1.053470884,0.292125232,NA,1.4,0
Cabyr,0.583714284,2.912946977,3.003483336,0.969856214,0.332118168,NA,1.1,9.5
Cacna1c,0.075471811,0.837989154,3.026154276,0.276915543,0.781844958,NA,4.2,0.2
Cacna1e,0.920386715,-1.514793211,2.969907544,-0.510047262,0.610018351,NA,0.2,6.2
Cacna1i,1.693342778,-1.028574657,2.943014148,-0.349497014,0.726716212,NA,1.6,4.9
Cacna2d3,0,0,0,0,1,NA,0,3.9
Cacnb2,0,0,0,0,1,NA,0,4.5
Cacng7,0.124888875,0.011098855,3.022236547,0.003672398,0.997069857,NA,0,0.6
Cacng8,0,0,0,0,1,NA,9.1,5.7
Cadm2,0,0,0,0,1,NA,5,0
Cadps,0.02809329,1.681949511,3.024981108,0.55601984,0.578197292,NA,0.1,1.8
Cadps2,0,0,0,0,1,NA,0,2.3
Calml4,0,0,0,0,1,NA,0,4.7
Calr4,0,0,0,0,1,NA,0,3.1
Calr-ps,0.233540659,1.67934036,3.020099648,0.556054619,0.578173517,NA,0.3,0.2
Camk2a,0.206431292,-0.53112683,3.006700697,-0.176647722,0.859785106,NA,2.2,0.6
Camsap3,0.598846616,1.130395249,2.988116235,0.378296947,0.705210013,NA,0.9,0.7
Cap2,0,0,0,0,1,NA,3.3,1.5
Capn11,0.24145805,2.059658844,3.023202765,0.681283726,0.495691979,NA,3.8,3.6
Capn12,0.13419285,2.319821187,3.019150689,0.768368798,0.442268112,NA,3.1,0
Capn6,0,0,0,0,1,NA,0,4.1
Capn9,0,0,0,0,1,NA,0,1.4
Capns2,0.330359138,-1.225220065,2.987687507,-0.410089764,0.681740101,NA,0,1.1
Car11,0,0,0,0,1,NA,1.3,0
Car13,0.639633247,0.474927899,2.982001986,0.159264783,0.873460266,NA,0.6,4.8
Car15,0,0,0,0,1,NA,0,4.7
Car6,0.02809329,1.681949511,3.024981108,0.55601984,0.578197292,NA,3.8,3.6
Car8,0.030032649,1.126524066,3.026154283,0.372262602,0.70969734,NA,3.6,0.1
Carm1,1.172060271,4.427564747,2.984024809,1.483756011,0.137873661,NA,0.9,3.8
Carmil3,0.097968313,0.194508577,3.023628819,0.064329515,0.948707852,NA,0,2.5
Casc1,0.377441262,2.785801842,3.010364467,0.925403509,0.354756054,NA,5.6,2.8
Catip,0,0,0,0,1,NA,4.3,3
Catsper4,0,0,0,0,1,NA,4.2,0
Catsperd,0,0,0,0,1,NA,0,4.9
Catsperg1,0.085722688,2.045612598,3.023378531,0.676598242,0.498660895,NA,2.2,0
Catsperz,0,0,0,0,1,NA,0,2.2
Cav2,1.389454024,-2.76989771,2.96233671,-0.935038107,0.349768661,NA,0.2,4.4
Cavin2,0.898417275,4.120019292,2.990421917,1.377738462,0.168284052,NA,6.6,0
Cbln3,0,0,0,0,1,NA,3.5,0
Cbr2,1.099506267,4.087335135,2.985009794,1.36928701,0.170909577,NA,7.6,4.9
Cbr3,0.28110203,-0.996701956,2.992984548,-0.33301273,0.739124674,NA,4.3,5.4
Cbs,0.070875065,1.956644328,3.023953623,0.647048392,0.517600625,NA,3.8,0
Cc2d2b,0,0,0,0,1,NA,0,2.7
Ccdc114,0.431060579,-1.626239675,2.980176984,-0.545685603,0.58528207,NA,2.7,4.5
Ccdc116,0.448058905,-1.660960645,2.979618661,-0.557440677,0.57722638,NA,0,1.4
Ccdc120,0.565825447,-2.004455497,2.974756648,-0.673821672,0.500424695,NA,0,2.1
Ccdc122,0.200281627,-0.300003239,3.014166614,-0.099531073,0.920716617,NA,5.3,17.9
Ccdc13,0.02809329,1.681949511,3.024981108,0.55601984,0.578197292,NA,0.1,6.1
Ccdc150,0.269543781,0.00354436,3.012360385,0.001176606,0.999061205,NA,2.8,0.6
Ccdc154,0.207986609,-0.573492654,3.005265359,-0.19082929,0.848659341,NA,0,0.9
Ccdc159,0.42781775,3.237277989,3.008512586,1.076039371,0.281909649,NA,1,0
Ccdc169,0,0,0,0,1,NA,0,3.5
Ccdc180,1.234046953,3.225706826,2.981558055,1.081886305,0.279303051,NA,2.6,2.6
Ccdc183,0,0,0,0,1,NA,0,3.2
Ccdc189,0.661398913,-1.601558764,2.974458643,-0.538437059,0.590275347,NA,3.4,7.2
Ccdc39,1.053868533,1.258516452,2.960128789,0.425155979,0.670722973,NA,0.9,4.5
Ccdc50-ps,0.020814813,1.126524066,3.026154283,0.372262602,0.70969734,NA,0,3.4
Ccdc54,0,0,0,0,1,NA,0,3.7
Ccdc7a,0,0,0,0,1,NA,0,2.3
Ccdc96,0.13150102,1.732734015,3.024778107,0.572846653,0.566748528,NA,7.8,0
Ccdc9b,0.965295942,2.998297163,2.989441837,1.0029622,0.3158791,NA,2.3,0.4
Ccl24,0,0,0,0,1,NA,16.2,0
Ccn5,0,0,0,0,1,NA,4.3,0
Ccnjl,0,0,0,0,1,NA,2.3,0
Ccr1l1,0.137155639,-0.07713362,3.02073704,-0.025534702,0.979628469,NA,0,3.1
Ccr4,1.440599262,0.849572903,2.939287211,0.289040452,0.772550422,NA,2.2,5.7
Ccr6,0.196771421,-0.484976558,3.008221209,-0.161217053,0.87192245,NA,2.2,0.7
Cct3-ps1,0.160631713,0.52871329,3.022384835,0.174932485,0.861132685,NA,0.1,0.4
Cct6b,0.042781775,1.732734015,3.024778107,0.572846653,0.566748528,NA,8.8,2.4
Cd109,0.061365086,0.837989154,3.026154276,0.276915543,0.781844958,NA,4.1,0.2
Cd177,0,0,0,0,1,NA,0,3.2
Cd276,0.556036728,2.690890189,3.011249208,0.893612585,0.37152921,NA,3.5,0.1
Cd300e,1.627228932,-3.522412177,2.962942678,-1.188822249,0.234509621,NA,3.3,9.5
Cd300lb,1.616102161,4.937227594,2.97595068,1.659042143,0.0971073,NA,2.8,0
Cd300lg,1.252466596,4.588963485,2.981161257,1.539320785,0.123726002,NA,10.7,2.9
Cd40,1.534662794,-0.49854811,2.67989892,-0.186032431,0.852419329,NA,10.7,9.7
Cd40lg,0.259640692,-0.880403656,2.996014751,-0.293858251,0.768866221,NA,0,4.6
Cd59a,0.384452888,0.669996159,2.998212597,0.223465194,0.82317347,NA,0.5,6.9
Cd59b,0.519548727,-1.437029187,2.976777699,-0.482746558,0.629275701,NA,0.1,1.6
Cda,0,0,0,0,1,NA,0,3.6
Cdc20b,0,0,0,0,1,NA,2.7,1.8
Cdc34b,0.088813637,0.333451025,3.024791766,0.110239333,0.912219569,NA,2.5,0.4
Cdc42ep1,0.247620946,-0.805768983,2.998089836,-0.268760787,0.788113771,NA,13.9,4.2
Cdc42ep2,1.783668786,-3.65737175,2.96237507,-1.234607929,0.216976457,NA,3.5,5.3
Cdc42ep5,0,0,0,0,1,NA,2.5,0
Cdcp1,0,0,0,0,1,NA,0,3
Cdh10,0.280932901,2.888664355,3.012148004,0.959004787,0.337556334,NA,1,0
Cdh11,0.323624773,-1.196227334,2.988314643,-0.400301667,0.68893434,NA,7,1.1
Cdh13,0.062444438,0.549454242,3.026154269,0.181568484,0.855921384,NA,5.4,0.3
Cdh24,0.742026324,-0.322199339,2.973888288,-0.108342785,0.913723785,NA,0.3,4.3
Cdh26,0,0,0,0,1,NA,2.4,0
Cdh3,0.510360134,3.026565278,3.00687511,1.006548382,0.31415185,NA,0.5,0.1
Cdh4,0,0,0,0,1,NA,3,0
Cdh5,0.771222858,-1.839005257,2.971542065,-0.618872362,0.536000447,NA,6.5,7.3
Cdiptos,1.524595233,-2.038814961,2.9406535,-0.693320366,0.488108525,NA,0.7,5
Cdk18,0.196771421,-0.484976558,3.008221209,-0.161217053,0.87192245,NA,0,0.7
Cdk3,0.639515357,-2.172006968,2.972770581,-0.730633902,0.465002799,NA,3.9,6.2
Cdo1,0.98932579,-0.735724885,2.956771692,-0.248827086,0.803494538,NA,0.8,7.5
Cdrt4os2,0,0,0,0,1,NA,0,2.9
Ceacam1,0.523539671,-0.733419446,2.975952162,-0.246448668,0.805334936,NA,3.1,1.4
Ceacam18,0.144795263,-0.104418574,3.01998682,-0.034575838,0.972417969,NA,3.4,0.5
Ceacam19,0.540986602,3.495295897,3.003386917,1.163784752,0.244511253,NA,5,0
Ceacam20,0.725040317,3.651549061,3.000602292,1.216938703,0.223627539,NA,0.5,0
Ceacam-ps1,0.028110203,1.126524066,3.026154283,0.372262602,0.70969734,NA,3.5,0.1
Cecr2,0.058881615,0.837989154,3.026154276,0.276915543,0.781844958,NA,0,3.2
Cend1,1.461166736,-1.361554648,2.950986114,-0.461389717,0.644519028,NA,0.4,3.8
Cep112,0,0,0,0,1,NA,3.2,0
Cep126,0,0,0,0,1,NA,3.8,0
Cep295nl,0.42781775,3.237277989,3.008512586,1.076039371,0.281909649,NA,1,7.5
Cers3,0,0,0,0,1,NA,0,3.6
Ces1d,0.136651023,-0.047724477,3.021442123,-0.015795264,0.987397726,NA,0,0.5
Cfap100,1.045891653,3.640619672,2.988245493,1.218313449,0.223104881,NA,1,3.4
Cfap157,0,0,0,0,1,NA,1.8,0
Cfap300,0.942967484,-2.73747433,2.967532826,-0.922474827,0.356280955,NA,2.8,7.5
Cfap43,0.257008927,2.802085585,3.013056134,0.929981209,0.352380814,NA,0.6,3
Cfap46,0,0,0,0,1,NA,2.7,0
Cfap53,0.086546897,0.549454242,3.026154269,0.181568484,0.855921384,NA,0,5.2
Cfap69,0.877935243,-2.634207275,2.968343547,-0.887433423,0.374845596,NA,0,6.5
Cfd,0,0,0,0,1,NA,3.6,0
Cfh,0.878399488,3.765822192,2.99196708,1.25864426,0.208158853,NA,6.1,0.1
Cgn,0.395868499,2.979424421,3.011249229,0.98943136,0.322452137,NA,0.4,1.9
Chchd2-ps,0.275898885,2.049899283,3.015055511,0.679887742,0.496575544,NA,0.5,2.4
Chdh,0,0,0,0,1,NA,0,2.8
Chil6,0.300326489,-1.087567655,2.990778792,-0.363640286,0.71612664,NA,0,5.7
Chit1,0.38265526,-0.441376575,2.988340318,-0.147699568,0.882579872,NA,0.2,1
Chn1os3,0,0,0,0,1,NA,1.3,3.9
Chrm1,0,0,0,0,1,NA,2.7,0
Chst1,0.730442456,3.517728695,2.997391853,1.173596536,0.240556669,NA,8.3,0.1
Cib3,0.057918105,0.837989154,3.026154276,0.276915543,0.781844958,NA,0,1.9
Cilp2,0.461407785,-1.699916586,2.979007872,-0.570631787,0.568249267,NA,0,1.4
Ckmt1,0.912640985,-0.421520229,2.354236587,-0.179047523,0.857900387,NA,0.6,5.9
Cks1brt,0.366376318,-0.668942628,2.987645861,-0.223902919,0.822832845,NA,0.2,1.1
Clca1,0,0,0,0,1,NA,4,0
Clca2,0,0,0,0,1,NA,0,2.2
Clcn1,0,0,0,0,1,NA,3,0
Cldn14,0,0,0,0,1,NA,2.4,0
Cldn34c1,0,0,0,0,1,NA,0,3.5
Clec11a,0.234830924,-0.734155094,3.000182541,-0.244703475,0.806686037,NA,3.7,0.8
Clec1a,0,0,0,0,1,NA,2.4,4.1
Clec1b,0.040056325,1.126524066,3.026154283,0.372262602,0.70969734,NA,1.7,0.1
Clec2g,0.240716024,2.412359358,3.017831951,0.799368353,0.424076855,NA,4.1,0
Clec3b,0.705371857,-2.330775352,2.971088609,-0.784485305,0.432755401,NA,0,7.4
Clec4b1,0.177077426,-0.300003239,3.014166614,-0.099531073,0.920716617,NA,0,0.5
Clec4f,0.260631473,-0.885606296,2.995873998,-0.295608659,0.76752896,NA,0,0.9
Clec4g,0.162580601,-0.225356596,3.016476125,-0.074708563,0.940446595,NA,0,0.5
Clec9a,0,0,0,0,1,NA,1.6,3.4
Clic3,0,0,0,0,1,NA,5.8,0
Clip4,0,0,0,0,1,NA,0,5.3
Clmn,0.077511768,0.549454242,3.026154269,0.181568484,0.855921384,NA,0,3.2
Clnkos,0,0,0,0,1,NA,1.8,0
Clrn3,0,0,0,0,1,NA,4.2,0
Cmtm8,0.393306062,3.170444675,3.009522831,1.053470884,0.292125232,NA,1.4,0
Cmya5,1.021110063,-2.854243297,2.966683051,-0.962099168,0.335999792,NA,0,7.2
Cnbd2,1.878184575,-0.472926983,2.836426627,-0.166733375,0.867579844,NA,1.8,5
Cnga1,0.760439191,-1.535463103,2.971628638,-0.5167076,0.60536029,NA,3.9,6.2
Cnga3,1.094789933,4.345538044,2.985603934,1.455497159,0.145531676,NA,0.9,0
Cngb1,0,0,0,0,1,NA,0,4.5
Cnih3,0.148805013,0.47010496,3.021917982,0.155565096,0.87637584,NA,0.1,3.1
Cnmd,1.546085726,-3.453015786,2.963255818,-1.165277653,0.243906622,NA,0,5.2
Cnn1,0.160225302,0.211038275,3.023762114,0.06979328,0.944358196,NA,0,3.4
Cnnm1,0.692769873,3.730500409,2.998993525,1.24391746,0.213529943,NA,0.7,3.8
Cnr1,0,0,0,0,1,NA,0,4.1
Cntnap1,1.173208581,0.935809137,2.949922228,0.3172318,0.751067722,NA,5.4,4.4
Cobl,0,0,0,0,1,NA,3,0
Col10a1,0.193347978,-0.462156102,3.008930215,-0.153594822,0.87792922,NA,0,4.6
Col11a1,0,0,0,0,1,NA,0,1.4
Col11a2,1.327226299,-1.043530403,2.185985107,-0.477373062,0.633096493,NA,4,7.4
Col12a1,1.062161519,-2.910792905,2.966295484,-0.981288925,0.326450283,NA,3.5,3.7
Col13a1,0.086546897,0.549454242,3.026154269,0.181568484,0.855921384,NA,4.7,0.3
Col15a1,1.236958145,0.516221343,2.946826798,0.175178719,0.860939206,NA,4.4,4.8
Col17a1,0.765199513,-2.440188733,2.970032019,-0.82160351,0.411302591,NA,0,6.4
Col20a1,0.145008063,1.732734015,3.024778107,0.572846653,0.566748528,NA,4,4.6
Col25a1,0,0,0,0,1,NA,3.8,2.5
Col4a3,0.792554369,-2.489160391,2.969584304,-0.838218463,0.40190802,NA,3.1,5.8
Col4a5,0.020814813,1.126524066,3.026154283,0.372262602,0.70969734,NA,0,3.8
Col5a2,1.385299129,-0.946002618,2.949308383,-0.320754053,0.748396781,NA,13.3,18.4
Col7a1,1.70079314,0.791357312,2.931234716,0.269974052,0.787180216,NA,15,6.4
Colec12,0.080146435,1.444198905,3.024778102,0.477456149,0.633037339,NA,2.1,0.1
Comp,0,0,0,0,1,NA,0,3.3
Coro2b,0.357677321,-1.33514147,2.985419662,-0.4472207,0.654715717,NA,0,1.1
Cort,0.146769328,-0.11830382,3.019581446,-0.03917888,0.968747772,NA,0,0.5
Cox11,0.198517462,2.23368713,3.016363304,0.740523241,0.458982564,NA,0.4,2.9
Cox20b,0.435389017,-0.59257413,2.987472227,-0.198353017,0.842768874,NA,0.2,1
Cox6c2,1.203936397,-0.570194204,1.411408198,-0.403989579,0.686220382,NA,0.8,2.4
Cpa2,0.835932359,-2.56363688,2.968931732,-0.863487985,0.387869222,NA,2,7.4
Cpa5,0.141661941,0.211038275,3.023762114,0.06979328,0.944358196,NA,4.3,0.4
Cpeb1,0.709644098,-0.854308799,2.965987025,-0.288035245,0.77331976,NA,3.2,1.9
Cpeb3,1.961199904,-2.585052415,2.952756683,-0.875470854,0.381317762,NA,5,15.7
Cplane2,0.09721746,1.732734015,3.024778107,0.572846653,0.566748528,NA,0.1,3.1
Cplx2,0.273654424,2.515685629,3.013033107,0.834934612,0.403754525,NA,0.9,6.2
Cplx3,0.08556355,2.044726305,3.023389672,0.676302603,0.49884854,NA,4.2,0
Cpn1,0,0,0,0,1,NA,1.6,0
Cpne8,0.257811904,-0.889011596,2.995782141,-0.296754422,0.766654005,NA,4.2,1.2
Cpt1c,0.106246456,0.549454242,3.026154269,0.181568484,0.855921384,NA,0,3.9
Cpxm1,0.864026988,-2.614149658,2.968507821,-0.880627513,0.378519462,NA,5.4,3.2
Cracr2b,0.579467391,3.522135616,3.002901554,1.172910784,0.240831584,NA,0.6,0
Crb1,0,0,0,0,1,NA,1.6,0
Crb2,0,0,0,0,1,NA,0,4.5
Crispld2,1.871579371,-1.812589287,1.799467859,-1.007291838,0.313794551,NA,4.5,11.9
Crlf1,0.0894619,2.059658844,3.023202765,0.681283726,0.495691979,NA,4.4,0
Crppa,0,0,0,0,1,NA,0,3.1
Cryba4,0.195936627,-0.505972622,3.007572642,-0.168232885,0.866400071,NA,3.6,1
Crybb1,0.041629625,0.837989154,3.026154276,0.276915543,0.781844958,NA,2.7,0.2
Cryzl2,1.834153346,-3.697859194,2.962214862,-1.248342665,0.211905596,NA,3.2,5.4
Csdc2,1.389886278,2.085763189,2.937985517,0.709929704,0.477747729,NA,3.1,1.2
Csl,0.296901374,2.515542577,3.016449717,0.833941492,0.404313955,NA,0.3,8.1
Csmd3,0,0,0,0,1,NA,4.2,0
Csn1s2b,0,0,0,0,1,NA,3.3,0
Csta2,1.589484239,0.576439704,2.93454732,0.19643224,0.844271864,NA,6,9.9
Cstdc4,0,0,0,0,1,NA,1.7,2.1
CT010433.1,0.320048776,1.771124303,3.023202742,0.585843708,0.557980549,NA,2.2,0.1
Cthrc1,0,0,0,0,1,NA,0,4.5
Ctrc,0,0,0,0,1,NA,0,2.8
Ctrl,0.512725864,-1.855548072,2.976724382,-0.623352327,0.533053018,NA,0,9.4
Ctsk,0.779140676,-2.459015825,2.969858106,-0.827991014,0.407675589,NA,2.6,6.5
Cux2,0.626241154,2.316321218,3.001962666,0.771602273,0.440350027,NA,5.4,0.4
Cxcl1,1.554045814,2.249480643,2.947826473,0.763098053,0.445404921,NA,22,10.6
Cxcl13,0,0,0,0,1,NA,0,2
Cxcr2,1.424707351,-3.334899169,2.96382458,-1.125201266,0.260503757,NA,0,4.9
Cyb561,0.274068873,-0.403148805,2.99919555,-0.134418979,0.893071274,NA,1.9,0.9
Cyb5d1,0,0,0,0,1,NA,2.1,0
Cyp17a1,0.854592646,-2.604100305,2.968590984,-0.877217616,0.38036845,NA,0,4
Cyp26b1,0,0,0,0,1,NA,0,3.9
Cyp2c50,0,0,0,0,1,NA,0,1.9
Cyp2g1,0.124888875,0.011098855,3.022236547,0.003672398,0.997069857,NA,0,0.6
Cyp2r1,0.497493285,2.690890189,3.011249208,0.893612585,0.37152921,NA,5.9,4.8
Cyp2w1,0,0,0,0,1,NA,3.8,0
Cyp39a1,0.869634461,-2.623900249,2.968427679,-0.883936054,0.376730733,NA,0,7.4
Cyp3a11,0.05618658,1.884001011,3.024208933,0.622973165,0.533302156,NA,0.2,2.2
Cyp3a13,0.300029409,2.927924546,3.011752703,0.972166321,0.330967812,NA,0.7,0
Cyp3a63-ps,0,0,0,0,1,NA,0,5.3
Cyp46a1,0,0,0,0,1,NA,9.3,0
Cyp4f38-ps,0.21553029,-0.640714402,3.003070977,-0.213353066,0.831051585,NA,0,1.1
Cyp4f39,0,0,0,0,1,NA,0,2.5
Cyp4f41-ps,0,0,0,0,1,NA,4.1,0
Cyp7b1,0.313116649,2.961558871,3.011421978,0.983442006,0.325389945,NA,0.7,2.9
Cys1,1.009713802,-2.838879721,2.966790986,-0.95688565,0.338624975,NA,0,11.3
D030025E07Rik,0.494835624,3.341615131,3.006335849,1.111524227,0.266342768,NA,0.5,0
D030068K23Rik,0,0,0,0,1,NA,3.7,0
D11Bhm181e,0,0,0,0,1,NA,0,3.4
D130009I18Rik,0.393306062,3.170444675,3.009522831,1.053470884,0.292125232,NA,1.4,0
D130020L05Rik,1.569778538,-3.035599262,2.284692351,-1.32866872,0.183957289,NA,4.7,5.8
D130043K22Rik,0,0,0,0,1,NA,0,1.4
D130058E05Rik,0,0,0,0,1,NA,3.2,0
D230017M19Rik,0,0,0,0,1,NA,0,3.7
D230022J07Rik,0,0,0,0,1,NA,1.9,0
D330046F09Rik,0.299472425,2.926467015,3.011767199,0.971677696,0.331210916,NA,0.7,0
D430041D05Rik,1.060292165,-2.905936617,2.966328176,-0.979640972,0.327263373,NA,0,7.6
D530033B14Rik,0,0,0,0,1,NA,0,4
D5Ertd605e,0.028959053,1.126524066,3.026154283,0.372262602,0.70969734,NA,1.8,2.6
D630023O14Rik,0.443097633,0.25415674,2.985558225,0.085128717,0.932159061,NA,0.6,4.7
D630045J12Rik,0.104074063,0.152429095,3.023295467,0.050418193,0.959789139,NA,0,5.1
D6Ertd527e,0,0,0,0,1,NA,2.1,3.1
D730003K21Rik,1.477863774,-3.388254347,2.963561906,-1.143304731,0.252912092,NA,0,12.4
D730045B01Rik,0.13006448,0.211038275,3.023762114,0.06979328,0.944358196,NA,1.6,0.4
D7Bwg0826e,0.900979468,-2.673609805,2.968027378,-0.90080362,0.367692743,NA,0,6.4
D7Ertd443e,1.271900612,0.076264668,1.553812457,0.049082286,0.96085372,NA,0.9,2
D830013O20Rik,0.223654749,2.69058422,3.014303045,0.892605746,0.372068341,NA,0.5,0
D830024N08Rik,0,0,0,0,1,NA,3.6,0
D830030K20Rik,0,0,0,0,1,NA,0,4.4
D830036C21Rik,0.117561976,0.055368366,3.022558419,0.018318378,0.985384867,NA,0,6.7
D930028M14Rik,0.596060807,1.350128049,2.992662906,0.45114605,0.65188429,NA,5.5,8.2
D930030I03Rik,1.77715101,-1.333251092,2.567246329,-0.51933119,0.603529806,NA,1.6,5.5
D930036K23Rik,0.385752097,3.140631197,3.009778268,1.043475936,0.29672792,NA,0.9,0
D9Wsu149,0.746417414,1.011645503,2.992420822,0.338069263,0.735310992,NA,0.4,0.6
Daam2,0.807004854,3.592732961,2.995690213,1.199300564,0.230411096,NA,0.8,2.8
Dach2,0.471474785,3.342361949,3.006320794,1.111778209,0.266233523,NA,1.1,0
Dact2,0.44061958,-1.625115807,2.98019528,-0.545305141,0.585543669,NA,0,1.1
Dagla,0,0,0,0,1,NA,1.6,0
Dao,0.078512744,0.549454242,3.026154269,0.181568484,0.855921384,NA,3.5,2
Daw1,0.352246386,-1.319198013,2.985738108,-0.44183313,0.658609963,NA,0,1.2
Dbndd2,0.058707731,0.837989154,3.026154276,0.276915543,0.781844958,NA,0,3.6
Dbpht2,0.319361881,0.891365776,3.014317066,0.295710689,0.767451033,NA,0.3,0.5
Dcbld1,1.211483156,-3.09841935,2.965112747,-1.044958359,0.296042216,NA,0,3.6
Dchs1,0.403177692,0.334854342,2.990215274,0.111983356,0.910836603,NA,0.6,1
Dcst2,0,0,0,0,1,NA,1.6,3.2
Ddah1,1.086093024,-2.943724848,2.966076654,-0.992464185,0.320971142,NA,0,8.6
Ddx25,0,0,0,0,1,NA,0,3.6
Defb36,0,0,0,0,1,NA,3.4,0
Degs2,0.288489658,-1.03230328,2.992103999,-0.345009158,0.730087486,NA,0,1
Dennd2a,0.145008063,1.732734015,3.024778107,0.572846653,0.566748528,NA,3,0
Dennd2c,0.581273152,-1.456332853,2.976491813,-0.489278299,0.624644682,NA,8.1,4.5
Dennd5b,0.505729961,2.37070333,3.008533424,0.787993017,0.43070079,NA,1.5,2.9
Depdc1b,0.823556953,3.312036191,2.995517194,1.105664223,0.268871881,NA,1.4,4.2
Depp1,0,0,0,0,1,NA,0,1.4
Deptor,1.450384904,3.828610429,2.979455038,1.285003593,0.198791028,NA,4,12.4
Derl3,0.991571517,-2.427912386,2.966068139,-0.818562579,0.413036024,NA,0.1,3.2
Des,0,0,0,0,1,NA,0,2.2
Dgat2l6,0.030032649,1.126524066,3.026154283,0.372262602,0.70969734,NA,0,5.7
Dgki,0,0,0,0,1,NA,0,4.4
Dhh,1.639649766,4.950003684,2.975781938,1.663429575,0.096226477,NA,7.8,0
Dhrs9,0.201177338,-0.512742504,3.007336506,-0.170497217,0.864619123,NA,0,5.3
Dhtkd1,0,0,0,0,1,NA,5,0
Dhx58os,0,0,0,0,1,NA,3.8,0
Dio2,0.607403544,-2.116578696,2.973402429,-0.71183728,0.476565545,NA,0,7.4
Dixdc1,0.224881624,-0.675426784,3.001976468,-0.22499403,0.821983919,NA,0,4.8
Dkk2,0.391326253,-0.189451776,2.994674872,-0.063262886,0.949557169,NA,10.6,4.5
Dkk3,0,0,0,0,1,NA,0,3.8
Dleu7,0,0,0,0,1,NA,1.7,0
Dlk2,0.042861344,1.732734015,3.024778107,0.572846653,0.566748528,NA,0.1,2.6
Dll3,0.137155639,-0.07713362,3.02073704,-0.025534702,0.979628469,NA,0,0.7
Dll4,0,0,0,0,1,NA,0,7.8
Dlx1,0.196516716,1.271878451,3.021984137,0.42087529,0.673846149,NA,0.3,0.3
Dlx6os1,0.421399352,3.236309183,3.008533494,1.075709873,0.282057031,NA,1.5,0
Dmbt1,0,0,0,0,1,NA,0,4.6
Dmd,0.263234155,-0.921744312,2.994909971,-0.307770291,0.75825713,NA,4.8,1.3
Dmrt2,0.256702585,0.981153347,3.015702703,0.325348167,0.74491758,NA,3.1,0.5
Dnaaf1,0.260631473,-0.885606296,2.995873998,-0.295608659,0.76752896,NA,0,0.9
Dnaaf3,0.140466451,2.370369898,3.018420805,0.785301338,0.432276911,NA,0.5,0
Dnah10,0.02809329,1.681949511,3.024981108,0.55601984,0.578197292,NA,2.1,4.8
Dnah12,0.058780988,0.549454242,3.026154269,0.181568484,0.855921384,NA,3.2,0.3
Dnah14,0.079522544,0.549454242,3.026154269,0.181568484,0.855921384,NA,3.4,0.3
Dnah6,0.028848966,1.126524066,3.026154283,0.372262602,0.70969734,NA,3.4,0.1
Dnah9,0.280932901,2.888664355,3.012148004,0.959004787,0.337556334,NA,1,3
Dnaja1-ps,0.189261976,1.272316778,3.021976932,0.42102134,0.673739499,NA,0.3,0.3
Dnajb7,0,0,0,0,1,NA,0,3.4
Dnajc19-ps,1.10369798,0.791813061,1.460052576,0.542318183,0.587599331,NA,1,1.4
Dnajc28,0.57492578,3.551561921,3.002379121,1.182915874,0.23684249,NA,1.2,4.5
Dnase1,0.721809404,-1.94899983,2.970344241,-0.656152847,0.511725785,NA,0.1,7
Dnase2b,0.299472425,2.926467015,3.011767199,0.971677696,0.331210916,NA,0.7,0
Dnm1,0,0,0,0,1,NA,4.7,0
Dnmt3l-ps1,0.38886984,2.979424421,3.011249229,0.98943136,0.322452137,NA,0.4,2.9
Dntt,0.815195887,-2.530877936,2.969214647,-0.852372845,0.394007187,NA,5.6,10.7
Dok4,1.067545025,4.373027008,2.985064995,1.464968774,0.142929437,NA,9.9,9.6
Dok6,1.028516055,1.988296755,2.971429109,0.66913821,0.503407318,NA,5.7,0.7
Dok7,0.234830924,-0.734155094,3.000182541,-0.244703475,0.806686037,NA,0,5.4
Dpep3,0.224746321,2.712104267,3.014055364,0.899818994,0.368216584,NA,0.8,0
Dpf1,0.029353866,1.126524066,3.026154283,0.372262602,0.70969734,NA,2.2,0.1
Dppa2,0.518048921,-0.054501948,2.998268332,-0.018177809,0.985497006,NA,0.2,0.9
Dppa3,0.733846638,-2.378128723,2.970621534,-0.80054921,0.423392664,NA,0,11.5
Dpysl4,0,0,0,0,1,NA,0,2.2
Drc3,0.019593663,1.126524066,3.026154283,0.372262602,0.70969734,NA,3.9,0.1
Dscaml1,0.477873451,-1.761087554,2.978081131,-0.591349757,0.554286097,NA,0,5.2
Dsp,0.173754316,-0.318422872,3.013614033,-0.105661464,0.915850956,NA,0,2.9
Dtnbos,0,0,0,0,1,NA,0,4.3
Duox1,0.161255604,-0.042321803,3.021554907,-0.014006631,0.988824691,NA,0,3.8
Dupd1,0.126927366,0.005065427,3.022187875,0.001676079,0.998662683,NA,0,0.6
Dync2li1,0,0,0,0,1,NA,3.5,0
Dynlt1b,1.784606948,-0.974907959,2.275238565,-0.428486038,0.668297296,NA,1.7,5.6
Dynlt1c,0.581870212,-0.330647448,2.97417886,-0.111172684,0.911479412,NA,0.5,4.7
Dynlt1-ps1,0.910816987,-1.22433592,2.083955015,-0.587505926,0.556863972,NA,0.3,2
Dyrk4,0.05618658,1.884001011,3.024208933,0.622973165,0.533302156,NA,4.3,0
Dysf,0.02809329,1.681949511,3.024981108,0.55601984,0.578197292,NA,0.1,2.1
Dzip1l,0,0,0,0,1,NA,2.3,2.6
E030024N20Rik,0.279219166,-0.015085297,2.985411805,-0.005053004,0.995968304,NA,0.2,0.7
E030026E10Rik,0.124888875,0.011098855,3.022236547,0.003672398,0.997069857,NA,0,0.6
E030037K01Rik,0.228962938,-0.722738311,3.000525692,-0.240870562,0.809655438,NA,0,1.1
E030042O20Rik,0.362212844,-1.368109658,2.984772061,-0.458363195,0.646691529,NA,0,1.5
E230015B07Rik,0,0,0,0,1,NA,3.5,0
E230016M11Rik,0.150163245,-0.141786609,3.01890413,-0.046966251,0.962540126,NA,0,4.8
E230032D23Rik,1.771546146,-0.566827262,2.897659911,-0.195615524,0.844911109,NA,4,10.7
E330011M16Rik,0.028959053,1.126524066,3.026154283,0.372262602,0.70969734,NA,0,2.7
E330013P04Rik,0.736439159,-2.386740047,2.97053822,-0.803470573,0.421702798,NA,2.4,3
E330017L17Rik,0,0,0,0,1,NA,3.6,0
E330021D16Rik,0.968677562,-2.778666539,2.967225208,-0.936452862,0.349040072,NA,0,17.3
E330032C10Rik,0.450654242,-1.689713193,2.979166274,-0.567176531,0.570594251,NA,1.8,6.2
E430002N23Rik,0.121156426,0.673751339,3.023613782,0.222829828,0.823667952,NA,0.1,4.5
Eaf2,0.067280616,1.104879266,3.024981098,0.365251626,0.714923584,NA,1.8,2.4
Ear2,0,0,0,0,1,NA,5.1,0
Ebf3,0.20701709,2.633690848,3.014974577,0.873536669,0.382370629,NA,0.5,0
Ebi3,0.315559086,-0.630173878,2.992837339,-0.210560684,0.833230094,NA,0.1,3.7
Echdc1,0,0,0,0,1,NA,4.1,0
Echdc3,0.303370775,2.936606369,3.011666641,0.975076832,0.32952215,NA,0.7,0
Ecm2,0,0,0,0,1,NA,3.4,0
Ecscr,0.877701136,-1.268677298,2.972935875,-0.426742234,0.669567085,NA,6.2,2
Eda2r,0,0,0,0,1,NA,4.8,0
Edil3,0.430951513,2.19150319,3.010520996,0.72794815,0.466645327,NA,11.4,2.7
Edn1,0,0,0,0,1,NA,0,2.7
Ednra,1.264198056,4.611183509,2.980790891,1.546966452,0.121871335,NA,8.1,1.4
Ednrb,0.162657401,0.734142238,3.022261732,0.242911536,0.808073929,NA,0.2,0.4
Eef1akmt3,0.069367528,0.549454242,3.026154269,0.181568484,0.855921384,NA,0,3.1
Eepd1,0.92054262,-0.420667768,2.95853873,-0.142187683,0.88693176,NA,6.9,5.9
Efcab5,0.842798704,4.041569411,2.992276014,1.350667316,0.176802027,NA,9.4,0
Efcab9,1.27495747,-3.171629987,2.964691241,-1.069801112,0.284708842,NA,9.4,8
Efcc1,0,0,0,0,1,NA,0,1.5
Efhb,0.594845861,-1.397643938,2.977372755,-0.469421887,0.638768107,NA,0.1,5
Efhc1,0.830928874,-2.555975814,2.968997324,-0.860888554,0.389299426,NA,2.5,6.6
Efna1,0,0,0,0,1,NA,2.8,0
Efna2,0.219710101,1.504764283,3.018420756,0.498527013,0.618112635,NA,0.5,7.7
Efna4,0.856996869,3.72294566,2.992930116,1.243913327,0.213531464,NA,6.6,2.4
Efnb1,0.150163245,-0.141786609,3.01890413,-0.046966251,0.962540126,NA,3,4.8
Efnb3,0,0,0,0,1,NA,5.1,3.8
Efr3b,0.83411615,3.680633988,2.993800903,1.229418424,0.218914966,NA,6.1,0.1
Egfr,1.099577024,4.077804766,2.985195161,1.366009439,0.171936001,NA,15.6,0.1
Egfros,0,0,0,0,1,NA,0,3.3
Egr4,0,0,0,0,1,NA,0,5.4
Eif1-ps2,0.350701824,1.839724674,3.014132919,0.61036614,0.541619293,NA,0.5,0.3
Eif1-ps3,0.159564263,-0.133038148,3.019155257,-0.044064693,0.964852837,NA,0,0.5
Eif3s6-ps1,1.055155403,-1.633142074,1.654072565,-0.987346087,0.323473005,NA,3.2,6.2
Eif3s6-ps2,0.979985827,1.820098094,2.523659468,0.721213823,0.470777968,NA,1.7,0.8
Elavl3,0.97918369,3.91742801,2.988499362,1.310834481,0.18991369,NA,6.7,0.1
Elf3,0,0,0,0,1,NA,3.5,0
Eln,0.140466451,2.370369898,3.018420805,0.785301338,0.432276911,NA,0.5,0
Emcn,0.177077426,-0.300003239,3.014166614,-0.099531073,0.920716617,NA,3.3,4.2
Eml6,0,0,0,0,1,NA,12.1,0
Emp2,1.936321621,4.851097649,2.973442216,1.63147534,0.102790059,NA,12.8,3.1
Emx2,0,0,0,0,1,NA,3.5,0
Emx2os,0.05618658,1.884001011,3.024208933,0.622973165,0.533302156,NA,3.9,0
Endog,1.028095953,1.069658229,2.959732104,0.361403732,0.717797658,NA,4.2,4.9
Eng,1.888760151,2.058643255,2.266520834,0.908283402,0.363728509,NA,2.2,1
Enho,0.141794677,-0.083385678,3.020580394,-0.027605846,0.977976519,NA,0,0.5
Enkur,0,0,0,0,1,NA,4.3,5.9
Eno2,0.035415485,1.126524066,3.026154283,0.372262602,0.70969734,NA,5.1,2.6
Eno4,0,0,0,0,1,NA,1.6,0
Enpp6,0.156749302,-0.225078073,3.016484957,-0.07461601,0.940520235,NA,3.8,4.5
Epb41l4b,0,0,0,0,1,NA,0,2.4
Epha10,0.030032649,1.126524066,3.026154283,0.372262602,0.70969734,NA,0,4.5
Epha5,0.419059745,-1.563778642,2.981215486,-0.524543982,0.599900238,NA,0,1.3
Epha7,0.556163075,3.523006605,3.002885945,1.173206931,0.240712833,NA,5.1,0
Ephb4,0.767199441,-0.464322827,2.96791844,-0.1564473,0.875680456,NA,4.5,1.5
Ephx3,0,0,0,0,1,NA,1.7,0
Epor,1.74009676,5.016175418,2.974931014,1.686148483,0.091767204,NA,1.2,0
Eppk1,0,0,0,0,1,NA,2.6,1.8
Eqtn,0.641806194,3.684727652,2.999916023,1.228276933,0.219343027,NA,1.5,0
Erbb2,0.212624818,0.88058995,3.021322735,0.29145842,0.77070074,NA,0.2,3.7
Erc2,0,0,0,0,1,NA,4,0
Ereg,0,0,0,0,1,NA,0,8.3
Erfe,0.28920677,2.512613471,3.01306623,0.833905822,0.404334056,NA,0.6,2.2
Erg,0,0,0,0,1,NA,0,1.4
Erich4,0.168559741,2.497824176,3.016680679,0.828004168,0.407668139,NA,0.6,1.9
Esr1,0.42606517,0.636919905,2.992563134,0.212834242,0.831456255,NA,2.6,3.4
Esrp2,0.7526948,-0.614828032,2.968911088,-0.207088732,0.835940562,NA,5.3,8.3
Etv4,0.519489124,-1.125540329,2.97728579,-0.378042421,0.705399081,NA,4.7,1.5
EU599041,0.681975526,2.905103698,3.009299521,0.96537539,0.334356823,NA,0.6,0.1
Eva1c,0.174178061,-0.260792662,3.015365561,-0.086487909,0.931078567,NA,0,0.5
Evc,0.903067342,3.751821332,2.992305421,1.253822991,0.209906351,NA,0.9,3.9
Evpl,0.040056325,1.126524066,3.026154283,0.372262602,0.70969734,NA,4.3,1.9
Evx1,0,0,0,0,1,NA,2.9,0
Exoc3l2,0.319623072,2.639389153,3.011752694,0.876363175,0.380832631,NA,0.7,0.1
Exoc3l4,0,0,0,0,1,NA,0,3.1
Eya1,0,0,0,0,1,NA,0,1.7
Eya4,0.524587853,-1.003167781,2.977022079,-0.336970219,0.73613935,NA,0.3,5.1
F12,0.041629625,0.837989154,3.026154276,0.276915543,0.781844958,NA,0,2.9
F5,1.555479358,4.873456451,2.976815185,1.637137729,0.101601695,NA,7.1,3.2
F630028O10Rik,0,0,0,0,1,NA,3.1,0
F730035P03Rik,0,0,0,0,1,NA,0,1.3
F730311O21Rik,0,0,0,0,1,NA,0,1.5
F830112A20Rik,0.291546707,-0.142089797,3.007621072,-0.047243251,0.962319357,NA,1.7,6.2
F830208F22Rik,0.788068291,-2.478979714,2.969676139,-0.834764331,0.403850413,NA,0,2.5
F9,0.188153403,2.209289175,3.016680661,0.732357655,0.463950297,NA,0.6,0.1
Fa2h,0,0,0,0,1,NA,3.9,0
Fabp1,0.230791726,-0.710602441,3.000893391,-0.236796963,0.812814308,NA,0,0.8
Fads6,0.855684778,-2.205299995,2.967881309,-0.74305532,0.457448189,NA,0.1,6.7
Fam110c,0,0,0,0,1,NA,3.8,3
Fam120aos,1.450538226,-2.538299098,2.677825478,-0.947895641,0.343182584,NA,3.4,11.2
Fam131b,0.920885969,0.336385922,2.959270885,0.113671893,0.909497894,NA,5.9,8.2
Fam135b,0.284183814,0.169169614,3.005938475,0.056278469,0.955119971,NA,2.7,0.6
Fam13a,0,0,0,0,1,NA,2.8,3.5
Fam149a,0.169315416,2.081834693,3.018420789,0.689709898,0.49037664,NA,0.5,0.1
Fam160a1,0,0,0,0,1,NA,0,4.6
Fam163a,0.13006448,0.211038275,3.023762114,0.06979328,0.944358196,NA,0,3.1
Fam166a,0,0,0,0,1,NA,0,3.7
Fam167a,0,0,0,0,1,NA,3.2,0
Fam171a2,0.309026191,2.966655047,3.011372496,0.985150476,0.324550163,NA,1.1,0
Fam180a,0,0,0,0,1,NA,2.4,0
Fam184a,0.177077426,-0.300003239,3.014166614,-0.099531073,0.920716617,NA,0,0.5
Fam184b,0,0,0,0,1,NA,0,2.6
Fam186b,0,0,0,0,1,NA,3.1,0
Fam187b,0.263639961,0.383805656,3.012403161,0.127408463,0.898617118,NA,0.2,0.5
Fam209,1.916117157,1.481772092,2.811735901,0.526995473,0.598196732,NA,2.7,2
Fam217a,0,0,0,0,1,NA,2.1,0
Fam222a,0.325161201,-1.197030027,2.988297112,-0.400572628,0.688734802,NA,0,1
Fam228a,0,0,0,0,1,NA,0,3.9
Fam228b,0,0,0,0,1,NA,4.2,0
Fam229b,0.496666526,-1.824338669,2.977162945,-0.612777568,0.540023425,NA,0,6.1
Fam241b,0.191282002,0.679978376,3.021815208,0.22502315,0.821961265,NA,2.5,5.3
Fam24a,0.060065298,0.837989154,3.026154276,0.276915543,0.781844958,NA,2.4,0.2
Fam24b,1.796057696,-3.317191952,2.961060309,-1.120271661,0.262598014,NA,0.1,6.1
Fam25c,0,0,0,0,1,NA,3.2,0
Fam3b,0,0,0,0,1,NA,4.6,0
Fam71a,0.03251612,1.126524066,3.026154283,0.372262602,0.70969734,NA,5.6,4.1
Fam81a,0.697424176,-2.304982222,2.971349504,-0.775735812,0.43790499,NA,0,2.4
Fam83f,1.902756939,5.136481079,2.973478702,1.727431603,0.084090179,NA,1.1,0
Fam83g,0,0,0,0,1,NA,4.5,0
Fam98c,1.321651183,3.666287967,2.313603754,1.584665464,0.113042363,NA,1.4,0.3
Fap,0.289807668,-1.03853796,2.991951981,-0.347110504,0.728508302,NA,14.7,1
Farp2,0,0,0,0,1,NA,0,1.8
Fau-ps2,0,0,0,0,1,NA,0,4.4
Faxc,0.362553834,-1.359006626,2.984949413,-0.455286318,0.648903268,NA,0,4.5
Fbln1,0.042781775,1.732734015,3.024778107,0.572846653,0.566748528,NA,4.7,3.6
Fbln5,0.624906716,-0.161024247,2.974665925,-0.054131876,0.956830096,NA,0.4,4.6
Fbxl12os,0.117415462,0.211038275,3.023762114,0.06979328,0.944358196,NA,0,4.1
Fbxl15,1.290046675,-0.683828033,2.949392603,-0.231853851,0.816651529,NA,4.3,8.4
Fbxl21,0.028959053,1.126524066,3.026154283,0.372262602,0.70969734,NA,0,3.1
Fbxl7,0.486087299,3.323250921,3.006708372,1.105278767,0.269038816,NA,0.5,0
Fbxo2,0.28110203,-0.996701956,2.992984548,-0.33301273,0.739124674,NA,0,1
Fbxo40,0.783746508,-2.48182958,2.969650367,-0.835731239,0.403306117,NA,2.5,7.9
Fbxo41,1.021110063,-2.854243297,2.966683051,-0.962099168,0.335999792,NA,0,8.4
Fbxo43,0,0,0,0,1,NA,0,3.9
Fbxo48,0.713979536,-2.33810565,2.971015305,-0.78697193,0.431298298,NA,0,7.1
Fbxw10,0.143698075,2.059658844,3.023202765,0.681283726,0.495691979,NA,3.9,5.5
Fbxw4,1.465296036,-3.374267361,2.794832546,-1.207323625,0.227307536,NA,0,4.9
Fcer1a,0,0,0,0,1,NA,3.4,2
Fcna,0,0,0,0,1,NA,1.7,0
Fcrl1,0.819123577,3.973325316,2.993714302,1.327222612,0.184435055,NA,5.9,0
Fcrla,0.966916298,-2.223952715,2.967718475,-0.749381295,0.453627421,NA,4.1,6.2
Fcrlb,0,0,0,0,1,NA,0,1.4
Fcrls,0,0,0,0,1,NA,3.2,4.2
Fdx1l,0,0,0,0,1,NA,1.5,0
Fendrr,0.568063728,-0.071840733,2.974191553,-0.02415471,0.980729204,NA,5.6,1
Fer,0.53767429,2.440695831,3.007056088,0.811656238,0.416988912,NA,9,2
Fer1l5,0,0,0,0,1,NA,2.1,0
Fgd4,0.90175575,-1.250037233,2.963474853,-0.421814692,0.673160281,NA,6.2,6.3
Fgf1,0,0,0,0,1,NA,0,3.7
Fgf2,0.292645081,-1.044295935,2.991812147,-0.349051305,0.727050793,NA,5.1,6.2
Fgfr3,0.230791726,-0.710602441,3.000893391,-0.236796963,0.812814308,NA,0,0.8
Fhad1,0.91824917,-1.945735505,2.860921406,-0.680107989,0.496436086,NA,0.2,6.8
Fhdc1,1.024700052,-2.860392627,2.96664017,-0.964185902,0.334952731,NA,4.5,3.6
Fhit,0,0,0,0,1,NA,2,0
Fhl1,0.096449986,1.732734015,3.024778107,0.572846653,0.566748528,NA,2.6,0
Fhl4,0.339195596,1.255693647,3.010732337,0.417072495,0.676625383,NA,0.5,0.6
Fhod3,0,0,0,0,1,NA,1.7,0
Fibcd1,0.365701572,-1.374704028,2.984644274,-0.460592252,0.645091171,NA,0,4.1
Fign,0,0,0,0,1,NA,2.6,0
Fignl2,0.252839611,2.804220994,3.013033118,0.930697036,0.352010303,NA,0.9,0
Fjx1,0,0,0,0,1,NA,0,1.7
Fkbp11,1.199328922,4.20727826,2.982775782,1.41052448,0.158384873,NA,3.1,2.5
Fkbp14,0.983980825,4.248443746,2.987589244,1.422030741,0.155017327,NA,7.2,0
Fkbp1a-ps1,0.651118449,-1.350311458,2.973987723,-0.454040697,0.649799536,NA,0.2,1.8
Fkbpl,1.589871464,0.11456005,2.937671174,0.038996894,0.968892865,NA,8.1,5.9
Flrt3,0.086877158,0.549454242,3.026154269,0.181568484,0.855921384,NA,3.9,5
Flt3,0.923166905,-2.709630094,2.967745769,-0.913026352,0.361228682,NA,5.4,9.7
Flvcr2,0.775985862,-0.690286684,2.963193195,-0.232953655,0.815797394,NA,0.5,4.7
Fmn1,0.702375971,3.1280755,2.999501032,1.042865285,0.297010689,NA,6.1,0.2
Fmn2,0,0,0,0,1,NA,0,3.7
Fmo1,0.171573284,0.340075524,3.020939953,0.112572752,0.910369288,NA,0.1,0.5
Fmo9,0,0,0,0,1,NA,2.1,0
Fmod,0,0,0,0,1,NA,2.2,0
Fndc11,0.406800964,-1.518813045,2.981991109,-0.509328496,0.610521987,NA,0,1.2
Fndc4,0.289590526,-1.037533793,2.991976422,-0.346772049,0.728762578,NA,0,1
Fndc5,0.070830971,0.837989154,3.026154276,0.276915543,0.781844958,NA,1.9,0.2
Fndc7,0.178923799,2.522222608,3.016363315,0.836179977,0.403053661,NA,0.4,3.5
Foxb1,1.576300877,-3.483316809,2.963117241,-1.175558213,0.239771462,NA,0,6.7
Foxc1,0,0,0,0,1,NA,4.9,3.9
Foxc2,0.035415485,1.126524066,3.026154283,0.372262602,0.70969734,NA,3.8,3
Foxd1,0,0,0,0,1,NA,0,3.3
Foxd4,0,0,0,0,1,NA,0,2.6
Foxe1,0,0,0,0,1,NA,0,2.5
Foxf1,0.928721283,-1.341151165,2.960664888,-0.452989857,0.650556045,NA,3.8,2.3
Foxg1,0.684555711,3.765949984,2.998297958,1.256029266,0.20910536,NA,1.9,3.9
Foxl1,1.55330189,-1.810066602,2.951193429,-0.613333774,0.539655666,NA,0.6,8
Foxp2,0.207957438,0.568598658,3.022712168,0.188108767,0.850791389,NA,0.1,0.4
Fpr1,0.842527496,-2.5855653,2.968745891,-0.870928464,0.383793214,NA,3.5,10.9
Frem3,0,0,0,0,1,NA,0,4.3
Frk,0,0,0,0,1,NA,3.6,0
Frmd5,1.04071231,4.008507476,2.986579322,1.342173451,0.179539762,NA,10,4.7
Frmpd1,0,0,0,0,1,NA,2.7,0
Frrs1l,0.071703446,0.549454242,3.026154269,0.181568484,0.855921384,NA,0,2.7
Fscn3,0.146769328,-0.11830382,3.019581446,-0.03917888,0.968747772,NA,0,4.2
Fsd1l,1.052008158,4.284605089,2.986834672,1.434496903,0.151430512,NA,0.8,2.7
Fth-ps2,0.814330348,2.089604737,2.112500556,0.989161745,0.322584012,NA,0.8,0.5
Fth-ps3,1.517791274,-2.962116915,2.294268566,-1.291094233,0.196671003,NA,0.1,4.2
Ftl1-ps1,0.416366678,2.351727383,3.011744002,0.780852351,0.43488934,NA,0.6,4.9
Ftl2-ps,0.146991325,1.155663995,3.024778096,0.382065712,0.702412624,NA,0.1,3.9
Fut10,0.240337953,-0.737038949,3.000096282,-0.245671765,0.805936331,NA,1.4,0.6
Fut2,0.176123193,-0.334257489,3.01311113,-0.110934338,0.911668416,NA,5.2,0.6
Fuz,1.635038241,-1.582516421,2.949616089,-0.536516066,0.591601935,NA,0.4,4.8
Fv1,0.058780988,0.549454242,3.026154269,0.181568484,0.855921384,NA,0,6.4
Fxyd2,0.183727183,0.257609414,3.01978939,0.08530708,0.932017263,NA,0.1,0.5
Fxyd4,0.171445376,2.493230051,3.01674099,0.826464738,0.408540513,NA,2.9,3.2
Fzd1,0,0,0,0,1,NA,8.7,0
Fzd6,0.493822419,-1.804285517,2.97744974,-0.605983534,0.544525687,NA,0,1.6
Fzd8,0.071630741,1.444198905,3.024778102,0.477456149,0.633037339,NA,0.1,3.9
G430095P16Rik,0.181879802,2.166480288,3.017249529,0.718031528,0.472737848,NA,0.4,0.1
G6pd2,0.199503049,0.078323468,3.016408729,0.025965801,0.979284616,NA,0.1,0.6
G930045G22Rik,0,0,0,0,1,NA,3.8,0
Gab1,0,0,0,0,1,NA,0,10.5
Gabrb1,0.042861344,1.732734015,3.024778107,0.572846653,0.566748528,NA,0.1,2.1
Gabrg3,0,0,0,0,1,NA,0,2.7
Gabrr2,1.216267453,3.605547292,2.983220433,1.208609076,0.226813068,NA,7,4.6
Galnt14,0.058780988,0.549454242,3.026154269,0.181568484,0.855921384,NA,0,2.5
Galnt15,0.03251612,1.126524066,3.026154283,0.372262602,0.70969734,NA,1.3,0.1
Galnt17,0.139643967,-0.043224459,3.021536049,-0.014305459,0.988586285,NA,0,0.5
Galnt18,0.227612841,-0.679660183,3.001844744,-0.226414169,0.820879309,NA,4.6,2.8
Galnt6os,0.680522219,3.709988815,2.999403475,1.236908887,0.21612091,NA,0.7,0
Galntl5,0,0,0,0,1,NA,0,3
Gap43,0,0,0,0,1,NA,1.8,0
Gapdhs,1.155511761,-3.038641547,2.965473072,-1.024673458,0.305517291,NA,0,5.7
Gapt,0.643146102,-2.188594466,2.972586132,-0.736259395,0.461572852,NA,1.8,2.3
Garnl3,0.739585117,3.51713471,2.997405669,1.17339296,0.240638259,NA,1.3,2.4
Gas6,0,0,0,0,1,NA,2.1,0
Gask1b,0.252839611,2.804220994,3.013033118,0.930697036,0.352010303,NA,0.9,0
Gata6,0,0,0,0,1,NA,3.1,0
Gbp2b,1.345788441,-3.249809404,2.964264048,-1.096329258,0.27293471,NA,0,9.8
Gbx1,0.493428507,-0.841817861,2.987734044,-0.281757964,0.778129106,NA,0.1,0.8
Gbx2,0,0,0,0,1,NA,2.1,0
Gckr,0.080112651,0.837989154,3.026154276,0.276915543,0.781844958,NA,2.4,0.2
Gcnt7,1.720327291,-3.604997435,2.962589079,-1.216840182,0.223665028,NA,1.9,5.1
Gdf15,0.246424995,2.369779172,3.014680912,0.786079602,0.431820854,NA,4.6,0.1
Gdf3,1.661030485,3.200631782,2.967187669,1.07867521,0.28073254,NA,24.8,3.5
Gdf9,0.43502419,2.515542577,3.016449717,0.833941492,0.404313955,NA,3.9,0
Gdpd1,0.459856701,3.323529913,3.006702679,1.105373649,0.268997717,NA,1.4,3.4
Gfpt2,0,0,0,0,1,NA,2,1.3
Gfra1,0.086011395,1.104879266,3.024981098,0.365251626,0.714923584,NA,2.7,0.2
Gfra2,0.039187325,0.837989154,3.026154276,0.276915543,0.781844958,NA,9.4,2.2
Ggn,0.150879293,-0.060064924,3.021167894,-0.019881359,0.984138016,NA,0,2.6
Ghrh,0,0,0,0,1,NA,0,2.6
Gimd1,0,0,0,0,1,NA,0,2.3
Gja4,0.058780988,0.549454242,3.026154269,0.181568484,0.855921384,NA,3.9,0.3
Gja5,0.028848966,1.126524066,3.026154283,0.372262602,0.70969734,NA,10.4,0.1
Gja6,0.488511512,-1.782928424,2.97775956,-0.598748283,0.549340754,NA,0,1.4
Gjb3,0.145703688,-0.138707553,3.018992352,-0.045944983,0.963354101,NA,0,0.7
Gjd4,0,0,0,0,1,NA,0,2.8
Glb1l3,0.224746321,2.712104267,3.014055364,0.899818994,0.368216584,NA,0.8,0
Gldn,0,0,0,0,1,NA,5.3,0
Gli1,0.171052797,0.867129086,3.02477809,0.286675273,0.774360972,NA,0.1,3.1
Glis3,0.282906086,1.745096765,3.015252898,0.578756351,0.562753587,NA,0.7,0.3
Glp2r,0.227612841,-0.679660183,3.001844744,-0.226414169,0.820879309,NA,0,3.4
Glra1,0,0,0,0,1,NA,0,1.9
Glt8d2,0,0,0,0,1,NA,3.2,1.5
Gm10031,1.657007572,-1.858060806,1.642104799,-1.131511708,0.257839778,NA,0.4,4.9
Gm10037,1.668323669,-3.563832603,2.962762808,-1.20287476,0.229024789,NA,0,6.4
Gm10043,0.229937072,1.155663995,3.024778096,0.382065712,0.702412624,NA,0.1,2.2
Gm10060,1.540617907,0.339052532,2.154097392,0.157398887,0.874930491,NA,6.2,7.1
Gm10064,0.37585311,1.403781093,3.009670473,0.466423519,0.64091238,NA,0.6,0.5
Gm10069,0.101631763,0.169072601,3.023426297,0.055920861,0.955404852,NA,0,2.6
Gm10074,0.370524751,0.575258686,2.998096511,0.191874639,0.847840404,NA,0.5,0.7
Gm10075,0.191217659,1.352938617,3.020684569,0.447891392,0.654231581,NA,0.3,0.3
Gm10080,1.122805161,-0.752749952,1.518496133,-0.495720691,0.620091487,NA,3.7,5.1
Gm10095,1.235797353,-1.202630578,2.476575318,-0.485602263,0.627249192,NA,7.2,3.2
Gm10110,0.563657527,-0.070889839,2.979342664,-0.023793785,0.981017097,NA,0.4,1.4
Gm10120,0.564993403,-0.475377439,1.823912538,-0.260636094,0.794373153,NA,3.8,1.3
Gm10123,1.229307324,-0.38909683,2.951189439,-0.131844071,0.895107627,NA,0.5,2.9
Gm10131,1.73018426,2.150352224,1.706299017,1.260243487,0.20758154,NA,1.6,1.3
Gm10155,0.448659026,1.508332727,2.963102101,0.509038391,0.610725314,NA,0.4,0.4
Gm10161,0.552752392,-0.349193237,2.027461237,-0.17223177,0.863255322,NA,0.4,1.3
Gm10167,1.694593717,-0.396285445,1.279795736,-0.309647418,0.756829093,NA,1.2,3.5
Gm10177,1.507690552,-1.594837633,2.158217814,-0.738960462,0.459931006,NA,0.5,4.7
Gm10180,0.723602338,1.006709171,2.114270482,0.47614966,0.63396776,NA,6.9,4
Gm10224,1.439250197,-0.791959333,1.095035087,-0.723227358,0.469540213,NA,6,3.2
Gm10226,0.317700729,-1.171287265,2.988864152,-0.391883741,0.695144117,NA,0,1.1
Gm10231,0.293538655,-1.056137087,2.991526341,-0.353042884,0.724056291,NA,0,4.4
Gm10237,1.652160837,2.994652645,2.314908488,1.293637593,0.195790631,NA,1.7,4.5
Gm10240,1.418665662,-0.829068811,1.578443331,-0.525244584,0.599413175,NA,1,3.1
Gm10243,0.927636699,-2.717161895,2.967687764,-0.915582134,0.359886106,NA,0,9
Gm10244,0.086877158,0.549454242,3.026154269,0.181568484,0.855921384,NA,0,3.4
Gm10248,0,0,0,0,1,NA,3.3,0
Gm10254,0,0,0,0,1,NA,0,2
Gm10257,0.126817279,0.00506543,3.022187875,0.00167608,0.998662682,NA,0,0.6
Gm10263,1.195631507,-1.364772683,1.389193659,-0.982420755,0.325892606,NA,0.7,3.7
Gm10277,0,0,0,0,1,NA,0,4.2
Gm10282,0.589240976,0.140284041,2.973990355,0.047170308,0.962377492,NA,0.6,1.4
Gm10290,0.93427024,-0.210975085,1.461030044,-0.144401606,0.885183349,NA,1,6.2
Gm10291,0.320450604,-1.159492877,2.989127301,-0.387903478,0.698087464,NA,0,0.8
Gm10293,0.911738203,0.605288399,1.496686568,0.404418943,0.685904673,NA,1,1.4
Gm10298,0,0,0,0,1,NA,0,4.4
Gm10300,1.560954631,-3.466950329,2.96319173,-1.170005401,0.241998795,NA,0,5.3
Gm10307,0.370818411,0.599123142,2.477525063,0.241823242,0.808917129,NA,0.4,0.7
Gm10309,0.042861344,1.732734015,3.024778107,0.572846653,0.566748528,NA,0.1,5.7
Gm10312,0.363789341,-1.362242855,2.984886247,-0.456380157,0.648116632,NA,2.1,1.2
Gm10320,1.108218826,0.151539103,1.185520152,0.127824991,0.898287472,NA,1.1,2
Gm10353,0.324812246,-0.692432574,2.99125884,-0.231485341,0.816937772,NA,0.1,1.2
Gm10358,0.527782901,-1.149336588,2.573280349,-0.446642586,0.655133143,NA,0.2,1.5
Gm10366,0.272455888,-0.946006007,2.994275972,-0.315938149,0.752049455,NA,3.5,6.2
Gm10369,0.77118329,-1.314982202,2.965799521,-0.443382026,0.657489434,NA,0.3,2.9
Gm10373,0,0,0,0,1,NA,2.2,0
Gm10389,1.653940384,-3.550687739,2.962819334,-1.198415205,0.230755416,NA,3.8,6.2
Gm10390,0.263002039,2.059658844,3.023202765,0.681283726,0.495691979,NA,0.2,3.4
Gm10392,0.640709304,-2.180885747,2.972671589,-0.733645033,0.463165107,NA,0,7.9
Gm10399,0.291528421,-0.483013525,2.996845912,-0.161173961,0.871956389,NA,0.1,4.8
Gm10416,0.108229909,1.155663995,3.024778096,0.382065712,0.702412624,NA,0.1,3.2
Gm10419,0.292645081,-1.044295935,2.991812147,-0.349051305,0.727050793,NA,0,0.9
Gm10432,0.074145745,0.549454242,3.026154269,0.181568484,0.855921384,NA,2.4,0.3
Gm10440,1.003484588,2.00052749,1.867419035,1.071279371,0.284043832,NA,0.8,0.7
Gm10443,1.949167804,-2.01793487,2.108645664,-0.95698149,0.338576598,NA,0.5,9.5
Gm10459,0,0,0,0,1,NA,0,4.1
Gm10461,0,0,0,0,1,NA,3,0
Gm10463,1.132020944,0.082014174,2.950757223,0.02779428,0.977826228,NA,1.3,2.1
Gm10481,0.088964428,1.104879574,3.024981096,0.365251729,0.714923508,NA,1.5,0.2
Gm10484,0,0,0,0,1,NA,0,4.8
Gm10489,0,0,0,0,1,NA,4.3,0
Gm10516,0.019593663,1.126524066,3.026154283,0.372262602,0.70969734,NA,0,1.8
Gm10517,1.157256291,4.477896502,2.983098157,1.501089226,0.133332485,NA,6.4,0
Gm10522,0.260378687,1.194055222,3.023202696,0.394963667,0.692869702,NA,0.2,0.3
Gm10557,1.035289289,-1.709332648,2.96021327,-0.577435641,0.563645203,NA,0.5,8.9
Gm10561,0,0,0,0,1,NA,3.2,0
Gm10563,0.150078096,-0.160198297,3.018380254,-0.05307426,0.95767274,NA,0,0.7
Gm10566,0.073579916,1.444198905,3.024778102,0.477456149,0.633037339,NA,0.1,2.4
Gm10570,0.145703688,-0.138707553,3.018992352,-0.045944983,0.963354101,NA,0,0.7
Gm10571,0.02809329,1.681949511,3.024981108,0.55601984,0.578197292,NA,3.5,4.3
Gm10602,0.929221385,-2.724865828,2.967628745,-0.918196332,0.358516089,NA,0,8.3
Gm10614,0,0,0,0,1,NA,4.3,0
Gm10619,0,0,0,0,1,NA,3.3,0
Gm10638,0.319708352,-0.097614442,3.009037395,-0.032440422,0.974120827,NA,0.1,0.6
Gm10640,0.136506312,1.444198905,3.024778102,0.477456149,0.633037339,NA,2.3,0.1
Gm10644,0.21553029,-0.640714402,3.003070977,-0.213353066,0.831051585,NA,5.2,1.1
Gm10648,0,0,0,0,1,NA,0,3.7
Gm10653,1.270216984,1.268054308,1.825670683,0.694569026,0.487325429,NA,1.9,16.5
Gm10655,0.432734487,-1.616928409,2.980328988,-0.542533531,0.587451015,NA,4.9,5
Gm10686,0.807771042,-2.517039721,2.969336091,-0.84767761,0.396617539,NA,0,6.7
Gm1070,0.048947528,0.837989154,3.026154276,0.276915543,0.781844958,NA,0,5.7
Gm10705,0.15959431,1.956644328,3.023953623,0.647048392,0.517600625,NA,6.8,0
Gm10709,0.028959053,1.126524066,3.026154283,0.372262602,0.70969734,NA,0,2
Gm10718,0.155254992,0.582876411,3.022831272,0.192824659,0.84709629,NA,3.2,2.3
Gm10734,0.495816794,-1.803858621,2.977455889,-0.605838907,0.544621731,NA,2.6,5.6
Gm10735,0.365212772,3.106867383,3.010073646,1.032156601,0.301998762,NA,1.3,0
Gm10736,0.786238175,-0.846515727,2.634986715,-0.32125996,0.748013397,NA,0.3,2.1
Gm10739,0.299472425,2.926467015,3.011767199,0.971677696,0.331210916,NA,0.7,0
Gm10744,0.028959053,1.126524066,3.026154283,0.372262602,0.70969734,NA,0,3.2
Gm10766,1.152317486,-2.112934141,2.964371597,-0.712776409,0.475984126,NA,0.2,7.9
Gm10767,0.670375071,-1.657388881,2.971309594,-0.557797439,0.576982712,NA,0.2,6.8
Gm10778,0.280394278,-0.963670337,2.993820919,-0.321886433,0.747538732,NA,3.3,0.7
Gm10785,0.4864182,2.113821727,3.011249167,0.701975031,0.482694735,NA,0.4,0.3
Gm10791,0,0,0,0,1,NA,4.2,0
Gm10804,0.140466451,2.370369898,3.018420805,0.785301338,0.432276911,NA,6,3.4
Gm10819,0,0,0,0,1,NA,2.3,0
Gm10824,0,0,0,0,1,NA,2.6,0
Gm10837,0.123175676,0.265201608,3.024208348,0.087692902,0.930120761,NA,4.5,0.4
Gm10840,0.040056325,1.126524066,3.026154283,0.372262602,0.70969734,NA,1.6,0.1
Gm10856,0,0,0,0,1,NA,3.2,0
Gm10863,0.635182147,-2.170353123,2.972789087,-0.730073026,0.465345548,NA,0,6.7
Gm10913,0.245159307,0.054309448,3.008486535,0.018052083,0.985597304,NA,0.2,0.7
Gm10925,0.092374654,0.549454242,3.026154269,0.181568484,0.855921384,NA,2.9,0.3
Gm10941,0,0,0,0,1,NA,4.4,2.5
Gm10974,1.334098715,2.146744256,2.957288465,0.72591642,0.46789001,NA,5.3,3.1
Gm10997,0,0,0,0,1,NA,0,2.1
Gm11027,0,0,0,0,1,NA,1.5,0
Gm11033,0.1711271,2.491975326,3.016757492,0.826044298,0.408778963,NA,4.7,0
Gm11084,0,0,0,0,1,NA,4.1,0
Gm11185,0.634850718,-0.091543284,2.23946216,-0.040877352,0.967393673,NA,0.6,3.6
Gm11190,0,0,0,0,1,NA,0,1.6
Gm11191,0.6389244,-0.094499013,2.164120093,-0.043666252,0.965170441,NA,0.5,1.2
Gm11196,0.020814813,1.126524066,3.026154283,0.372262602,0.70969734,NA,0,2.6
Gm11197,0.323630605,0.927524896,3.008922573,0.308258147,0.75788591,NA,0.4,0.6
Gm11198,0.616835459,0.150418293,1.985355703,0.075763901,0.939606936,NA,0.5,1
Gm11205,0.293167164,-0.512400699,2.996012985,-0.171027529,0.864202119,NA,0.1,0.9
Gm11210,0.590314263,-2.06561206,2.974005071,-0.694555662,0.487333807,NA,3.6,9.2
Gm11211,0.08325925,0.316813566,3.024647333,0.104743969,0.916578972,NA,0,3.6
Gm11214,0.904156505,1.404239081,2.343018868,0.599328968,0.548953534,NA,3.7,0.9
Gm11223,0.311618001,1.487678052,3.018664872,0.492826503,0.622135183,NA,0.3,0.3
Gm11224,0.929522731,-0.607183022,1.441458549,-0.421228222,0.673588438,NA,0.7,2.3
Gm1123,0.225070721,-0.675501468,3.001974141,-0.225019083,0.821964429,NA,0,0.8
Gm11246,0.221494781,0.001275636,3.012292494,0.000423477,0.999662115,NA,0.1,0.6
Gm11258,0.172977904,1.732734015,3.024778107,0.572846653,0.566748528,NA,0.1,1.8
Gm11263,0.128211676,0.044707404,3.022480103,0.014791629,0.988198418,NA,0,0.5
Gm11270,0.432963256,1.22546614,3.007751572,0.407435957,0.683687822,NA,0.4,0.5
Gm11281,1.22176218,0.417725173,1.120798197,0.372703288,0.709369289,NA,1.2,2
Gm11285,1.175113357,-1.675963241,1.630102663,-1.028133552,0.30388701,NA,0.4,8.8
Gm11292,0.337119482,3.039139384,3.010686203,1.00945073,0.31275852,NA,1.2,0
Gm11334,1.064457298,-2.917185719,2.966252614,-0.983458288,0.325381935,NA,0,4.3
Gm11335,0,0,0,0,1,NA,0,6.5
Gm11336,0.559368433,-1.378621421,2.977665991,-0.462987261,0.643373498,NA,0.1,5.9
Gm11341,0.44964892,1.797393872,2.945743281,0.610166501,0.541751518,NA,0.4,0.3
Gm11342,1.168817665,-2.130940383,2.964237779,-0.71888308,0.472212963,NA,3.1,6.5
Gm11343,0.78592102,0.311955533,1.611372843,0.193596122,0.846492135,NA,0.6,1.1
Gm11354,0.203178779,0.909802486,3.021254838,0.301133977,0.763312333,NA,0.2,0.4
Gm11361,0.272267994,0.609377238,3.023055072,0.201576625,0.840247721,NA,4,0.4
Gm11362,1.762761399,1.462796885,1.955733119,0.747953221,0.454488374,NA,2.2,9.3
Gm11363,0.388723441,-0.357474592,2.993289124,-0.119425347,0.904938381,NA,0.2,0.9
Gm11365,0,0,0,0,1,NA,1.8,0
Gm11371,1.735363896,1.517934072,1.362170468,1.114349568,0.26512925,NA,1.6,1.7
Gm11380,0.760630326,1.107532601,1.775337845,0.623843289,0.532730507,NA,0.9,0.9
Gm11383,0,0,0,0,1,NA,0,4.3
Gm11400,0.291655493,-1.046254897,2.991764715,-0.349711624,0.726555129,NA,3.2,1
Gm11408,0.503804269,0.888228037,2.535183785,0.350360413,0.726068232,NA,0.6,0.8
Gm11410,1.251506189,-0.640989122,1.222464866,-0.524341549,0.600041003,NA,1.1,2.9
Gm11413,0,0,0,0,1,NA,6.1,0
Gm11439,0.116811123,1.444198905,3.024778102,0.477456149,0.633037339,NA,0.1,3.4
Gm11440,0.319500591,0.780111459,3.007159929,0.259418015,0.795312732,NA,0.4,0.7
Gm11443,0.350745969,0.55258508,2.506679111,0.220445081,0.825524539,NA,0.4,0.7
Gm11447,1.699902341,-3.589514265,2.962653844,-1.211587467,0.225670335,NA,0,5.6
Gm11449,0.313550095,0.145913517,3.008847056,0.048494827,0.961321887,NA,0.2,0.6
Gm11453,1.180560133,0.260456414,1.554861025,0.167511057,0.866967948,NA,1.4,1.9
Gm11455,0.539710955,-1.934366576,2.975657778,-0.650063522,0.515651191,NA,0,1.9
Gm11456,0.626079152,0.395471459,1.996020914,0.198129918,0.842943418,NA,0.5,0.9
Gm11470,0,0,0,0,1,NA,0,1.6
Gm11472,0.789126916,-0.251195659,1.610788622,-0.155945762,0.876075774,NA,0.6,4.8
Gm11473,0.483809126,1.014702887,2.321953903,0.437003889,0.662108527,NA,0.6,0.7
Gm11474,0.340227842,1.426619114,3.013425447,0.473421075,0.635912797,NA,0.4,2.5
Gm11483,0.323970196,0.219287152,2.999440418,0.073109354,0.941719098,NA,0.3,0.8
Gm11488,0.128075259,0.033489556,3.022398248,0.011080458,0.991159255,NA,0,0.5
Gm11496,0.159611223,1.444198905,3.024778102,0.477456149,0.633037339,NA,0.1,4.1
Gm11512,1.854026188,1.977662931,1.251185093,1.580631788,0.113962253,NA,3.7,1.4
Gm11520,0.587125067,0.258115016,2.975458521,0.08674798,0.930871838,NA,0.6,5.7
Gm11521,0.749333253,-2.416295584,2.970256004,-0.813497416,0.415932927,NA,0,7.1
Gm11524,0.270485976,0.929538309,3.015514168,0.308252012,0.757890578,NA,0.3,0.5
Gm11532,0.206930689,1.426728955,3.019557369,0.472496058,0.636572755,NA,0.3,0.3
Gm11533,1.337446094,1.439348222,1.5432363,0.932681678,0.350984347,NA,2.2,1.3
Gm11534,0.210228542,-0.572274834,3.005306045,-0.190421483,0.848978865,NA,0,0.7
Gm11542,0.256461807,-0.853973371,2.996737557,-0.284967687,0.775668898,NA,0,0.8
Gm11550,0.498550103,0.566077551,2.984352134,0.189681889,0.849558414,NA,0.9,1.2
Gm11557,0.942313902,-0.217362177,1.418934292,-0.153186922,0.87825087,NA,0.8,1.9
Gm11560,1.368230346,-0.541186229,1.184513218,-0.456884922,0.647753762,NA,0.7,2.6
Gm11573,0.244489342,-0.816271243,2.99779141,-0.272290874,0.785398373,NA,0,1.2
Gm11579,0.826674992,-0.818606766,2.965990483,-0.275997772,0.782549777,NA,3.8,5.7
Gm11598,1.032099997,0.64792273,1.251820418,0.517584408,0.604748263,NA,1,1.4
Gm11599,0.85515639,-0.031287028,2.919488101,-0.010716614,0.991449542,NA,0.4,1.6
Gm11605,0.20092262,0.364963753,3.018050415,0.12092699,0.903748864,NA,0.2,0.5
Gm11619,0.447732453,-1.317904183,2.9796701,-0.442298691,0.658273078,NA,0.1,2
Gm11629,0,0,0,0,1,NA,1.7,0
Gm11631,0.415458013,0.428251998,2.382828363,0.179724232,0.857369069,NA,0.3,0.7
Gm11633,1.617986146,-0.556070923,1.293168168,-0.430006658,0.667190798,NA,1.1,4.1
Gm11643,0.783113075,0.05529087,2.08825832,0.026477026,0.978876858,NA,2.6,1.3
Gm11645,0.16720053,0.52871329,3.022384835,0.174932485,0.861132685,NA,6.1,0.4
Gm11646,1.774789343,1.649959828,2.934314551,0.562298213,0.573912856,NA,1,1.2
Gm11652,0.310443585,1.391278251,3.02009241,0.460674066,0.645032464,NA,0.3,0.3
Gm11653,0,0,0,0,1,NA,1.4,0
Gm11658,1.639599801,-0.923508427,1.670455115,-0.552848394,0.580367227,NA,1,5.2
Gm11662,0.75136688,-2.412594646,2.970291029,-0.812241838,0.416652877,NA,0,7.3
Gm11675,0.774101354,0.741954082,2.329098188,0.318558524,0.750061309,NA,1,8.4
Gm11676,0.490255732,-1.796712879,2.977559074,-0.603418046,0.54623062,NA,0,1.7
Gm11683,0.26418479,-0.904111198,2.99537739,-0.301835489,0.762777476,NA,0,0.9
Gm11686,0.803067258,-0.103737296,1.46944491,-0.070596247,0.943719097,NA,3,4.8
Gm11689,0,0,0,0,1,NA,3.2,0
Gm11693,0,0,0,0,1,NA,2.5,4.1
Gm11702,0.72496552,-2.370051398,2.970700132,-0.797809033,0.424981319,NA,0,7.3
Gm11703,0.340472609,1.5467554,3.01783188,0.512538624,0.608274096,NA,3,0.3
Gm11718,0.048908103,1.393414388,3.024981103,0.460635733,0.64505997,NA,2.2,0.1
Gm11722,1.457329935,-0.644962842,2.944847866,-0.219013977,0.82663916,NA,5.5,8.8
Gm11725,0.112440812,0.211038275,3.023762114,0.06979328,0.944358196,NA,2.2,0.4
Gm11743,0.057697932,0.837989154,3.026154276,0.276915543,0.781844958,NA,0,2.6
Gm11745,0.241414634,-0.770899118,2.999096058,-0.257043823,0.797144943,NA,0,0.8
Gm11760,0.83609018,0.307634193,2.04757138,0.150243452,0.880572545,NA,0.7,1.2
Gm11761,1.26781316,4.593852542,2.981079288,1.54100314,0.123316022,NA,2.2,0
Gm11769,0.78819661,-2.481148128,2.969656525,-0.835500034,0.403436228,NA,0,8.3
Gm11772,0.627045194,1.79562371,3.000667754,0.59840804,0.549567702,NA,3.6,0.5
Gm11792,0,0,0,0,1,NA,4,0
Gm11796,0.272755007,0.433246967,3.017666735,0.143570183,0.885839887,NA,0.2,0.5
Gm11814,0.115675768,1.75663418,3.023384087,0.581015885,0.561229748,NA,1.9,0.1
Gm11824,0.187285202,0.914996129,3.021485664,0.302829876,0.762019514,NA,0.2,0.4
Gm11826,0.779290493,-1.48991171,2.091315149,-0.712428115,0.476199711,NA,1.7,2
Gm11830,0.096449986,1.732734015,3.024778107,0.572846653,0.566748528,NA,0.1,2.9
Gm11831,1.928453488,4.582015486,2.973218813,1.541095955,0.123293434,NA,3.1,2.1
Gm11836,1.839806432,-0.635039957,1.324701366,-0.479383485,0.63166584,NA,1.8,4.4
Gm11838,0.154188514,-0.139784434,3.018961477,-0.046302159,0.963069419,NA,0,0.5
Gm11847,0.170510907,-0.194584916,3.017418465,-0.064487216,0.948582286,NA,0,0.5
Gm11849,0.463112459,1.818938597,3.010449407,0.604208326,0.545705146,NA,0.6,0.4
Gm11870,0.073690002,1.444198905,3.024778102,0.477456149,0.633037339,NA,4.9,3.9
Gm11878,0.789365303,0.585735407,1.725362393,0.339485438,0.734244065,NA,0.9,1.3
Gm11888,0.161692257,0.414190449,3.021487854,0.13708162,0.890966281,NA,0.1,0.5
Gm11889,1.936769471,-1.697734621,1.65492381,-1.02586875,0.304953454,NA,0.5,5.1
Gm11907,1.712620598,-0.791472061,1.076255778,-0.735394018,0.462099564,NA,1,4.1
Gm11913,0.476155788,0.964894181,2.938380031,0.328376238,0.742627207,NA,0.6,3
Gm11918,0.340720861,0.670633389,2.845554995,0.235677536,0.813682903,NA,0.4,0.6
Gm11928,0.072135641,1.444198905,3.024778102,0.477456149,0.633037339,NA,0.1,3.9
Gm11930,1.231648394,3.893774486,2.983226056,1.30522274,0.191817013,NA,1,0.2
Gm11936,0.035415485,1.126524066,3.026154283,0.372262602,0.70969734,NA,0,2.8
Gm11954,0.124932277,0.867129086,3.02477809,0.286675273,0.774360972,NA,0.1,5.5
Gm11955,0.715428667,1.829569045,3.009293537,0.607972942,0.54320542,NA,0.4,0.4
Gm11966,1.318397359,-0.669987979,1.211512021,-0.55301802,0.580251071,NA,0.7,2.8
Gm11970,1.485096773,-2.198439128,1.742589117,-1.261593514,0.207095091,NA,0.3,4
Gm11975,0.547273178,1.042365543,2.274934029,0.458195943,0.646811674,NA,0.7,0.7
Gm11979,0.390696331,0.043910334,2.98947507,0.014688309,0.988280846,NA,0.3,0.9
Gm11996,1.022954035,0.253208445,1.450569846,0.174557913,0.861427021,NA,0.7,1.6
Gm11997,0.169512938,0.289290166,3.021143216,0.095755198,0.923715001,NA,0.1,0.5
Gm12013,1.168411991,0.10655033,1.156846103,0.092104153,0.926615289,NA,0.8,4.7
Gm12020,1.858321815,-0.497275348,1.325683719,-0.375108588,0.70757971,NA,1.2,3.8
Gm12033,0.256537931,-0.036828325,3.005622384,-0.012253144,0.99022365,NA,0.2,0.7
Gm12034,0.55222974,0.899050223,2.268947562,0.396241076,0.691927192,NA,0.5,0.8
Gm12038,0.243949451,1.762710554,3.023307846,0.58304038,0.559866118,NA,0.2,1.9
Gm12057,0,0,0,0,1,NA,0,3.3
Gm12058,1.374514696,0.939208859,1.21063234,0.775800239,0.437866943,NA,1.8,1.9
Gm12089,0,0,0,0,1,NA,3.2,5.2
Gm12091,1.129096894,2.295493815,2.473936545,0.927870935,0.353474523,NA,1.8,3.9
Gm12096,0.183915908,0.276552323,3.020201699,0.091567501,0.927041673,NA,0.1,0.5
Gm12097,0.372672177,-0.915193876,2.986130116,-0.30648158,0.759238003,NA,3.4,8.3
Gm12098,0.324292824,-0.089552361,2.997205233,-0.029878621,0.976163856,NA,0.2,0.8
Gm12109,0.247963434,0.390351382,3.01326154,0.129544474,0.896926836,NA,0.2,0.6
Gm12110,0.331051355,0.847224474,3.02091336,0.280453086,0.779129914,NA,0.2,0.4
Gm12115,0.485729812,-0.0068123,2.98025364,-0.002285812,0.998176187,NA,0.4,1
Gm12117,1.042387846,-1.044196369,1.706446797,-0.611912642,0.540595557,NA,0.6,3.2
Gm12123,0.536393756,0.257499288,2.27102607,0.113384559,0.909725681,NA,0.4,0.9
Gm12129,0.254726939,0.895524762,3.021135671,0.29641991,0.766909423,NA,0.2,0.4
Gm12155,0.369663028,0.116911996,2.213776818,0.052811103,0.957882415,NA,0.3,0.9
Gm12158,0,0,0,0,1,NA,2.2,0
Gm12163,0.872804562,-2.238716855,2.545721202,-0.879403783,0.379182382,NA,0.1,2.8
Gm12164,0.173093795,-0.314127081,3.013742304,-0.104231566,0.916985584,NA,0,0.6
Gm12165,0.826302913,0.585482251,1.732941106,0.337854674,0.735472706,NA,0.8,5.4
Gm12168,0.111007722,0.867129086,3.02477809,0.286675273,0.774360972,NA,3.7,0.3
Gm12171,0,0,0,0,1,NA,0,1.6
Gm12174,0.982652095,-1.802344795,1.526387658,-1.18079099,0.237685764,NA,0.3,3
Gm12176,1.746556816,1.67699096,2.903838295,0.577508384,0.563596077,NA,7.6,4.5
Gm12183,1.746020546,0.899473013,1.20760335,0.744841436,0.456367582,NA,1.8,2.1
Gm12184,0.21661566,-0.000748172,3.012232081,-0.000248378,0.999801823,NA,0.1,4.5
Gm12188,0,0,0,0,1,NA,7,0
Gm12190,0.048552715,0.837989154,3.026154276,0.276915543,0.781844958,NA,2.1,0.2
Gm12194,0.125327663,1.444198905,3.024778102,0.477456149,0.633037339,NA,8.1,0.1
Gm12204,0,0,0,0,1,NA,3.5,0
Gm12205,1.27808696,-3.173505499,2.96468072,-1.070437527,0.284422415,NA,6,12.9
Gm12207,1.905912726,4.256361909,2.973647627,1.431360552,0.152326908,NA,4.5,2.6
Gm12218,0.333167779,0.831956989,3.011990732,0.27621499,0.782382945,NA,0.3,0.5
Gm12219,0.355062926,1.936713591,3.013053577,0.642774362,0.520370521,NA,0.6,0.3
Gm12221,0,0,0,0,1,NA,0,3
Gm12225,0.268894698,0.84795091,3.01456134,0.281285008,0.778491808,NA,0.3,0.5
Gm12227,0,0,0,0,1,NA,3.3,4
Gm12230,0.639421089,-1.185417808,2.189225941,-0.541478057,0.588178118,NA,0.2,2.1
Gm12231,1.138219879,-0.904512775,1.337085023,-0.67648112,0.498735229,NA,0.9,3
Gm12242,0.305524953,1.487678052,3.018664872,0.492826503,0.622135183,NA,0.3,0.3
Gm12251,0.770092649,-0.204597756,1.891650684,-0.108158318,0.913870109,NA,0.7,1.7
Gm12260,0.019593663,1.126524066,3.026154283,0.372262602,0.70969734,NA,5.2,0.1
Gm12261,0.152315832,1.444198905,3.024778102,0.477456149,0.633037339,NA,0.1,3
Gm12266,0.329205195,1.106552739,3.018149752,0.366632815,0.713892927,NA,0.3,0.4
Gm12267,0.201370055,0.196285322,3.018112593,0.065035785,0.948145508,NA,0.1,0.5
Gm12268,0,0,0,0,1,NA,0,1.7
Gm12269,0.388293556,-0.475572916,2.710479669,-0.175457105,0.860720473,NA,0.2,1.1
Gm12275,1.023901599,-2.312373392,2.965221755,-0.779831521,0.43549005,NA,0.2,4.2
Gm12279,0,0,0,0,1,NA,5.1,1.4
Gm12280,0,0,0,0,1,NA,2.3,0
Gm12286,1.906078021,0.03371149,1.040018656,0.032414312,0.974141649,NA,1.8,3.2
Gm12303,0.247403047,0.901388043,3.021360018,0.298338509,0.765444816,NA,0.2,0.4
Gm12309,0,0,0,0,1,NA,0,3.9
Gm12312,0.232944119,0.591249177,3.018867811,0.195851297,0.844726558,NA,0.2,0.5
Gm12315,0,0,0,0,1,NA,4.5,0
Gm12316,0.130380464,0.211038387,3.023762115,0.069793317,0.944358167,NA,3.6,4.1
Gm12319,1.299769793,-3.197672649,2.964546367,-1.078638096,0.280749092,NA,0,10.7
Gm12328,1.387309359,-1.093860046,1.347768022,-0.811608547,0.417016285,NA,5.8,6.5
Gm12331,0,0,0,0,1,NA,0,1.5
Gm12332,0.695193955,1.521209285,1.97747292,0.769269338,0.441733435,NA,0.7,0.7
Gm12336,0,0,0,0,1,NA,0,2.2
Gm12337,0.219137442,0.52871329,3.022384835,0.174932485,0.861132685,NA,0.1,0.4
Gm12340,0.533606908,-0.054904117,2.983182853,-0.018404543,0.985316128,NA,0.3,1
Gm12350,0.880428505,-0.856097348,1.45006162,-0.590386875,0.554931308,NA,0.5,2.2
Gm12351,0.191351755,1.282527769,3.021809645,0.424423746,0.671256806,NA,0.3,0.3
Gm12353,0.060065298,0.837989154,3.026154276,0.276915543,0.781844958,NA,0,3.1
Gm12366,0.54227388,3.453279495,3.004164035,1.149497649,0.250350836,NA,0.7,0
Gm12380,0.808803396,2.427682087,2.947316002,0.8236925,0.410114302,NA,1.4,0.5
Gm12385,0.336054237,0.72259102,3.01993968,0.239273329,0.810893645,NA,0.2,0.5
Gm12396,0.354929779,-0.828164545,2.988041472,-0.277159655,0.781657517,NA,4.1,1.1
Gm12403,1.797951855,2.75394042,1.531600899,1.798079657,0.072164385,NA,4.2,0.8
Gm12411,0.192282933,0.867129086,3.02477809,0.286675273,0.774360972,NA,5.2,0.3
Gm12415,0.234830924,-0.734155094,3.000182541,-0.244703475,0.806686037,NA,0,0.8
Gm12416,0.761196359,0.320539301,1.948423976,0.16451209,0.86932803,NA,0.5,1.3
Gm12418,0,0,0,0,1,NA,2,0
Gm12421,0.65602986,0.483107514,1.806234796,0.267466619,0.789109912,NA,7.4,1.1
Gm12422,0.426165656,-0.056576595,2.680071178,-0.021110109,0.983157821,NA,0.4,1
Gm12428,0.042861344,1.732734015,3.024778107,0.572846653,0.566748528,NA,0.1,1.3
Gm12447,0.019593663,1.126524066,3.026154283,0.372262602,0.70969734,NA,0,4.7
Gm12455,0.16401714,1.444198905,3.024778102,0.477456149,0.633037339,NA,3.2,0.1
Gm12459,0.577449048,2.192986322,2.807441821,0.78113331,0.434724093,NA,0.6,0.4
Gm12460,0.496447637,0.793133018,2.071309834,0.382913751,0.701783715,NA,0.6,4
Gm12463,0,0,0,0,1,NA,0,3.2
Gm12464,0.611045054,0.907597867,1.988169704,0.456499194,0.64803105,NA,0.8,0.9
Gm12474,0,0,0,0,1,NA,0,4.8
Gm12482,0.428338045,0.855864254,3.001148509,0.285178908,0.775507079,NA,0.3,0.5
Gm12485,0.04473095,1.732734015,3.024778107,0.572846653,0.566748528,NA,0.1,3.4
Gm12500,0,0,0,0,1,NA,0,2.9
Gm12503,0.160126813,0.528712968,3.022384832,0.174932379,0.861132768,NA,0.1,3.8
Gm12508,0.361045056,1.438084041,3.010251099,0.477728932,0.63284315,NA,0.6,0.5
Gm12516,0.512521533,-0.440208371,1.882289383,-0.233868594,0.815086996,NA,0.3,1.2
Gm12522,0,0,0,0,1,NA,0,1.4
Gm12537,0.405529407,-1.038917642,2.983601447,-0.348209257,0.727683037,NA,0.1,1.3
Gm12564,0,0,0,0,1,NA,0,4.2
Gm12571,0.531546023,2.317213561,3.009418237,0.769987213,0.441307478,NA,1.2,0.3
Gm12577,0.283652591,1.19405484,3.023202701,0.39496354,0.692869796,NA,0.2,0.3
Gm12583,0.188553542,1.734038296,3.019278818,0.574322015,0.565749914,NA,0.3,0.2
Gm12592,0.042861344,1.732734015,3.024778107,0.572846653,0.566748528,NA,5.1,0
Gm12596,0.875061878,-2.633355345,2.968350478,-0.887144346,0.375001191,NA,0,3.2
Gm12604,0.21781721,0.414190434,3.021487854,0.137081615,0.890966285,NA,2.8,0.5
Gm12606,0.08427987,2.053039984,3.023285402,0.67907581,0.497089829,NA,3.4,1.9
Gm12610,0.714866374,-2.338514725,2.971011226,-0.7871107,0.431217066,NA,0,2.3
Gm12618,1.805575723,-0.831510378,1.033889904,-0.804254277,0.421250138,NA,1.1,4.2
Gm12622,0.691619503,-1.966451472,2.970904437,-0.661903307,0.508033192,NA,3.1,5.6
Gm12630,0.341193393,0.476397606,2.27421543,0.209477783,0.834075277,NA,3.9,0.7
Gm12631,0,0,0,0,1,NA,0,1.6
Gm12634,0.241207365,0.271899404,3.020104426,0.090029802,0.928263532,NA,0.1,0.5
Gm12641,0.192703992,0.273490909,3.020137671,0.090555776,0.927845573,NA,0.1,2.6
Gm12643,0.527686783,1.363656464,2.553466328,0.534041295,0.593312964,NA,0.5,2.7
Gm12671,0.146778595,1.091039048,3.02395361,0.360798871,0.718249807,NA,0.2,0.3
Gm12684,0.798889605,0.602870186,1.760511428,0.342440371,0.732019512,NA,0.7,1
Gm12689,0,0,0,0,1,NA,2.5,0
Gm12691,0.197043783,0.895524762,3.021135671,0.29641991,0.766909423,NA,0.2,0.4
Gm12694,0.313116649,2.961558871,3.011421978,0.983442006,0.325389945,NA,0.7,0
Gm12696,0.742156917,-0.239980054,1.777409408,-0.135016757,0.892598625,NA,0.4,1.6
Gm12703,0,0,0,0,1,NA,4,4.7
Gm12704,0.666202653,0.622044859,2.184503381,0.284753443,0.775833043,NA,6.3,0.8
Gm12712,0.273671154,1.477563887,3.01881062,0.489452329,0.624521497,NA,0.3,3.8
Gm12713,0,0,0,0,1,NA,2.1,1.9
Gm12715,0.070971547,1.444198905,3.024778102,0.477456149,0.633037339,NA,7.4,0.1
Gm12717,1.579973168,-0.13878401,1.123180257,-0.123563434,0.901660946,NA,0.9,2.8
Gm12723,0.306572416,0.362382333,3.021102243,0.11995037,0.904522463,NA,0.1,0.5
Gm12726,0.513906403,0.404708371,2.085592065,0.194049631,0.84613702,NA,0.6,3.3
Gm12728,0.943902137,0.148334211,1.323260525,0.112097511,0.910746091,NA,2.7,5.2
Gm12733,0.465835457,2.011622375,3.015523288,0.667088987,0.504715294,NA,0.4,0.2
Gm12735,1.293822432,2.035155867,2.957584646,0.688114157,0.491380896,NA,1,4.6
Gm12737,0.699124224,2.006859244,2.996796032,0.66966828,0.503069277,NA,4.2,4.5
Gm12738,0.505260249,0.961080209,2.562434378,0.375065296,0.707611906,NA,0.3,0.5
Gm12754,0.142751842,0.53209157,3.023034406,0.17601241,0.860284193,NA,0.1,0.4
Gm12757,0.471680034,0.71346151,2.992719749,0.238399038,0.811571613,NA,0.5,0.7
Gm12760,1.417910067,1.360858848,1.201833045,1.13231938,0.257500185,NA,1.5,1.4
Gm12764,0,0,0,0,1,NA,0,2.9
Gm12774,0.173967116,1.444198905,3.024778102,0.477456149,0.633037339,NA,0.1,1.7
Gm12778,1.616321701,-1.706754278,1.497867934,-1.139455781,0.254513101,NA,0.7,4.7
Gm12785,0.828359809,0.292510582,2.966711573,0.09859758,0.921457792,NA,16.7,1.3
Gm12787,0.221850728,0.394101134,3.016535242,0.130646952,0.896054599,NA,0.2,0.6
Gm12791,0.278945089,-0.066826067,3.010042965,-0.022201034,0.982287592,NA,3.5,0.7
Gm12794,1.315010197,4.612137403,2.980775115,1.547294655,0.12179221,NA,1,0
Gm12795,0.725040317,3.651549061,3.000602292,1.216938703,0.223627539,NA,0.5,1.9
Gm12816,0.711688675,-0.964728861,2.138900332,-0.451039651,0.651960971,NA,0.3,1.7
Gm12840,0.17169459,-0.215210798,3.016798903,-0.071337469,0.943129175,NA,0,0.5
Gm12848,0.145758772,-0.111196495,3.019788485,-0.03682261,0.970626446,NA,0,0.5
Gm12852,1.028027297,0.006941656,1.545227459,0.00449232,0.99641566,NA,0.9,1.9
Gm12862,0,0,0,0,1,NA,2.1,0
Gm12864,0.968596192,3.871105928,2.989521806,1.29489135,0.195357713,NA,1.1,0.1
Gm12867,0.029353866,1.126524066,3.026154283,0.372262602,0.70969734,NA,0,3
Gm12870,0.535181233,-1.924035455,2.975794314,-0.646561977,0.517915473,NA,0,1.9
Gm12882,0.715630749,-0.170387898,1.609671514,-0.10585259,0.915699311,NA,0.5,1.5
Gm12900,0.176948297,0.958540542,3.021847401,0.31720349,0.751089202,NA,0.2,0.4
Gm12901,0.451370635,0.74083374,2.977775991,0.248787599,0.803525084,NA,0.3,0.6
Gm12902,0.923515277,-0.719788858,2.963430398,-0.242890421,0.808090286,NA,0.5,6.2
Gm12905,0.683612081,-2.284279951,2.971562284,-0.768713469,0.442063427,NA,4.5,6.5
Gm12906,0.346187589,-1.295174032,2.986224579,-0.433716218,0.664494528,NA,0,1.2
Gm12909,0,0,0,0,1,NA,0,1.9
Gm12917,0.035415485,1.126524066,3.026154283,0.372262602,0.70969734,NA,0,3.6
Gm12922,0.226370287,1.19405484,3.023202701,0.39496354,0.692869796,NA,0.2,3
Gm12932,0.346187589,-1.295174032,2.986224579,-0.433716218,0.664494528,NA,0,6.5
Gm12933,1.16241115,0.730469514,1.648530742,0.443103362,0.657690973,NA,1.2,1.4
Gm12936,0.526736686,0.023562591,2.273665407,0.010363262,0.991731461,NA,0.5,1.2
Gm12937,0.073690002,1.444198905,3.024778102,0.477456149,0.633037339,NA,0.1,1.9
Gm12943,1.766092901,2.658920743,1.950896895,1.362922228,0.172907022,NA,1.6,3.7
Gm12947,0.584190341,0.910393151,2.493743511,0.365070885,0.715058494,NA,0.5,0.7
Gm12960,1.301282274,-2.519817964,2.416618861,-1.042703922,0.297085441,NA,0.2,4.8
Gm12963,0,0,0,0,1,NA,0,3.5
Gm12966,0.493622039,0.317160859,2.28892779,0.138563069,0.889795428,NA,2.7,0.9
Gm12969,0.808099378,-0.024127327,1.489601395,-0.01619717,0.987077093,NA,0.7,1.5
Gm12977,1.347161026,0.509447118,2.943866576,0.173053739,0.862609187,NA,0.9,2
Gm12988,0,0,0,0,1,NA,0,3.5
Gm12989,0.567291461,-0.506642543,1.833738596,-0.276289403,0.782325794,NA,0.4,1.5
Gm12990,0.461353064,1.208840368,3.015426108,0.400885422,0.688504483,NA,0.3,0.4
Gm12991,0.297164447,-0.530800113,2.575211182,-0.206119062,0.836697909,NA,0.1,0.9
Gm12994,0,0,0,0,1,NA,0,1.5
Gm13015,0.256025771,0.910764134,3.015793085,0.301998217,0.762653422,NA,0.3,0.5
Gm13031,0.906952422,-0.115435456,2.959602719,-0.0390037,0.968887439,NA,1.4,5.1
Gm13033,1.625806006,-3.524335292,2.962934212,-1.189474703,0.23425292,NA,0,12.4
Gm13038,0.08823548,0.549454242,3.026154269,0.181568484,0.855921384,NA,3,3.8
Gm13047,1.722964006,3.243630575,2.543324706,1.275350555,0.202185191,NA,9,3.4
Gm13050,0.197184849,1.014126424,3.020259499,0.3357746,0.737040846,NA,0.3,0.4
Gm13056,0.226044452,1.771124303,3.023202742,0.585843708,0.557980549,NA,0.2,3.5
Gm13070,0,0,0,0,1,NA,0,2.9
Gm13121,0.059386514,0.837989154,3.026154276,0.276915543,0.781844958,NA,3,0.2
Gm13132,1.405368905,2.236095062,1.499905824,1.490823641,0.136007803,NA,2.3,1
Gm13141,0.394988212,-0.5913193,2.668104754,-0.221625219,0.824605649,NA,0.1,1
Gm13156,0.696846807,-0.242902087,2.779336505,-0.08739571,0.930356979,NA,3.6,4.6
Gm13160,0.457123025,2.444251369,3.010851886,0.811813886,0.416898433,NA,0.6,0.2
Gm13172,0.643434182,-1.33099892,1.727278445,-0.770575772,0.440958427,NA,0.2,1.8
Gm13181,0.447760025,-0.728103607,2.982170688,-0.244152225,0.807112927,NA,0.2,1.2
Gm13184,1.399049449,4.427797371,2.979111742,1.486281064,0.137204793,NA,7.1,0.1
Gm13185,1.68544833,-3.577111292,2.962706227,-1.207379679,0.227285958,NA,0,6.2
Gm13186,0.219197522,1.581774222,3.017352598,0.524225847,0.600121465,NA,0.4,0.3
Gm13194,0.403221864,1.243794538,3.012148507,0.412926035,0.679660806,NA,0.4,0.5
Gm13196,0.934115508,0.86591672,1.708562632,0.506810054,0.612288101,NA,1,1.1
Gm13204,0.286792205,-0.065779014,3.001930308,-0.021912239,0.982517962,NA,0.2,0.7
Gm13209,0,0,0,0,1,NA,0,1.3
Gm13213,0.307748214,-0.040308052,3.010925695,-0.013387262,0.989318829,NA,3.1,4.4
Gm13215,0.455534044,-0.754038822,2.659893169,-0.283484627,0.776805365,NA,4,1.3
Gm13218,0,0,0,0,1,NA,0,3.2
Gm13219,0,0,0,0,1,NA,2.2,5.4
Gm13226,1.881394444,0.746306236,1.239500709,0.602102307,0.547106039,NA,3,9.3
Gm13230,0,0,0,0,1,NA,0,2.3
Gm13238,0,0,0,0,1,NA,0,10.1
Gm13241,0.040056325,1.126524066,3.026154283,0.372262602,0.70969734,NA,4,1.7
Gm13261,0,0,0,0,1,NA,4.4,0
Gm13264,0,0,0,0,1,NA,0,3.8
Gm13268,1.301188812,-0.299175702,2.024703064,-0.147762754,0.882530004,NA,1.3,2.6
Gm13269,0.028848966,1.126524066,3.026154283,0.372262602,0.70969734,NA,3,0.1
Gm13270,0.094960558,0.300496751,3.024507075,0.099353959,0.920857238,NA,5,0.4
Gm13274,0.268385699,2.834983425,3.012705057,0.941009283,0.346700102,NA,0.6,0
Gm13283,0.367352824,3.062315363,3.010473531,1.017220491,0.30904855,NA,0.7,0
Gm13292,0.529623799,2.34292369,3.009064229,0.778622027,0.4362024,NA,0.5,0.3
Gm13293,1.250220434,-3.151976171,2.964802312,-1.063131986,0.287722101,NA,0,6.2
Gm13296,0.949766604,0.531690495,2.295152923,0.231657982,0.816803669,NA,1.2,1.6
Gm13311,0.580032253,2.979424421,3.011249229,0.98943136,0.322452137,NA,0.4,2.6
Gm13321,0.177929719,0.528713289,3.022384835,0.174932485,0.861132685,NA,3.3,0.4
Gm13326,0.266310431,1.296777697,3.021577954,0.429172345,0.667797807,NA,0.3,0.3
Gm13333,0.259022967,0.3150954,3.010915184,0.104651038,0.916652714,NA,0.2,4.1
Gm13343,0.427302332,1.649939612,3.016449637,0.546980659,0.584392019,NA,0.3,0.3
Gm13350,0.22693795,1.569161853,3.017523993,0.520016363,0.60305217,NA,0.5,0.3
Gm13351,0.673312893,1.402126739,2.98705087,0.469401694,0.638782538,NA,1.1,0.7
Gm13352,0.24424564,-0.194104575,3.005985207,-0.064572698,0.948514223,NA,0.1,0.7
Gm13369,0.125327663,1.444198905,3.024778102,0.477456149,0.633037339,NA,3.9,0.1
Gm13370,0.97370572,-1.899208552,1.909260122,-0.994735359,0.319864993,NA,0.3,3
Gm13375,0.272773731,-0.947296336,2.994242533,-0.316372614,0.751719701,NA,0,0.9
Gm13376,0.365212772,3.106867383,3.010073646,1.032156601,0.301998762,NA,1.3,0
Gm13387,0,0,0,0,1,NA,0,2.3
Gm13392,0.07819726,1.444198905,3.024778102,0.477456149,0.633037339,NA,0.1,4.7
Gm13394,0.378374723,-0.101111027,2.761395758,-0.036615913,0.970791255,NA,0.3,0.9
Gm13397,0.39955539,1.25997529,2.4243875,0.519708706,0.603266618,NA,0.5,0.5
Gm13407,0.358456001,1.184105324,3.01204115,0.393123887,0.694227983,NA,2.2,0.5
Gm13413,0.246550294,0.973790159,3.016261404,0.322846739,0.746811314,NA,5,3
Gm13416,0.098967125,1.732734015,3.024778107,0.572846653,0.566748528,NA,0.1,3.3
Gm13421,0,0,0,0,1,NA,0,3
Gm13427,0,0,0,0,1,NA,0,2.5
Gm13437,1.425753798,4.138270043,2.87901801,1.437389426,0.150607372,NA,8,4.2
Gm13445,0.243437916,1.775783129,3.018671068,0.588266522,0.556353413,NA,0.3,0.2
Gm13450,0.685048861,0.990437066,1.818075932,0.544772112,0.585910261,NA,0.6,0.8
Gm13456,1.420965029,2.209083524,1.970946667,1.120823593,0.26236296,NA,2.1,0.8
Gm13460,0.874796204,-1.589716723,1.62032439,-0.981110161,0.32653842,NA,0.3,2.5
Gm13461,0.46855475,-0.663616923,2.94193273,-0.225571753,0.821534512,NA,0.3,1.3
Gm13464,0.610767644,-1.245338602,1.941326087,-0.641488625,0.521205269,NA,0.2,5.3
Gm13465,0.256235844,-0.851212986,2.996813801,-0.284039331,0.77638024,NA,0,0.8
Gm13466,0.798652173,1.239908815,1.753346274,0.707167108,0.479462636,NA,1,0.9
Gm13472,0.491708528,1.000192327,2.089077623,0.478772218,0.632100683,NA,0.6,0.7
Gm13474,0.477885534,2.796048876,3.013121371,0.9279576,0.353429564,NA,0.4,3.7
Gm13477,0.385586768,2.426677049,3.011017226,0.805932636,0.420281692,NA,0.8,4.5
Gm13478,0.182544694,0.110235321,3.017304423,0.036534372,0.970856272,NA,0.1,0.5
Gm13487,0.518914999,1.594695602,3.010689849,0.529677809,0.596335336,NA,0.5,0.4
Gm13488,0.02809329,1.681949511,3.024981108,0.55601984,0.578197292,NA,2.5,0
Gm13493,0.916993013,-0.491044394,1.851644741,-0.265193632,0.7908603,NA,3.3,2.1
Gm13495,0,0,0,0,1,NA,2.7,0
Gm13498,0.374454096,0.475849316,3.015179454,0.157817909,0.874600286,NA,0.2,0.6
Gm13501,0.884258238,1.314303125,2.347608867,0.559847572,0.575583412,NA,1.3,3.3
Gm13504,0.293538655,-1.056137087,2.991526341,-0.353042884,0.724056291,NA,0,1
Gm13508,0.66333038,1.222827245,1.959943822,0.623909334,0.53268713,NA,0.7,3.5
Gm13511,1.201305957,-3.088776888,2.965169868,-1.04168632,0.297557133,NA,3.5,7.9
Gm13522,0,0,0,0,1,NA,0,2.2
Gm13525,1.485784467,-0.441399647,1.411960816,-0.312614658,0.754573441,NA,4.4,6.5
Gm13526,0.035415485,1.126524066,3.026154283,0.372262602,0.70969734,NA,0,3.9
Gm13528,0,0,0,0,1,NA,0,1.5
Gm13535,0,0,0,0,1,NA,0,2.3
Gm13545,1.576652822,-1.312050489,1.407301712,-0.932316417,0.351173026,NA,0.7,3.9
Gm13546,0,0,0,0,1,NA,0,5.4
Gm13547,0,0,0,0,1,NA,0,1.7
Gm13557,0,0,0,0,1,NA,0,1.9
Gm13559,0.566144354,0.228443641,2.498011261,0.091450205,0.927134871,NA,0.4,1.1
Gm13567,0.690088731,0.291992756,2.767885398,0.10549308,0.915984561,NA,0.6,1.2
Gm13586,0.520990565,-0.178494168,2.994618743,-0.059604973,0.952470258,NA,0.2,0.8
Gm13590,0,0,0,0,1,NA,3.5,2.5
Gm13592,0.805025079,-0.749387521,1.716274267,-0.436636227,0.662375186,NA,0.4,1.8
Gm13594,1.809498128,2.762121348,2.951331084,0.935890034,0.349329809,NA,1.2,6.2
Gm13596,1.898714385,-3.749235782,2.962017917,-1.265770798,0.205595153,NA,0,6.3
Gm136,0,0,0,0,1,NA,1.7,2.1
Gm13608,0,0,0,0,1,NA,0,1.5
Gm13622,0.78494543,-1.169315912,1.912837989,-0.61129898,0.541001666,NA,0.3,6.8
Gm13623,0.993602791,1.739174471,2.277155579,0.763748637,0.44501705,NA,5.8,4.2
Gm13641,0.945841406,1.080434797,2.271096554,0.475732657,0.634264852,NA,0.8,9.2
Gm13662,0.223654749,2.69058422,3.014303045,0.892605746,0.372068341,NA,0.5,0
Gm13665,1.722713895,2.660462206,1.548594699,1.717984834,0.085799382,NA,3.1,1
Gm13668,1.128890757,-0.10993124,1.236392195,-0.08891292,0.929151116,NA,0.7,2.1
Gm13675,0.493727429,2.428418507,3.011000757,0.806515409,0.419945727,NA,0.5,0.2
Gm13679,0.189923284,0.182582681,3.017716725,0.060503585,0.951754561,NA,0.1,0.6
Gm13686,0,0,0,0,1,NA,0,2.6
Gm13688,0.857847438,-0.391503749,1.770204034,-0.221163065,0.824965467,NA,0.5,2
Gm13689,0.019593663,1.126524066,3.026154283,0.372262602,0.70969734,NA,3.7,0.1
Gm13703,0.039187325,0.837989154,3.026154276,0.276915543,0.781844958,NA,0,3.2
Gm13707,0.318522307,-1.174845539,2.988785178,-0.393084638,0.69425697,NA,0,1.1
Gm13708,0,0,0,0,1,NA,0,4.9
Gm13709,0,0,0,0,1,NA,0,4.7
Gm13710,0,0,0,0,1,NA,0,3.5
Gm13713,0.371748908,-1.40126904,2.984135297,-0.469572891,0.638660196,NA,0,1.4
Gm13717,1.157635569,-0.382349572,1.499081568,-0.255055882,0.798679938,NA,0.9,10.6
Gm13736,0.267602491,2.485839204,3.013357694,0.82493997,0.409405673,NA,0.6,0.1
Gm13740,0.168502995,1.091039048,3.02395361,0.360798871,0.718249807,NA,0.2,2.9
Gm13743,0.37750775,-0.099617263,2.997261917,-0.033236089,0.973486319,NA,0.2,0.8
Gm13750,0.174423324,0.362378606,3.021102239,0.119949137,0.90452344,NA,4.5,0.5
Gm13761,0.154867298,-0.145241157,3.018805358,-0.04811213,0.961626879,NA,0,0.5
Gm13777,0.646951859,1.284802788,1.994030704,0.644324475,0.519365048,NA,0.5,0.6
Gm13782,0.920802617,-2.700861662,2.967813678,-0.910050951,0.36279564,NA,0,11
Gm13786,0.665491489,-2.23437392,2.972087867,-0.751785957,0.452179789,NA,4.1,9.5
Gm13787,0.028848966,1.126524066,3.026154283,0.372262602,0.70969734,NA,0,3.7
Gm13803,0.273592096,2.566713758,3.015797138,0.851089659,0.394719549,NA,0.4,2.5
Gm13817,0,0,0,0,1,NA,0,2.8
Gm13818,0.139828803,0.022400843,3.022317889,0.007411809,0.994086286,NA,0,0.5
Gm13822,1.263397891,4.567203051,2.98152939,1.53183231,0.125563821,NA,6.2,3.8
Gm13829,0,0,0,0,1,NA,0,3.2
Gm13830,0,0,0,0,1,NA,3.4,0
Gm13833,0.020814813,1.126524066,3.026154283,0.372262602,0.70969734,NA,4.6,2.7
Gm13835,1.599394372,0.242384951,1.232636578,0.196639427,0.844109714,NA,1.5,2.6
Gm13840,1.754404723,0.473872713,2.854333068,0.166018717,0.868142221,NA,5.4,3.6
Gm13841,0.335426856,-0.726621017,2.990420135,-0.24298292,0.808018629,NA,0.1,0.9
Gm13842,0.595390565,3.564277599,3.002156465,1.18723912,0.235133314,NA,0.9,0
Gm13855,0.195096721,-0.459764941,3.009005136,-0.15279633,0.878558892,NA,0,0.6
Gm13857,0.767556935,-0.285133616,1.589654065,-0.179368343,0.857648487,NA,0.4,1.6
Gm13864,1.808936215,-1.453963224,1.556829806,-0.933925609,0.350342268,NA,0.8,5
Gm13882,0.938481058,-0.306502285,1.434093301,-0.213725484,0.830761137,NA,0.7,1.9
Gm13886,0.283323882,-0.990287534,2.993145489,-0.330851787,0.740756441,NA,0,0.8
Gm13889,0.561865803,3.546931019,3.002460672,1.181341375,0.237467137,NA,5,0
Gm13902,0.436585717,-0.434146047,2.991288692,-0.145136793,0.884602869,NA,0.2,1
Gm13903,0,0,0,0,1,NA,0,5.3
Gm13904,1.615846496,-3.15978205,2.277558543,-1.38735492,0.165333564,NA,4.3,5.2
Gm13910,0.206305105,-0.081364208,3.011457483,-0.027018216,0.978445205,NA,0.1,0.6
Gm13921,0.29238769,0.083147397,3.00337061,0.027684694,0.977913631,NA,0.2,0.7
Gm13925,0.028110203,1.126524066,3.026154283,0.372262602,0.70969734,NA,2.6,0.1
Gm13929,0,0,0,0,1,NA,4.7,0
Gm13932,0.151850727,0.582876411,3.022831272,0.192824659,0.84709629,NA,0.1,0.4
Gm13975,0.207798016,-0.566037621,3.005514966,-0.18833299,0.850615626,NA,0,0.8
Gm13977,0,0,0,0,1,NA,0,3.2
Gm13986,0,0,0,0,1,NA,0,1.6
Gm13994,0.252991827,-0.844993007,2.996986127,-0.281947587,0.7779837,NA,0,0.9
Gm14000,0.272465891,-0.150031556,2.99428895,-0.050105904,0.960037995,NA,0.2,0.8
Gm14006,0.502890272,0.352322242,2.285109286,0.154181791,0.877466399,NA,0.3,0.8
Gm14010,1.670511051,0.885075709,2.896844582,0.305530961,0.759961793,NA,1.5,2.4
Gm14011,0,0,0,0,1,NA,6.7,0
Gm14017,1.394387495,2.517148023,2.960978944,0.850106695,0.39526577,NA,7.7,3
Gm14018,0.241959037,0.556912452,3.017515705,0.184559918,0.853574226,NA,0.2,0.5
Gm14019,0.180195894,-0.362232239,3.012165797,-0.120256408,0.904280035,NA,0,0.6
Gm14020,0.29044411,0.414190447,3.021487854,0.137081619,0.890966281,NA,0.1,0.5
Gm14022,0,0,0,0,1,NA,0,2.4
Gm14026,0.143452343,0.609377236,3.023055072,0.201576624,0.840247721,NA,2.2,0.4
Gm14039,1.791461575,-0.307956321,2.515584381,-0.122419396,0.902566878,NA,2.1,3.6
Gm14052,1.015035943,4.257189737,2.98740506,1.425046036,0.154143894,NA,1.1,2.1
Gm14053,0.201950548,1.19405484,3.023202701,0.39496354,0.692869796,NA,0.2,0.3
Gm14086,0,0,0,0,1,NA,3.8,2.5
Gm14094,0.486074644,-0.060131166,2.095293578,-0.028698206,0.977105287,NA,2.6,1.1
Gm14101,0.04473095,1.732734015,3.024778107,0.572846653,0.566748528,NA,3,0
Gm14111,0.145739019,0.609377247,3.023055072,0.201576628,0.840247719,NA,0.1,0.4
Gm14115,0.27594575,1.239480079,3.017252908,0.410797542,0.681220996,NA,3.9,4
Gm14121,0.231313291,-0.112303431,3.008565019,-0.037327906,0.970223556,NA,0.1,0.7
Gm14123,1.49271229,-3.40231209,2.963494295,-1.148074452,0.25093783,NA,3.7,5.3
Gm14124,0,0,0,0,1,NA,3.2,0
Gm14125,0.028848966,1.126524066,3.026154283,0.372262602,0.70969734,NA,5.7,0.1
Gm14127,0.425559883,1.046902012,2.673636718,0.391564794,0.695379805,NA,0.4,0.5
Gm14132,0,0,0,0,1,NA,4.7,0
Gm14137,0.245561134,2.423568933,3.014055353,0.804089059,0.421345543,NA,0.8,0.1
Gm14150,0.794579479,-1.824641414,2.968495783,-0.61466869,0.538773541,NA,4.2,7.8
Gm14154,0.42596973,-0.527318091,2.995596514,-0.176031081,0.860269525,NA,4.3,5.3
Gm14167,0.383942189,-1.441417531,2.983383426,-0.483148602,0.628990227,NA,2.8,1.3
Gm14168,1.519295331,-2.981168855,2.827865625,-1.054211639,0.291786032,NA,0.1,5.2
Gm14172,0.196647856,2.226509868,3.016456151,0.738121079,0.460440876,NA,2.5,4.6
Gm14173,1.407420581,-2.245031585,1.970529815,-1.139303535,0.254576574,NA,0.3,5.1
Gm14200,0.140631806,0.597014034,3.022950219,0.197493836,0.843441105,NA,3.1,0.4
Gm14207,0.166518501,-0.293313207,3.014368985,-0.097305011,0.922484177,NA,0,0.8
Gm14214,0.410450365,-0.574393895,2.985313486,-0.192406559,0.847423755,NA,0.2,1.2
Gm14221,1.306608754,4.622176288,2.980609707,1.550748586,0.120961946,NA,1.4,1.9
Gm14227,0.211434568,0.034972172,3.013310327,0.011605898,0.990740041,NA,0.1,0.6
Gm14251,1.007224551,0.34687797,1.359841825,0.255086998,0.798655906,NA,5.6,1.4
Gm14252,0,0,0,0,1,NA,4.1,0
Gm14253,0.680558332,-0.306511371,2.413053481,-0.127022204,0.898922825,NA,0.3,1.2
Gm14257,0,0,0,0,1,NA,0,5.6
Gm14263,1.559921325,0.422380878,1.059590817,0.398626405,0.690168503,NA,1.5,2.3
Gm14267,1.889671359,-2.70397867,2.074491327,-1.303441781,0.19242398,NA,2.7,10
Gm14276,0.826889654,-1.901558938,2.585148339,-0.735570532,0.461992102,NA,0.1,8.1
Gm14277,0.655314688,0.235817942,1.673190651,0.140939075,0.887918073,NA,3,1.2
Gm14279,1.616197086,0.616120765,1.150509764,0.535519805,0.592290466,NA,7.1,2.2
Gm14295,1.744507045,5.06037969,2.974383528,1.701320506,0.088882819,NA,12.7,0
Gm14325,0.291598315,1.794047582,3.014665051,0.59510677,0.551772103,NA,0.5,3.8
Gm14336,1.493607472,0.406969963,1.825896572,0.222887741,0.823622877,NA,6.3,2.1
Gm14389,0.58943439,2.457645517,3.006708297,0.817387413,0.413707066,NA,0.5,2.4
Gm14398,1.888995962,-0.140369997,1.717516533,-0.081728469,0.934862639,NA,2.7,4.2
Gm14403,0.536771398,3.482290937,3.003625176,1.159362681,0.246308382,NA,1.2,0
Gm14407,0.811103544,0.554060422,1.6145336,0.343170574,0.731470141,NA,0.6,1.2
Gm14427,0.695449167,-0.701672478,1.606246942,-0.436839728,0.662227585,NA,0.4,1.9
Gm14448,0.028848966,1.126524066,3.026154283,0.372262602,0.70969734,NA,0,1.7
Gm14455,0.776118018,-2.060910197,2.969215181,-0.69409257,0.487624158,NA,0.1,3.2
Gm14466,0.662439182,-1.044097743,2.969120825,-0.351652157,0.725099145,NA,0.3,6.6
Gm14472,0.165949482,-0.26554433,3.01521861,-0.088068019,0.929822615,NA,0,0.6
Gm14480,0.395729672,1.482589763,3.023202719,0.490403688,0.623848268,NA,4.3,4.7
Gm14486,0.09721746,1.732734015,3.024778107,0.572846653,0.566748528,NA,4.4,1.7
Gm14491,0.285422762,-0.588328751,2.995518491,-0.196402978,0.844294766,NA,0.1,0.8
Gm14494,0.362312225,-1.365299735,2.984826699,-0.457413402,0.647373933,NA,1.8,1.5
Gm14513,0.955056978,0.271711854,1.574329479,0.172588938,0.862974547,NA,0.6,1.5
Gm14516,0.16858963,1.19405484,3.023202701,0.39496354,0.692869796,NA,0.2,0.3
Gm14530,0.479094597,1.933773148,3.013085317,0.6417917,0.521008439,NA,0.5,3.2
Gm14567,0.163999365,1.155663995,3.024778096,0.382065712,0.702412624,NA,3.8,0.2
Gm14571,0.535044421,1.35548759,2.516194357,0.538705441,0.590090119,NA,0.5,0.5
Gm14578,0.297927543,1.835791821,3.017824961,0.608316203,0.542977777,NA,0.3,0.2
Gm14584,0.350746084,-1.312599308,2.985870932,-0.439603499,0.660224306,NA,0,5.7
Gm14585,0.311070752,0.423899467,3.017393981,0.14048529,0.888276574,NA,0.2,0.5
Gm14587,0.215028917,1.67934036,3.020099648,0.556054619,0.578173517,NA,0.3,0.2
Gm14602,0.366081104,1.642955746,3.010928132,0.545664218,0.585296772,NA,0.6,0.4
Gm14620,0.220128314,-0.01151443,3.011902195,-0.003822976,0.996949714,NA,0.1,0.6
Gm14630,0.275630506,1.185110663,3.023314449,0.39199054,0.695065204,NA,3.6,4.4
Gm14634,0.868101466,-2.227832298,2.96768487,-0.750697057,0.452834995,NA,0.1,2.6
Gm14648,0.61419664,0.158985289,1.802933799,0.088181435,0.929732473,NA,0.6,1.2
Gm14650,0.608197341,0.635321296,2.495428293,0.25459409,0.799036624,NA,0.5,1
Gm14667,0.350521886,1.929835927,3.016561936,0.639746827,0.522337207,NA,0.4,0.2
Gm14681,1.05773382,-0.486113103,2.281061689,-0.213108267,0.831242517,NA,4,2.3
Gm14688,0.364180085,0.12390519,3.008131373,0.041190086,0.967144357,NA,0.2,0.6
Gm14699,0.526407035,-1.272747814,2.84794075,-0.446901086,0.65494648,NA,0.1,1.3
Gm14718,0.020814813,1.126524066,3.026154283,0.372262602,0.70969734,NA,0,3.5
Gm14719,0.91991584,1.008772722,2.309651625,0.436764017,0.662282497,NA,0.7,1.1
Gm14730,0.233349735,1.771124303,3.023202742,0.585843708,0.557980549,NA,3.6,3.1
Gm14740,0.040056325,1.126524066,3.026154283,0.372262602,0.70969734,NA,0,3.1
Gm14741,0.28110203,-0.996701956,2.992984548,-0.33301273,0.739124674,NA,0,1
Gm14760,1.113111743,3.389397961,2.728596793,1.242176187,0.214171564,NA,1.1,0.3
Gm14762,0,0,0,0,1,NA,0,4.2
Gm14776,0.295567541,0.758141797,3.00974957,0.251895309,0.801121986,NA,0.4,0.7
Gm14780,0,0,0,0,1,NA,2.6,0
Gm14794,0.3628043,1.060046667,2.779069888,0.38143937,0.702877252,NA,6.2,4.3
Gm14813,1.731224024,-2.701802334,2.516533677,-1.073620576,0.282992772,NA,0.4,4.9
Gm14820,0,0,0,0,1,NA,0,2
Gm14830,1.615282296,2.189981077,1.685740803,1.299120881,0.193902448,NA,7.5,5.6
Gm14840,0.7158264,-1.815194508,2.971813514,-0.610803639,0.541329584,NA,0.1,5
Gm14843,0.203903619,0.409783911,3.019242365,0.135724086,0.892039406,NA,0.2,4.5
Gm14859,1.277582693,-2.704395874,2.964171316,-0.912361529,0.361578434,NA,2.9,8.3
Gm14861,0.715371401,0.797182403,1.526441844,0.522248788,0.601497121,NA,0.7,1
Gm14899,0,0,0,0,1,NA,0,3.2
Gm14901,0.157910525,0.52871329,3.022384835,0.174932485,0.861132685,NA,0.1,0.4
Gm14921,0.522033363,0.537193547,2.268480881,0.236807615,0.812806044,NA,2.7,0.8
Gm14928,0.28955745,0.52871329,3.022384835,0.174932485,0.861132685,NA,0.1,0.4
Gm14975,0.270455311,0.488013893,3.019116289,0.161641304,0.871588329,NA,0.2,0.5
Gm14984,0,0,0,0,1,NA,0,2
Gm15002,0.186647315,1.716023811,3.019546051,0.568305229,0.569827729,NA,0.3,0.2
Gm15031,0.504108035,1.088468906,2.556847045,0.425707477,0.670321013,NA,0.5,0.7
Gm15039,0.23240582,0.32149396,3.014435724,0.106651456,0.915065495,NA,0.2,0.6
Gm15042,0.635501636,1.852040484,2.190957008,0.845311194,0.397937113,NA,0.8,0.5
Gm15043,0.205910588,1.362422679,3.020536764,0.451053169,0.651951229,NA,0.3,0.3
Gm15045,0.656434643,0.45407816,2.185568074,0.207762076,0.835414746,NA,0.6,1
Gm15050,0.08556355,2.044726305,3.023389672,0.676302603,0.49884854,NA,0.2,3.1
Gm15054,0.247690854,0.485729165,3.01605291,0.161047959,0.872055628,NA,0.2,0.5
Gm15082,0,0,0,0,1,NA,3.6,2.8
Gm15122,0.07221521,1.444198905,3.024778102,0.477456149,0.633037339,NA,2,2.9
Gm15131,0.198942152,-0.497035878,3.007850904,-0.165246182,0.868750217,NA,4.1,0.7
Gm15159,0.307146798,-0.249542282,3.004089678,-0.083067521,0.933797851,NA,0.1,0.7
Gm15161,0.040056325,1.126524066,3.026154283,0.372262602,0.70969734,NA,3.6,0.1
Gm15185,0,0,0,0,1,NA,0,2.8
Gm15197,1.543008388,4.886371757,2.976637066,1.641574585,0.100678198,NA,7.9,0
Gm15204,0.047686953,1.393414388,3.024981103,0.460635733,0.64505997,NA,0.1,1.8
Gm15216,0.319141441,1.459062802,3.013321633,0.484204137,0.628241001,NA,0.6,0.4
Gm15230,0.421167582,2.852095744,3.00977826,0.947609922,0.343328073,NA,0.9,0.1
Gm15247,0.907211755,3.815902553,2.990782445,1.275887706,0.201995218,NA,10.2,15.1
Gm15261,0.245124222,1.848967308,3.017643446,0.612718945,0.540062194,NA,0.4,0.2
Gm15262,1.227549598,0.899429748,1.516116847,0.593245665,0.553016756,NA,1.7,1.5
Gm15268,0.200455049,1.185111184,3.023314443,0.391990713,0.695065076,NA,0.2,4.1
Gm15271,0.299472425,2.926467015,3.011767199,0.971677696,0.331210916,NA,0.7,0
Gm15285,0.132923029,-0.036829286,3.021669959,-0.012188388,0.990275314,NA,0,0.6
Gm15294,0.354811064,-0.819555151,2.988236807,-0.274260443,0.783884481,NA,0.1,1.1
Gm15323,0,0,0,0,1,NA,3.8,0
Gm15326,0.783458296,-2.464215682,2.969810469,-0.829755201,0.406677204,NA,2.9,8.1
Gm15327,1.660757454,-2.850226818,2.960293729,-0.962818922,0.335638403,NA,0.2,6
Gm15333,0.067297528,0.549454242,3.026154269,0.181568484,0.855921384,NA,3.2,0.3
Gm15334,0,0,0,0,1,NA,2,0
Gm15335,0.227839902,1.185110663,3.023314449,0.39199054,0.695065204,NA,0.2,0.3
Gm15340,0.020814813,1.126524066,3.026154283,0.372262602,0.70969734,NA,3.9,0.1
Gm15342,0.029353866,1.126524066,3.026154283,0.372262602,0.70969734,NA,2.6,0.1
Gm15346,0,0,0,0,1,NA,1.6,0
Gm15350,0.451632678,-1.680571905,2.979309135,-0.564081077,0.572698956,NA,0,1.8
Gm15379,0,0,0,0,1,NA,0,2.1
Gm15385,0,0,0,0,1,NA,3.1,0
Gm15390,0.50406024,-0.273984869,2.308991749,-0.11865996,0.905544759,NA,0.4,1.2
Gm15400,0.275811611,-0.403076402,2.999197738,-0.134394741,0.89309044,NA,0.1,0.8
Gm15409,0.223654749,2.69058422,3.014303045,0.892605746,0.372068341,NA,0.5,0
Gm15420,0.106246456,0.549454242,3.026154269,0.181568484,0.855921384,NA,1.6,0.3
Gm15421,1.20817346,-0.530086816,1.570990295,-0.337422082,0.735798741,NA,1,2.8
Gm15432,1.322442557,-0.444821181,1.232848027,-0.360807798,0.718243133,NA,0.8,2.7
Gm15452,0.152589489,0.58287641,3.022831272,0.192824659,0.84709629,NA,0.1,0.4
Gm15454,0.126947517,0.106726897,3.022942966,0.035305627,0.971836036,NA,0,0.5
Gm15455,0,0,0,0,1,NA,3.7,0
Gm15457,0,0,0,0,1,NA,3.8,0
Gm15460,0,0,0,0,1,NA,3.9,0
Gm15466,0.327015646,0.264929975,3.009004516,0.088045722,0.929840336,NA,0.2,0.6
Gm15473,1.026913087,1.762727484,2.969012673,0.593708306,0.552707227,NA,1.1,0.8
Gm15482,0,0,0,0,1,NA,3,0
Gm15483,0.59762459,-1.654739191,2.156661724,-0.767268771,0.442921732,NA,3.3,2
Gm15484,0.159785184,0.424402597,3.021565319,0.14045786,0.888298245,NA,0.1,0.5
Gm15488,0,0,0,0,1,NA,0,2.1
Gm15489,0,0,0,0,1,NA,3.3,3.1
Gm15492,0.743422152,-2.397709663,2.970432804,-0.807192023,0.419555861,NA,0,2.8
Gm15497,1.450868961,-0.028881299,1.510997194,-0.019114066,0.984750111,NA,3.7,2.2
Gm15504,0.186529701,-0.380011107,3.011574145,-0.126183547,0.899586635,NA,0,0.6
Gm15515,0.581198919,1.041097185,1.842553538,0.565029544,0.572053669,NA,0.6,0.7
Gm15518,0.61550535,3.619045647,3.001218392,1.205858813,0.227871934,NA,1.3,0
Gm15522,0,0,0,0,1,NA,1.4,0
Gm15523,0,0,0,0,1,NA,0,1.4
Gm15533,0.3932293,2.384488067,3.011421959,0.791814664,0.428468751,NA,0.7,3.1
Gm15538,0.201118551,0.841590244,3.020984093,0.278581488,0.780566021,NA,0.2,2.2
Gm15547,0.292521197,0.908169214,3.013552927,0.301361627,0.763138752,NA,0.4,0.5
Gm15549,0.810545204,-1.03525082,2.114267981,-0.489649765,0.624381755,NA,3.1,2.2
Gm15554,0.323713446,2.946284276,3.011571276,0.978321283,0.327915447,NA,0.9,1.9
Gm15566,0.844043223,0.756594861,2.105021564,0.359423805,0.719278069,NA,0.6,4.7
Gm15567,0.227741789,-0.715456007,3.00074597,-0.23842605,0.811550665,NA,0,1.1
Gm15570,0.177209333,1.179120647,3.023389629,0.389999567,0.696536867,NA,0.2,0.3
Gm15571,0.132745663,0.044707409,3.022480103,0.014791631,0.988198417,NA,0,0.5
Gm15572,0.07282424,1.956644328,3.023953623,0.647048392,0.517600625,NA,0.2,3
Gm15573,0.309026191,2.966655047,3.011372496,0.985150476,0.324550163,NA,1.1,1.5
Gm15575,0.447048995,0.977463237,3.003454964,0.325446277,0.744843336,NA,0.4,0.7
Gm15578,0.327816743,-0.36819222,3.00026484,-0.122719906,0.9023289,NA,7.9,0.7
Gm15593,0.987098315,-1.27095011,2.040089388,-0.622987462,0.533292761,NA,0.4,2.6
Gm15601,0.775323263,-2.454705634,2.969897722,-0.826528677,0.408504258,NA,3.1,7.2
Gm15604,0.151129926,0.597014034,3.022950219,0.197493836,0.843441105,NA,0.1,0.4
Gm15614,0.738678877,-1.263295515,2.973242127,-0.424888206,0.670918172,NA,0.2,7
Gm15619,0,0,0,0,1,NA,0,1.4
Gm15621,1.030818508,2.178831324,2.041343509,1.067351631,0.285813081,NA,5.6,4.1
Gm15624,0.68187818,-2.280761051,2.971598755,-0.767519857,0.442772492,NA,2.7,7.2
Gm15632,0,0,0,0,1,NA,3.6,0
Gm15634,0,0,0,0,1,NA,0,2.6
Gm15653,0.073690002,1.444198905,3.024778102,0.477456149,0.633037339,NA,2.9,0.1
Gm15661,0.941804818,-0.509493153,1.428385872,-0.356691537,0.721322742,NA,0.5,1.9
Gm15667,0,0,0,0,1,NA,0,2.4
Gm15674,0,0,0,0,1,NA,7.5,3.1
Gm15682,0.236633716,1.390805466,3.020099626,0.460516419,0.645145589,NA,0.3,0.3
Gm15690,0,0,0,0,1,NA,0,2.3
Gm15697,0.546246707,-1.205101584,2.980525152,-0.404325252,0.685973559,NA,0.1,4.9
Gm15710,0.374578469,1.434183346,3.013332151,0.475945988,0.634112858,NA,0.4,0.4
Gm15712,0.13150102,1.732734015,3.024778107,0.572846653,0.566748528,NA,2.4,1.5
Gm15713,0.201071194,1.956644328,3.023953623,0.647048392,0.517600625,NA,3.4,8.7
Gm15718,0.344220895,0.762787833,3.004306514,0.253898139,0.799574253,NA,0.4,0.6
Gm15722,0,0,0,0,1,NA,1.3,0
Gm15729,0.057697932,0.837989154,3.026154276,0.276915543,0.781844958,NA,0,3.5
Gm15730,0.468476452,-1.727834637,2.526991334,-0.683751707,0.494131967,NA,0,1.6
Gm15738,0,0,0,0,1,NA,0,3.9
Gm15739,0.874957139,4.040356429,2.992305452,1.350248661,0.176936234,NA,0.9,0
Gm15744,0.080146435,1.444198905,3.024778102,0.477456149,0.633037339,NA,0.1,2.6
Gm15753,1.142072414,2.109364292,1.823924377,1.15649767,0.247477652,NA,1,0.7
Gm15766,0.226730431,1.445503131,3.0192788,0.478757752,0.632110975,NA,0.3,0.3
Gm15772,0.49292574,2.615282953,3.009316126,0.86906222,0.3848131,NA,5.4,0.2
Gm15773,0.83692996,0.045802962,1.390038068,0.032950869,0.973713768,NA,0.6,1.6
Gm15775,0.505983654,-1.843454206,2.976893213,-0.619254395,0.535748783,NA,1.6,4.4
Gm15777,0.176342964,-0.36911727,3.011935838,-0.122551505,0.902462258,NA,0,5.3
Gm15782,0.03251612,1.126524066,3.026154283,0.372262602,0.70969734,NA,0,1.7
Gm15785,0.020814813,1.126524066,3.026154283,0.372262602,0.70969734,NA,0,1.8
Gm15788,1.181088591,-3.066737328,2.965301865,-1.034207466,0.301039184,NA,0,4.7
Gm15791,0.920672291,-2.704980913,2.967781725,-0.91144874,0.362058983,NA,0,9.1
Gm15792,0.214306721,2.65965382,3.014665085,0.882238572,0.377647807,NA,0.5,0
Gm15793,1.698097922,1.167205419,2.323112951,0.502431627,0.615363937,NA,7.9,5.8
Gm15794,0.286884831,1.997718869,3.015696055,0.66244039,0.507689026,NA,0.4,0.2
Gm15795,0.173250008,0.351164441,3.02102035,0.116240343,0.907462064,NA,0.1,0.5
Gm15798,0.676439053,-0.359535086,2.97319633,-0.120925444,0.903750089,NA,2.7,5
Gm15806,0,0,0,0,1,NA,4.1,0
Gm15807,0.123045439,0.10672723,3.022942968,0.035305737,0.971835948,NA,3.5,0.5
Gm15812,0.299021881,-1.086147624,2.990812221,-0.363161424,0.716484303,NA,0,1.1
Gm15821,0.52882761,-1.899376403,2.976124155,-0.638204693,0.523340443,NA,0,1.6
Gm15824,0,0,0,0,1,NA,3,0
Gm15834,1.166940419,3.465541988,2.985889997,1.160639538,0.245788519,NA,4.9,0.3
Gm15842,0.071820397,1.444198905,3.024778102,0.477456149,0.633037339,NA,0.1,4.2
Gm15860,0.734211291,-1.565015809,2.969704295,-0.526993819,0.598197881,NA,0.2,6.1
Gm15868,0,0,0,0,1,NA,3,0
Gm15873,0.357847599,3.074336982,3.010364478,1.02125075,0.307135653,NA,0.8,0
Gm15877,1.074962171,-0.719608418,1.25302531,-0.574296794,0.565766978,NA,0.6,2.5
Gm15889,0,0,0,0,1,NA,2,0
Gm15890,0.895718683,-2.664248311,2.968101719,-0.897627024,0.369384427,NA,0,2.9
Gm15892,1.119065958,2.617138781,2.981265454,0.877861707,0.380018772,NA,4.4,5.5
Gm15894,0.234958202,-0.734373972,3.000176003,-0.244776963,0.806629132,NA,0,0.8
Gm15896,0.773725295,-1.103308314,1.914565393,-0.576270896,0.564432092,NA,0.4,2.1
Gm15907,0.230791726,-0.710602441,3.000893391,-0.236796963,0.812814308,NA,3.6,0.8
Gm15910,0.141661941,0.211038275,3.023762114,0.06979328,0.944358196,NA,3.1,3.4
Gm15911,0.393306062,3.170444675,3.009522831,1.053470884,0.292125232,NA,1.4,0
Gm15912,1.158530481,-3.040204222,2.965463462,-1.025203737,0.305267065,NA,0,5
Gm15921,0.328001391,0.398167995,3.001118309,0.132673208,0.894451832,NA,0.4,0.7
Gm15928,0.536771398,3.482290937,3.003625176,1.159362681,0.246308382,NA,1.2,2.4
Gm15929,0.836825934,-2.566121322,2.968910535,-0.86433097,0.387406102,NA,0,2.7
Gm15932,0.459922319,-1.697412083,2.97904665,-0.569783653,0.568824444,NA,0,1.4
Gm15938,0.811777691,-2.53116996,2.969212097,-0.852471928,0.393952213,NA,3.4,7.5
Gm15945,0,0,0,0,1,NA,0,10.1
Gm15946,0.397277252,0.849060108,2.999576094,0.283060033,0.777130818,NA,0.5,0.7
Gm15950,0.028959053,1.126524066,3.026154283,0.372262602,0.70969734,NA,2.8,0.1
Gm15956,0.125803852,1.444198905,3.024778102,0.477456149,0.633037339,NA,0.1,4.3
Gm15963,0.062444438,0.549454242,3.026154269,0.181568484,0.855921384,NA,0,6.8
Gm15964,0.048908103,1.393414388,3.024981103,0.460635733,0.64505997,NA,3.3,0.1
Gm15965,0.223654749,2.69058422,3.014303045,0.892605746,0.372068341,NA,5.4,0
Gm15966,0.630133674,0.924295909,2.442642793,0.378399949,0.705133506,NA,0.5,0.6
Gm15971,0.964499863,4.18213596,2.98902135,1.399165637,0.161763319,NA,1,0
Gm15975,0.909296134,-0.86831173,2.967784697,-0.292579085,0.769843903,NA,0.3,5.7
Gm15987,0.080112651,0.837989154,3.026154276,0.276915543,0.781844958,NA,0,2.4
Gm15989,0.187333313,-0.443618735,3.009514198,-0.14740543,0.88281202,NA,2.6,0.9
Gm16001,0,0,0,0,1,NA,0,3.2
Gm16005,0.664846191,-0.355859208,1.641116979,-0.216839636,0.828333322,NA,0.5,1.5
Gm16006,0,0,0,0,1,NA,0,1.9
Gm16021,0.277785547,1.296777697,3.021577954,0.429172345,0.667797807,NA,0.3,0.3
Gm16024,1.907911345,1.886036645,2.931861398,0.643289839,0.520036049,NA,3.5,7.5
Gm16043,0,0,0,0,1,NA,1.8,0
Gm16053,0.214869064,-0.620657683,3.003715267,-0.206629999,0.83629883,NA,4.8,0.9
Gm16060,0.320089996,-0.429123743,2.869428139,-0.149550267,0.881119448,NA,4.2,3.2
Gm16061,1.020112783,-0.804502894,1.427153173,-0.563711667,0.572950376,NA,0.7,5.6
Gm16066,0,0,0,0,1,NA,2.3,0
Gm16068,1.368101038,1.753663059,2.947754432,0.594914909,0.551900351,NA,3,4.2
Gm16071,0.600305753,-0.979317396,1.955428742,-0.500819782,0.616497962,NA,0.3,1.7
Gm16073,0.084787275,1.444198905,3.024778102,0.477456149,0.633037339,NA,0.1,2.1
Gm16082,1.281968832,1.539996107,2.017742767,0.763227173,0.445327926,NA,2,1.2
Gm16083,0,0,0,0,1,NA,2.4,0
Gm16086,0,0,0,0,1,NA,0,2.2
Gm16103,0,0,0,0,1,NA,2.2,0
Gm16104,0,0,0,0,1,NA,0,2.6
Gm16111,0.343254996,1.487678052,3.018664872,0.492826503,0.622135183,NA,0.3,0.3
Gm16122,0.268385699,2.834983425,3.012705057,0.941009283,0.346700102,NA,0.6,0
Gm16129,0.162317711,-0.202591939,3.017197581,-0.067145731,0.946465688,NA,0,0.5
Gm16132,0.626997206,-2.162039995,2.972882428,-0.727253784,0.467070504,NA,1.4,8
Gm16134,0.572074196,1.624540099,2.797233555,0.580766699,0.561397701,NA,0.5,0.5
Gm16135,0.780853623,-1.537392209,2.078037263,-0.73982899,0.459403766,NA,0.3,2.2
Gm16141,0.140551015,-0.07502764,3.020789946,-0.024837093,0.980184905,NA,0,0.5
Gm16144,0.664135405,-2.23860747,2.972042578,-0.753221871,0.451316599,NA,0,2.7
Gm16146,0.187333313,-0.443618735,3.009514198,-0.14740543,0.88281202,NA,0,0.9
Gm16147,0,0,0,0,1,NA,0,4.2
Gm16150,0.621895992,-1.72635422,2.972866504,-0.580703579,0.561440249,NA,2.9,2.6
Gm16157,0.492040449,3.38705244,3.005433025,1.126976516,0.25975241,NA,4.8,0
Gm16158,1.055545822,-2.435903339,2.966008087,-0.82127333,0.411490595,NA,2.7,7.7
Gm16159,0,0,0,0,1,NA,0,4.8
Gm16163,0,0,0,0,1,NA,0,2.5
Gm16165,0.26191787,0.52871329,3.022384835,0.174932485,0.861132685,NA,0.1,3.4
Gm16166,0.830568349,1.200672766,1.78228541,0.673670311,0.500520941,NA,0.6,0.8
Gm16170,0,0,0,0,1,NA,0,1.6
Gm16178,0,0,0,0,1,NA,3.6,1.9
Gm16181,0.908047266,-2.681001756,2.967969015,-0.903311909,0.366360378,NA,1.7,2.6
Gm16184,0.158835635,1.571062866,3.021809666,0.519907949,0.603127735,NA,2.5,0.2
Gm16189,0.056220406,0.837989154,3.026154276,0.276915543,0.781844958,NA,3.3,0.2
Gm16198,0.302935243,0.977246711,3.013029157,0.324340277,0.74568043,NA,0.4,0.5
Gm16200,1.273350627,1.079993199,1.972954262,0.547399005,0.584104639,NA,1.7,5.9
Gm16206,0.09754836,0.549454242,3.026154269,0.181568484,0.855921384,NA,2,0.3
Gm16208,0.424382027,-1.117009046,2.98211221,-0.374569757,0.707980469,NA,0.1,4.3
Gm16210,1.014782598,0.393033805,1.590102686,0.247175109,0.804772708,NA,0.6,1.3
Gm16213,0,0,0,0,1,NA,0,2.2
Gm16218,0.506310972,-0.010509022,2.06910343,-0.005079022,0.995947544,NA,0.5,5
Gm16221,0.170544124,-0.295399159,3.01430579,-0.097999068,0.921933033,NA,2.1,0.6
Gm16236,1.039620864,1.493286768,2.961650936,0.504207552,0.614115534,NA,5.1,1
Gm16237,0.21553029,-0.640714402,3.003070977,-0.213353066,0.831051585,NA,0,1.1
Gm16239,0,0,0,0,1,NA,3.5,0
Gm16244,0,0,0,0,1,NA,0,2.7
Gm16253,0,0,0,0,1,NA,3.1,3.1
Gm16254,0.277476967,-0.404359571,2.999158967,-0.134824321,0.892750776,NA,0.1,0.8
Gm16267,0.312275034,1.439103427,3.012129925,0.477769373,0.632814362,NA,0.5,0.5
Gm16269,0.064374538,0.837989154,3.026154276,0.276915543,0.781844958,NA,0,2
Gm16272,0,0,0,0,1,NA,0,3.6
Gm16275,0,0,0,0,1,NA,0,3.1
Gm16276,0.064324613,1.444198905,3.024778102,0.477456149,0.633037339,NA,0.1,5
Gm16283,0.705261328,-2.329407095,2.971102333,-0.784021159,0.433027695,NA,1.8,6.3
Gm16287,0,0,0,0,1,NA,0,3.7
Gm16288,0.298213688,0.52871329,3.022384835,0.174932485,0.861132685,NA,3.7,0.4
Gm16297,0.809476728,-0.677223092,1.552116605,-0.436322303,0.662602902,NA,0.5,1.8
Gm16298,0.192000868,1.742751172,3.019150649,0.577232267,0.563782563,NA,0.3,0.2
Gm16299,0.296731613,0.01766786,3.0127848,0.005864295,0.995320996,NA,0.1,3.2
Gm16301,1.241746089,-3.13078864,2.964923752,-1.055942379,0.290994541,NA,0,7.5
Gm16335,0.149726978,0.58287641,3.022831272,0.192824659,0.84709629,NA,0.1,0.4
Gm16341,0.255452077,-0.852646892,2.996774178,-0.284521569,0.776010707,NA,0,0.9
Gm16373,0.340004023,1.412695753,3.01359835,0.468773735,0.639231376,NA,0.5,0.4
Gm16374,1.033567291,0.345033028,1.411143577,0.24450597,0.806838979,NA,1.2,4.8
Gm16399,0.522424357,0.248025121,2.294513643,0.108094856,0.913920449,NA,0.6,1.1
Gm16412,0.319203732,-0.654186489,2.992220571,-0.2186291,0.826938983,NA,0.1,1
Gm16415,0.471130057,1.797805916,2.309486985,0.778443839,0.436307403,NA,2.9,3
Gm16416,0.414695437,1.074195737,3.014375475,0.356357642,0.721572747,NA,0.3,0.5
Gm16418,0.702187498,0.769574214,2.424341709,0.317436363,0.75091252,NA,0.9,0.9
Gm16464,0,0,0,0,1,NA,4,0
Gm1647,1.383823228,4.665435325,2.979909639,1.565629798,0.11743531,NA,0.8,0
Gm16470,1.15525764,-2.483400016,2.173839569,-1.142402619,0.253286703,NA,2.3,3.4
Gm16477,0.773841345,-1.07670868,2.968137387,-0.362755675,0.716787406,NA,2.5,5.6
Gm16490,0.497281404,1.829569045,3.009293537,0.607972942,0.54320542,NA,0.4,3.2
Gm16519,1.142087114,0.43686639,1.356185274,0.322128841,0.74735509,NA,1.5,1.9
Gm16534,0,0,0,0,1,NA,0,2
Gm16540,0.533840164,2.032284922,3.006127143,0.676047561,0.499010449,NA,1.5,0.4
Gm16549,0.390424436,-1.46645823,2.982924847,-0.491617558,0.622989728,NA,2.8,9.4
Gm16558,0.847088604,-2.585165711,2.968749252,-0.87079288,0.383867254,NA,2.2,6.4
Gm16565,1.544853845,-0.095986423,2.677116787,-0.035854402,0.971398454,NA,4.3,2.6
Gm16573,0,0,0,0,1,NA,3,0
Gm16577,1.369662134,-3.278817703,2.964111316,-1.106172256,0.268651969,NA,0,4.8
Gm16579,0,0,0,0,1,NA,0,4.2
Gm16585,1.748067098,1.67574348,1.456715177,1.150357672,0.249996586,NA,3,5.1
Gm16599,0.563126378,3.202497807,3.003464771,1.066267811,0.286302596,NA,6.4,3.6
Gm16617,0.413884941,2.85055775,3.009791574,0.947094734,0.343590508,NA,0.9,3.7
Gm16712,0.224881624,-0.675426784,3.001976468,-0.22499403,0.821983919,NA,0,0.8
Gm16726,1.070462093,3.675485715,2.987502457,1.230287094,0.218589616,NA,1.3,0.2
Gm16751,0,0,0,0,1,NA,0,3
Gm16892,0,0,0,0,1,NA,1.7,2
Gm16894,1.226719004,-3.124365187,2.964960921,-1.053762687,0.291991581,NA,4.5,10.1
Gm16982,0,0,0,0,1,NA,0,3.1
Gm16998,0,0,0,0,1,NA,0,2.4
Gm17014,0.268017894,1.19405484,3.023202701,0.39496354,0.692869796,NA,0.2,0.3
Gm17024,1.944349198,5.196122426,2.972801624,1.747887374,0.080483532,NA,6.7,0
Gm17039,0.088061597,0.549454242,3.026154269,0.181568484,0.855921384,NA,1.6,0.3
Gm17040,0.218811722,1.185640751,3.023307809,0.392166735,0.694935021,NA,0.2,2.9
Gm17058,0.02809329,1.681949511,3.024981108,0.55601984,0.578197292,NA,0.1,2.4
Gm17059,0,0,0,0,1,NA,3.8,0
Gm17060,0.056230298,0.837989154,3.026154276,0.276915543,0.781844958,NA,3.7,0.2
Gm17068,1.125554889,-0.770523263,1.282289457,-0.600896513,0.547908916,NA,0.7,2.7
Gm17077,0.389284605,-1.473430149,2.982798561,-0.493975748,0.621323307,NA,0,1.7
Gm17082,0.345739808,2.088578573,3.014594322,0.692822433,0.488420992,NA,3.2,0.2
Gm17089,0,0,0,0,1,NA,3.2,3.6
Gm17103,0.138854166,0.867129086,3.02477809,0.286675273,0.774360972,NA,0.1,2.4
Gm17108,0,0,0,0,1,NA,7,3.3
Gm17110,0.518933711,2.515542577,3.016449717,0.833941492,0.404313955,NA,0.3,1.4
Gm17115,0.208148126,-0.587531064,3.004798777,-0.195530918,0.844977335,NA,0,1
Gm17116,0,0,0,0,1,NA,4.5,0
Gm17130,0.504049027,0.311873548,2.981841517,0.10459092,0.91670042,NA,0.5,3.9
Gm17140,1.679901543,-3.572892156,2.962724149,-1.205948302,0.227837425,NA,0,5.7
Gm17150,1.387329425,1.182624316,1.326003815,0.891870976,0.372462093,NA,1,6
Gm17169,0,0,0,0,1,NA,0,2.6
Gm17178,0.320450604,-1.159492877,2.989127301,-0.387903478,0.698087464,NA,0,0.8
Gm17190,0.304007214,0.574875943,3.007020826,0.191177905,0.848386213,NA,0.3,0.6
Gm17193,0.357677321,-1.33514147,2.985419662,-0.4472207,0.654715717,NA,0,1.1
Gm17195,0.039187325,0.837989154,3.026154276,0.276915543,0.781844958,NA,4.3,3.9
Gm17203,0.028110203,1.126524066,3.026154283,0.372262602,0.70969734,NA,0,7
Gm17207,0.634178609,-0.589354547,2.969114132,-0.19849508,0.842657734,NA,0.4,1.9
Gm17212,0.509428936,2.537348579,3.010006993,0.842970991,0.399244668,NA,0.9,4.7
Gm17224,0,0,0,0,1,NA,0,3.2
Gm17227,0,0,0,0,1,NA,3.7,3.5
Gm17229,0,0,0,0,1,NA,0,1.9
Gm17230,0.972174599,4.19306993,2.988780794,1.402936588,0.160635749,NA,1,0
Gm17233,0.117415462,0.211038275,3.023762114,0.06979328,0.944358196,NA,0,3.9
Gm17304,0,0,0,0,1,NA,1.8,0
Gm17322,0.143261388,-0.121161939,3.019498456,-0.040126511,0.967992266,NA,0,0.7
Gm17399,0.09721746,1.732734015,3.024778107,0.572846653,0.566748528,NA,0.1,1.7
Gm17415,0.598531458,0.532431579,2.772755176,0.192022572,0.847724525,NA,0.5,0.9
Gm17455,0.313498603,-1.172370535,2.988840088,-0.392249334,0.694873995,NA,0,4.9
Gm17509,0.726071277,-2.362938511,2.970769708,-0.795396057,0.426383153,NA,0,2.5
Gm17530,0,0,0,0,1,NA,4.1,0
Gm17571,1.784625123,3.742084643,2.262167912,1.654202866,0.098086301,NA,1.5,0.4
Gm17634,0.168661218,-0.284899309,3.014624775,-0.094505728,0.924707432,NA,0,0.6
Gm17638,0,0,0,0,1,NA,2.9,0
Gm17641,0.380356589,-1.430142227,2.983592497,-0.479335643,0.63169987,NA,0,3.8
Gm17705,0,0,0,0,1,NA,0,11.9
Gm17749,0,0,0,0,1,NA,0,6.4
Gm17753,0.833006616,3.215459035,2.05280733,1.566371568,0.117261655,NA,0.8,0.2
Gm17756,0,0,0,0,1,NA,0,3.2
Gm17783,0,0,0,0,1,NA,0,3
Gm17796,0,0,0,0,1,NA,4.1,0
Gm17799,1.294599378,-0.16499681,1.022190097,-0.161414996,0.871766557,NA,1,2.5
Gm17800,0.874903501,1.315716677,1.904236717,0.690941764,0.489602139,NA,0.8,0.9
Gm17805,0.746548084,-0.003815039,1.644809157,-0.002319442,0.998149355,NA,0.6,6
Gm17807,0.451121953,1.069539458,2.979657402,0.358947125,0.719634645,NA,0.4,0.5
Gm17815,0.176342964,-0.36911727,3.011935838,-0.122551505,0.902462258,NA,2.7,3.2
Gm17826,0.629771393,0.231149368,1.660056904,0.139241834,0.889259051,NA,0.6,1.2
Gm17828,0.908523608,1.550782981,2.071245487,0.748720029,0.454025969,NA,1.3,1
Gm17841,0.028959053,1.126524066,3.026154283,0.372262602,0.70969734,NA,0,4.4
Gm17849,0,0,0,0,1,NA,0,1.9
Gm17906,0.09721746,1.732734015,3.024778107,0.572846653,0.566748528,NA,2,0
Gm17907,0.230314276,-0.678293907,3.001887215,-0.225955826,0.821235777,NA,0,0.6
Gm17910,0,0,0,0,1,NA,0,2.9
Gm17938,0.222466049,0.598926523,3.018827904,0.198397041,0.842734432,NA,0.2,0.5
Gm17970,0.531590961,2.0729412,2.822842779,0.734345255,0.462738343,NA,0.5,0.3
Gm17976,0.25669065,2.801149133,3.013066237,0.929667293,0.352543374,NA,0.6,0
Gm17980,0,0,0,0,1,NA,2,0
Gm18001,0.641672986,-1.76131481,2.750677231,-0.640320424,0.521964305,NA,0.1,2
Gm18014,0.298043976,1.138713144,3.016418862,0.377504981,0.705798364,NA,0.3,0.4
Gm18015,0,0,0,0,1,NA,2.5,0
Gm18025,0.287113061,1.44883214,3.014264751,0.480658555,0.630759192,NA,0.5,0.4
Gm18033,0.383677188,-0.430123445,2.734998222,-0.157266444,0.875034865,NA,0.2,1
Gm18042,0.150163245,-0.141786609,3.01890413,-0.046966251,0.962540126,NA,0,0.5
Gm18076,0.180162529,-0.373615613,3.011786166,-0.124051175,0.901274756,NA,2.1,0.7
Gm18079,0.678794082,0.704633883,1.97659404,0.356488924,0.721474445,NA,0.7,1
Gm18085,0.483835074,0.623467582,2.592532669,0.240485911,0.809953584,NA,0.4,0.6
Gm18101,0.035415485,1.126524066,3.026154283,0.372262602,0.70969734,NA,0,3.2
Gm18103,0.250055922,0.503147906,3.016302068,0.166809522,0.867519926,NA,0.2,0.5
Gm18119,0.341088456,1.063869567,3.017527847,0.352563297,0.724415857,NA,0.3,0.4
Gm18128,0.261093878,0.901387477,3.021360026,0.298338321,0.765444959,NA,0.2,0.4
Gm18132,0.280178161,0.230801376,3.007880673,0.076732225,0.938836568,NA,2.8,0.6
Gm18152,0.433878917,0.723808224,3.002333864,0.241081857,0.809491674,NA,0.4,0.6
Gm18169,0.548155892,0.662729997,2.036678353,0.325397477,0.744880265,NA,0.5,0.8
Gm18194,0.416061829,-0.853052976,2.987483208,-0.28554235,0.775228663,NA,3.5,5.9
Gm18212,0.08427987,2.053039984,3.023285402,0.67907581,0.497089829,NA,0.3,2.2
Gm18310,0.030032649,1.126524066,3.026154283,0.372262602,0.70969734,NA,0,3.2
Gm1840,1.896168341,-0.865354149,1.18923197,-0.727657994,0.46682297,NA,1.2,4.7
Gm18441,0.168726027,-0.259591601,3.015402779,-0.086088533,0.931396039,NA,0,0.6
Gm18473,0.299472425,2.926467015,3.011767199,0.971677696,0.331210916,NA,0.7,0
Gm18505,0.427968217,1.938473865,3.016449665,0.642634249,0.520461454,NA,0.3,0.2
Gm18519,0,0,0,0,1,NA,2.1,0
Gm18550,0,0,0,0,1,NA,0,4.3
Gm18648,0,0,0,0,1,NA,0,2.3
Gm18649,0.642331848,0.404714462,2.977620966,0.135918731,0.891885528,NA,0.5,3
Gm18709,0.074763599,1.444198905,3.024778102,0.477456149,0.633037339,NA,5.7,0.1
Gm18719,0,0,0,0,1,NA,0,1.6
Gm18722,0.261040568,-0.314844086,3.001946493,-0.104879979,0.916471046,NA,0.1,0.8
Gm18726,0.129906277,0.044707415,3.022480103,0.014791632,0.988198415,NA,0,0.5
Gm18733,0,0,0,0,1,NA,0,2.9
Gm18795,0,0,0,0,1,NA,3.2,0
Gm18813,0,0,0,0,1,NA,3.6,0
Gm18822,0.423078572,-1.590715161,2.980762172,-0.533660544,0.593576412,NA,0,1.8
Gm18828,0,0,0,0,1,NA,0,1.9
Gm18856,0,0,0,0,1,NA,0,2.8
Gm18859,1.032321055,1.697361188,2.257935507,0.751731475,0.452212558,NA,1.4,0.8
Gm18860,0.886884661,0.584039095,2.961628673,0.197201999,0.843669466,NA,4.5,1.3
Gm18883,0,0,0,0,1,NA,0,2
Gm18889,0.191944897,-0.451551448,3.009263404,-0.150053813,0.880722159,NA,0,0.7
Gm18904,0.342543715,-0.059750437,3.002127601,-0.019902697,0.984120993,NA,0.2,0.7
Gm18913,0.398865029,1.19405484,3.023202701,0.39496354,0.692869796,NA,0.2,3.6
Gm18916,0.087271971,0.549454242,3.026154269,0.181568484,0.855921384,NA,4,0.3
Gm18943,0,0,0,0,1,NA,0,2.5
Gm18972,0,0,0,0,1,NA,2,0
Gm18982,0.172977904,1.732734015,3.024778107,0.572846653,0.566748528,NA,0.1,2
Gm18988,0.562785004,3.073315282,3.00593046,1.022417292,0.30658344,NA,0.5,0.1
Gm18990,1.037867421,4.236263777,2.987847552,1.417831299,0.156240024,NA,4.4,0
Gm18994,0.438342783,-1.183497936,2.980905541,-0.397026313,0.691348057,NA,0.1,5.3
Gm19027,0.789302811,-0.324243924,1.593754006,-0.203446657,0.838785935,NA,0.6,1.6
Gm19046,0.030032649,1.126524066,3.026154283,0.372262602,0.70969734,NA,2.3,0.1
Gm19050,0,0,0,0,1,NA,2.6,0
Gm19078,0.084787275,1.444198905,3.024778102,0.477456149,0.633037339,NA,4.5,6.3
Gm19087,0.744203497,-1.227873387,2.701237646,-0.454559557,0.649426136,NA,0.4,2
Gm19111,0,0,0,0,1,NA,3.9,4.4
Gm19142,0.825477108,-2.546679563,2.969077382,-0.857734318,0.391039186,NA,0,2.7
Gm19238,0.040056325,1.126524066,3.026154283,0.372262602,0.70969734,NA,1.8,0.1
Gm19243,0.489508885,-1.441596863,2.977683888,-0.484133614,0.628291047,NA,0.1,6
Gm19244,0.700902582,-0.695934293,1.622588246,-0.428903818,0.667993222,NA,2.9,1.7
Gm19246,1.593901225,0.138885254,1.253672362,0.110782736,0.911788636,NA,0.9,2.5
Gm19248,0.976775687,0.973476309,1.557524575,0.625015056,0.531961177,NA,1.3,1.2
Gm19269,0,0,0,0,1,NA,4.9,0
Gm19272,0.420850931,-0.171665586,2.984981819,-0.057509759,0.954139132,NA,0.3,4
Gm19287,1.934716569,2.425412505,1.302313546,1.862387527,0.062548486,NA,3.8,1.1
Gm19340,0.394503059,2.515542577,3.016449717,0.833941492,0.404313955,NA,5.9,0
Gm19399,0.613601364,1.539375193,2.80094819,0.549590742,0.58260011,NA,3.6,2.6
Gm19409,1.550931535,-3.460315566,2.963222168,-1.167754347,0.242905868,NA,4.2,20.2
Gm1943,0.112662555,1.155663995,3.024778096,0.382065712,0.702412624,NA,2.6,2.4
Gm19466,0.042781775,1.732734015,3.024778107,0.572846653,0.566748528,NA,3.4,0
Gm1947,0.184646949,1.641473744,3.020684589,0.543411169,0.586846737,NA,0.3,0.2
Gm19503,0.59826692,1.207224324,2.81439346,0.428946536,0.667962133,NA,1.1,0.7
Gm19531,0,0,0,0,1,NA,1.5,0
Gm19566,0.042781775,1.732734015,3.024778107,0.572846653,0.566748528,NA,2.6,0
Gm19620,1.756863911,-1.007690344,1.24752768,-0.807749888,0.419234578,NA,3.2,4.8
Gm19667,0.497780714,-1.16827551,2.981176971,-0.391883985,0.695143937,NA,2.9,1
Gm19688,0.813996764,0.124264367,1.732859981,0.071710564,0.942832249,NA,0.6,1.4
Gm19710,0,0,0,0,1,NA,1.9,1.5
Gm19798,0,0,0,0,1,NA,0,1.9
Gm19815,0.508722658,1.056853845,3.005189892,0.351676228,0.725081091,NA,0.4,3.9
Gm19817,0.59894485,3.604699215,3.00146087,1.200981579,0.229758347,NA,5.8,0
Gm19840,0.567011872,-0.636766568,2.972994564,-0.214183563,0.830403914,NA,0.4,1.4
Gm19872,0,0,0,0,1,NA,1.9,0
Gm19931,0.811708691,-2.135690469,2.968507806,-0.719449167,0.471864212,NA,0.1,7.4
Gm19938,0.587874523,0.160416293,2.976216755,0.053899399,0.957015316,NA,3.9,1.1
Gm19951,1.057434097,-0.909938075,2.955548869,-0.307874481,0.758177844,NA,0.7,2.3
Gm20040,0.283874553,0.340420419,3.015029664,0.112907817,0.910103639,NA,0.2,0.6
Gm20072,1.249669355,-0.377416609,1.246135955,-0.302869528,0.761989294,NA,0.9,5.6
Gm20075,0.245696437,-0.804595636,2.998123293,-0.268366427,0.788417279,NA,0,0.9
Gm20108,0.398056465,0.54892509,3.00426353,0.182715359,0.855021364,NA,0.3,0.7
Gm20111,0.106826208,0.816344452,3.024981091,0.269867621,0.787262098,NA,0.1,2.3
Gm20147,0.166681437,1.180007389,3.023378482,0.3902943,0.696318938,NA,0.2,0.3
Gm20150,0.371548133,-0.247017403,2.99636127,-0.082439126,0.934297524,NA,3.5,4.2
Gm20161,0.03251612,1.126524066,3.026154283,0.372262602,0.70969734,NA,2.2,0.1
Gm20163,0.02809329,1.681949511,3.024981108,0.55601984,0.578197292,NA,0.1,2.1
Gm20167,0.393109101,0.734980754,3.009204674,0.244244189,0.807041705,NA,0.3,0.6
Gm20172,0.161365828,-0.234339448,3.016192141,-0.077693806,0.938071621,NA,0,0.6
Gm20302,0.26155941,2.06474795,3.018664913,0.683993755,0.493979109,NA,4.8,0.1
Gm20337,1.243866876,-2.152464964,2.96407998,-0.726183159,0.467726495,NA,0.2,8.2
Gm20356,0.419961338,-0.159288168,2.985282547,-0.05335782,0.957446812,NA,0.3,0.9
Gm20369,0.162854592,0.52871329,3.022384835,0.174932485,0.861132685,NA,0.1,0.4
Gm20420,0,0,0,0,1,NA,0,2.6
Gm20430,0.078622831,0.549454242,3.026154269,0.181568484,0.855921384,NA,3.1,3.1
Gm2044,0.471129117,-1.73878815,2.978414467,-0.58379657,0.559357186,NA,0,1.7
Gm20442,0,0,0,0,1,NA,0,2.5
Gm20443,0.162580601,-0.225356596,3.016476125,-0.074708563,0.940446595,NA,0,0.5
Gm20456,0.330359138,-1.225220065,2.987687507,-0.410089764,0.681740101,NA,0,1.1
Gm20457,0,0,0,0,1,NA,0,2.5
Gm20478,0.240337953,-0.737038949,3.000096282,-0.245671765,0.805936331,NA,0,0.6
Gm20492,1.581913652,-3.487644027,2.963097686,-1.177026341,0.239184993,NA,8.3,6.3
Gm20511,0,0,0,0,1,NA,0,7.7
Gm20517,0.936985392,0.629572519,2.971724695,0.211854254,0.83222074,NA,0.5,5
Gm20519,0,0,0,0,1,NA,0,1.4
Gm20531,1.697490535,-3.587607029,2.96266187,-1.210940427,0.225918237,NA,0,6
Gm20544,0.415697087,-1.562952585,2.98122951,-0.524264428,0.600094634,NA,0,1.6
Gm20546,1.509396209,-3.416835729,2.963425129,-1.153002212,0.248909477,NA,0,5.1
Gm20555,0.169820316,2.081834693,3.018420789,0.689709898,0.49037664,NA,8.9,2.3
Gm20560,1.210845325,4.46673084,2.983301023,1.49724443,0.134329668,NA,0.7,0
Gm20564,0.66377983,-0.032587981,2.208139218,-0.014758119,0.988225152,NA,0.7,1.3
Gm20568,1.184150211,0.053218607,1.50152533,0.03544303,0.971726473,NA,1.3,2.3
Gm20594,0.634828838,1.268787696,2.173999659,0.583619087,0.559476616,NA,0.8,0.7
Gm20605,0,0,0,0,1,NA,3.5,0
Gm20615,0,0,0,0,1,NA,3.2,0
Gm20616,0,0,0,0,1,NA,0,3.3
Gm20620,1.221318756,-0.740098868,1.372854466,-0.539094919,0.589821361,NA,0.7,7.4
Gm20627,0.421399352,3.236309183,3.008533494,1.075709873,0.282057031,NA,1.5,0
Gm20631,0.057918105,0.837989154,3.026154276,0.276915543,0.781844958,NA,2.4,0.2
Gm20644,0.306372577,0.016580625,3.00088145,0.005525252,0.995591509,NA,0.2,4.4
Gm20655,0.308942898,-0.252871735,3.003978092,-0.084178955,0.932914151,NA,0.1,3.5
Gm20658,0.702755075,-2.316921449,2.971228164,-0.779785773,0.435516982,NA,0,14.5
Gm20667,1.767865828,3.900637644,2.97361683,1.311748577,0.189604981,NA,2.8,4.6
Gm20673,0.360572522,1.208338594,3.015433057,0.400718096,0.688627686,NA,0.3,0.4
Gm20681,1.383790081,4.703429458,2.979311441,1.578696807,0.114405618,NA,1.4,3.3
Gm20702,0.66433992,-0.57839888,2.80470028,-0.206224845,0.836615282,NA,0.4,1.5
Gm20705,0,0,0,0,1,NA,0,3.5
Gm20768,1.229394664,-1.354215079,1.655826059,-0.817848633,0.413443624,NA,0.6,4
Gm20796,0.254224768,0.344767034,3.011849449,0.114470208,0.908865061,NA,0.2,0.6
Gm2093,0,0,0,0,1,NA,4.7,3.4
Gm20939,1.337815594,-3.24429921,2.964293408,-1.094459544,0.273753481,NA,0,4.7
Gm20940,0.295539847,1.476695482,3.018823177,0.489162629,0.624726565,NA,0.3,0.3
Gm20953,0.318549579,-1.174971901,2.988782377,-0.393127285,0.694225473,NA,0,1.1
Gm21055,0,0,0,0,1,NA,0,4.6
Gm21092,0,0,0,0,1,NA,3.7,0
Gm2115,0,0,0,0,1,NA,0,3.2
Gm21188,0.446413847,-1.656935948,2.9796827,-0.556077984,0.578157545,NA,1.8,8
Gm21399,0.402499442,0.690834704,2.447268098,0.282288117,0.777722596,NA,0.5,0.7
Gm2155,0,0,0,0,1,NA,1.7,0
Gm21614,0.628440917,1.802639899,2.999518527,0.600976418,0.547855693,NA,1.1,0.5
Gm21762,0.470599525,3.340420862,3.00635994,1.111118073,0.26651753,NA,1.1,0
Gm2178,0.338874816,1.847468667,3.017664016,0.612218145,0.540393438,NA,0.3,4.9
Gm21811,0,0,0,0,1,NA,0,2.9
Gm21814,0,0,0,0,1,NA,0,1.7
Gm21859,1.364496649,1.607464947,2.949130728,0.545063985,0.585709512,NA,0.6,1.2
Gm21860,0.740058053,3.855671598,2.996261464,1.286827483,0.198154426,NA,1.6,0
Gm2189,0.443265309,2.228696102,3.013016455,0.739689323,0.459488528,NA,0.4,3.3
Gm21959,0.411563974,1.11053054,3.011206933,0.368799144,0.712277443,NA,0.4,0.5
Gm21963,0.385500799,-0.266097989,3.003537299,-0.088594868,0.929403887,NA,3.5,0.7
Gm21981,0.177523496,1.194055222,3.023202696,0.394963667,0.692869702,NA,0.2,0.3
Gm21984,0,0,0,0,1,NA,2.7,0
Gm21986,0,0,0,0,1,NA,0,1.8
Gm2199,0.420786432,1.462007265,2.657254227,0.550194727,0.58218582,NA,3.7,0.4
Gm21992,1.361075472,-3.269528287,2.964159894,-1.103020216,0.270018386,NA,0,11
Gm22000,0,0,0,0,1,NA,0,2.6
Gm22005,0,0,0,0,1,NA,0,4.1
Gm22042,0.058142852,0.837989154,3.026154276,0.276915543,0.781844958,NA,0,1.8
Gm22043,0.029353866,1.126524066,3.026154283,0.372262602,0.70969734,NA,2.5,3.2
Gm22060,0.421837035,-0.647989978,2.992378764,-0.216546777,0.828561567,NA,0.1,3
Gm22063,0.412225025,2.351727383,3.011744002,0.780852351,0.43488934,NA,0.6,0.2
Gm22067,1.796834551,5.103271338,2.973867802,1.716038397,0.086155015,NA,13.2,0
Gm22068,0,0,0,0,1,NA,0,2.3
Gm22071,0.166518501,-0.293313207,3.014368985,-0.097305011,0.922484177,NA,0,0.8
Gm22083,0,0,0,0,1,NA,1.9,0
Gm22105,0.311246042,2.227008117,3.016449692,0.738287837,0.460339556,NA,3.4,2.9
Gm22118,0.19443492,2.059658844,3.023202765,0.681283726,0.495691979,NA,0.2,2.6
Gm22122,1.204661581,-2.653439502,2.964494255,-0.895073248,0.370747933,NA,5.6,3.5
Gm2214,1.958968007,-2.737833628,1.776062574,-1.541518676,0.123190601,NA,3.4,6.8
Gm22146,0.243808874,1.155663995,3.024778096,0.382065712,0.702412624,NA,4.8,0.2
Gm2221,0.335901584,-1.246348103,2.987238272,-0.417224202,0.676514425,NA,3.8,1.1
Gm22215,0,0,0,0,1,NA,3.3,0
Gm22220,0.692769873,3.730500409,2.998993525,1.24391746,0.213529943,NA,0.7,0
Gm22270,0.514596901,1.434198993,3.000644064,0.477963718,0.632676029,NA,0.8,4.9
Gm22301,0,0,0,0,1,NA,4.2,0
Gm22305,0,0,0,0,1,NA,0,3.1
Gm22310,0,0,0,0,1,NA,0,3.8
Gm22335,0,0,0,0,1,NA,0,1.3
Gm22362,0,0,0,0,1,NA,0,2.5
Gm22439,0,0,0,0,1,NA,0,1.5
Gm22442,0.325624406,-1.205262681,2.988117866,-0.403351787,0.68668945,NA,0,1.1
Gm22503,0,0,0,0,1,NA,3.8,0
Gm22513,0.775881292,3.273804422,2.996369543,1.092590341,0.274573705,NA,1.7,0.2
Gm22573,0.120130596,0.211038275,3.023762114,0.06979328,0.944358196,NA,2.6,3.6
Gm22581,1.85072158,-3.713944416,2.962152448,-1.253799216,0.209914994,NA,1.5,7.5
Gm22613,0.707703628,-2.334298067,2.971053335,-0.785680297,0.432054809,NA,0,7
Gm22652,0,0,0,0,1,NA,0,2.7
Gm22708,0,0,0,0,1,NA,2.7,0
Gm22711,0.028110203,1.126524066,3.026154283,0.372262602,0.70969734,NA,0,3.8
Gm22714,0,0,0,0,1,NA,0,2.5
Gm2272,0.628310728,1.307598671,2.991522264,0.437101434,0.662037787,NA,0.5,0.7
Gm22738,0.150163245,-0.141786609,3.01890413,-0.046966251,0.962540126,NA,0,4
Gm22767,0.09721746,1.732734015,3.024778107,0.572846653,0.566748528,NA,0.1,2.7
Gm22779,0,0,0,0,1,NA,0,3.4
Gm22781,0,0,0,0,1,NA,0,1.9
Gm22786,0.24247199,0.405474665,3.013700167,0.134543798,0.89297258,NA,0.2,0.8
Gm22804,0,0,0,0,1,NA,0,3.7
Gm22806,0.49121077,2.872095056,3.012317882,0.953450189,0.340362022,NA,0.5,0
Gm22813,0.199176296,1.715264112,3.019557387,0.568051503,0.569999997,NA,0.3,0.2
Gm22814,1.675797297,4.366757938,2.975863286,1.467391986,0.142269453,NA,4.7,0.2
Gm22816,0,0,0,0,1,NA,0,4.8
Gm22951,0.520133739,3.448589915,3.004252102,1.147902972,0.251008621,NA,1.2,0
Gm23030,0,0,0,0,1,NA,0,2.6
Gm23037,1.119928627,-2.984344493,2.965813503,-1.006248198,0.314296192,NA,4.1,7.4
Gm23054,0.041629625,0.837989154,3.026154276,0.276915543,0.781844958,NA,1.8,0.2
Gm23061,0.227380064,1.440873862,3.019347184,0.477213707,0.633209952,NA,0.4,0.3
Gm23062,1.603358309,-3.502664305,2.963030263,-1.182122352,0.237157156,NA,0,4.5
Gm23077,0.322892521,-1.193655469,2.988370877,-0.39943351,0.689573807,NA,0,4.2
Gm23078,0,0,0,0,1,NA,0,4.2
Gm23119,0,0,0,0,1,NA,2.6,1.7
Gm23138,0.760246216,-0.614828032,2.968911088,-0.207088732,0.835940562,NA,0.3,5.4
Gm23205,0.185064389,1.444198905,3.024778102,0.477456149,0.633037339,NA,0.1,2.4
Gm23209,0,0,0,0,1,NA,3.8,0
Gm23222,0.112440812,0.211038275,3.023762114,0.06979328,0.944358196,NA,0,3.2
Gm23240,0.171861118,1.762710554,3.023307846,0.58304038,0.559866118,NA,1.8,0.1
Gm23251,0.421466361,-1.579483396,2.980950164,-0.529859041,0.596209666,NA,0,4.2
Gm23303,0,0,0,0,1,NA,0,9.4
Gm23318,1.894166307,-3.45720218,2.960914911,-1.16761281,0.242962981,NA,0.1,6.4
Gm2333,0.28614171,1.835290053,3.017831904,0.608148535,0.543088964,NA,0.3,0.2
Gm23365,1.157399835,4.446135424,2.983679243,1.490151944,0.136184289,NA,1.2,0
Gm23368,0.290016127,2.059658844,3.023202765,0.681283726,0.495691979,NA,3.8,0
Gm23369,0,0,0,0,1,NA,0,7.6
Gm23370,0.155023536,-0.188998607,3.017573254,-0.062632649,0.95005903,NA,0,3.8
Gm23388,0.599025651,3.045810098,3.006482765,1.013080844,0.311021547,NA,0.8,0.1
Gm23405,0,0,0,0,1,NA,4.6,0
Gm23442,0,0,0,0,1,NA,0,4.4
Gm23444,0.030032649,1.126524066,3.026154283,0.372262602,0.70969734,NA,2,0.1
Gm23458,0.02809329,1.681949511,3.024981108,0.55601984,0.578197292,NA,2.4,3.3
Gm23463,1.784741428,2.717813809,2.828427964,0.960892002,0.336606473,NA,1.5,0.8
Gm23473,0.137155639,-0.07713362,3.02073704,-0.025534702,0.979628469,NA,0,4.4
Gm23475,0,0,0,0,1,NA,0,3.8
Gm23482,0.0894619,2.059658844,3.023202765,0.681283726,0.495691979,NA,0.2,2.1
Gm23493,0.293649941,0.875314289,3.016328789,0.290191935,0.771669406,NA,2.3,0.5
Gm23511,0.028848966,1.126524066,3.026154283,0.372262602,0.70969734,NA,0,3.4
Gm23547,0.145703688,-0.138707553,3.018992352,-0.045944983,0.963354101,NA,2.3,0.7
Gm23551,0,0,0,0,1,NA,0,1.5
Gm23593,0,0,0,0,1,NA,0,2.9
Gm23608,0,0,0,0,1,NA,2.1,2.5
Gm23639,1.001478756,4.255827504,2.987433677,1.424576397,0.154279687,NA,1.7,0
Gm23645,0.03251612,1.126524066,3.026154283,0.372262602,0.70969734,NA,0,2.3
Gm23656,0.946206434,4.193824037,2.988764268,1.40319666,0.160558203,NA,6.6,1.7
Gm2366,0,0,0,0,1,NA,0,8.6
Gm2367,0.490465542,0.374544552,1.90314253,0.196803206,0.843981542,NA,0.4,0.8
Gm23680,0.431709049,2.412859396,3.01114856,0.801308653,0.422952983,NA,0.7,0.2
Gm23686,0,0,0,0,1,NA,0,1.5
Gm23692,0,0,0,0,1,NA,0,4.5
Gm23753,1.752314689,-3.63301878,2.962473616,-1.226346375,0.220068357,NA,0,6.2
Gm23756,0.663526213,-2.233339405,2.972098955,-0.751435076,0.45239086,NA,0,5.7
Gm23766,0.646590869,-2.206111865,2.972393615,-0.742200445,0.457965899,NA,4.3,8.7
Gm23772,0.040056325,1.126524066,3.026154283,0.372262602,0.70969734,NA,0,2.6
Gm23803,0.133383799,0.005065519,3.022187876,0.00167611,0.998662659,NA,0,4.4
Gm23805,0.657505099,3.638281523,3.000880937,1.21240449,0.225357583,NA,0.5,0
Gm2383,0.568887434,-0.243124668,1.844027374,-0.131844392,0.895107373,NA,0.4,1.2
Gm23849,1.478100513,4.516548122,2.977784558,1.516747781,0.129330376,NA,8.2,7.9
Gm2387,0.668128022,2.312097707,2.675319889,0.864232242,0.387460324,NA,1.1,0.4
Gm23893,0,0,0,0,1,NA,0,3
Gm23910,0,0,0,0,1,NA,0,3.6
Gm23927,1.742239988,-1.434090091,2.373055465,-0.604322197,0.545629452,NA,2.9,9.9
Gm23941,0.853407316,-2.602962856,2.968600434,-0.876831663,0.380578078,NA,0,8.4
Gm23964,0,0,0,0,1,NA,1.5,0
Gm23977,0,0,0,0,1,NA,0,3.9
Gm24018,0.173635868,-0.317618645,3.013638019,-0.105393761,0.916063367,NA,0,0.6
Gm2404,0.333112443,0.96242648,3.012900573,0.319435194,0.749396526,NA,0.4,0.5
Gm24053,0,0,0,0,1,NA,4.4,0
Gm24060,0,0,0,0,1,NA,2.7,0
Gm24081,0.318739368,-1.161805669,2.989075532,-0.388683945,0.697509961,NA,3.7,0.9
Gm24095,0,0,0,0,1,NA,0,3.9
Gm24106,0.257168065,2.802553983,3.013051083,0.930138224,0.352299522,NA,0.6,0
Gm24143,0,0,0,0,1,NA,0,3.3
Gm24146,0.959108772,1.836526034,2.547251624,0.72098336,0.470919753,NA,0.7,0.7
Gm2415,0,0,0,0,1,NA,2.2,0
Gm24161,0,0,0,0,1,NA,0,2.7
Gm24187,0.475812959,1.61062647,2.914283611,0.552666344,0.580491903,NA,4,3.1
Gm24202,0.200281627,-0.300003239,3.014166614,-0.099531073,0.920716617,NA,0,0.5
Gm24233,0,0,0,0,1,NA,0,1.7
Gm2424,0,0,0,0,1,NA,0,2.3
Gm24265,0.618413622,3.253069179,3.00255476,1.083433755,0.27861594,NA,0.6,15.6
Gm24270,1.113101829,0.401299504,2.808803156,0.142872064,0.886391222,NA,5.5,6.4
Gm24273,0.541185127,-1.949807917,2.975455503,-0.655297287,0.512276368,NA,6.3,6.6
Gm24276,1.377106406,0.935996739,1.36757775,0.684419397,0.493710371,NA,1.4,5.9
Gm24289,1.567088298,1.724463118,2.887993606,0.59711459,0.550430878,NA,1.9,1.3
Gm24336,0.57044191,3.542763512,3.002534274,1.17992442,0.238030276,NA,1.2,0
Gm24339,0.8078794,1.483685278,2.97779378,0.498249841,0.618307957,NA,1.3,0.7
Gm24347,0,0,0,0,1,NA,5,0
Gm24358,0.757646606,-2.424373027,2.970179869,-0.816237782,0.414364152,NA,0,2.6
Gm24362,1.41303294,-0.986859656,2.949036157,-0.334638032,0.737898152,NA,1.5,6.9
Gm24366,0.252974914,-0.408537426,3.000793808,-0.136143118,0.891708142,NA,0.1,4.2
Gm24371,0.168559741,2.497824176,3.016680679,0.828004168,0.407668139,NA,4.2,0
Gm24378,0.819073081,-2.543797879,2.969102303,-0.856756561,0.391579437,NA,0,7.3
Gm24379,1.027049073,-2.858879465,2.966650705,-0.963672421,0.335210186,NA,5.2,6.8
Gm24399,0.096449986,1.732734015,3.024778107,0.572846653,0.566748528,NA,3.7,0
Gm24405,0.06503224,0.837989154,3.026154276,0.276915543,0.781844958,NA,2.3,0.2
Gm24412,0.019593663,1.126524066,3.026154283,0.372262602,0.70969734,NA,0,2.3
Gm24436,0,0,0,0,1,NA,1.8,3.5
Gm2445,0.707912798,0.340646336,1.632038964,0.208724389,0.834663399,NA,0.7,1.2
Gm2449,0.097968313,0.194508577,3.023628819,0.064329515,0.948707852,NA,0,3.1
Gm24492,0.176123193,-0.334257489,3.01311113,-0.110934338,0.911668416,NA,0,0.6
Gm24498,0.464630283,2.979424421,3.011249229,0.98943136,0.322452137,NA,0.4,3.3
Gm24535,0.173283366,0.159682975,3.0187295,0.052897411,0.957813647,NA,0.1,0.5
Gm24559,0.561258646,1.89071953,2.799400292,0.675401634,0.499420628,NA,0.5,0.4
Gm24573,0.322892521,-1.193655469,2.988370877,-0.39943351,0.689573807,NA,0,1.1
Gm24588,0.373944512,-0.072810817,2.01048518,-0.036215545,0.971110491,NA,0.3,0.9
Gm24620,0,0,0,0,1,NA,2,0
Gm24621,0.294932831,1.73502718,3.019264236,0.574652314,0.565526464,NA,0.3,0.2
Gm24722,0.360506929,-1.331926893,2.98548358,-0.446134389,0.655500173,NA,0,0.9
Gm24724,0,0,0,0,1,NA,3.5,0
Gm24730,0,0,0,0,1,NA,3.2,0
Gm24737,0.667226152,-1.837150727,2.971563045,-0.618243901,0.536414576,NA,0.1,8.3
Gm24762,0,0,0,0,1,NA,1.4,0
Gm24771,0,0,0,0,1,NA,3,1.3
Gm24775,0.128966106,1.444198905,3.024778102,0.477456149,0.633037339,NA,0.1,4
Gm24776,0.310286767,2.600128964,3.012147994,0.863214214,0.3880197,NA,1,1.8
Gm2479,0,0,0,0,1,NA,2,0
Gm24813,0.028110203,1.126524066,3.026154283,0.372262602,0.70969734,NA,0,3.2
Gm24876,0.940100801,3.799429382,2.991167743,1.270216086,0.204007669,NA,3.2,2.7
Gm24888,0,0,0,0,1,NA,0,3.9
Gm24893,0.145008063,1.732734015,3.024778107,0.572846653,0.566748528,NA,4.1,0
Gm24918,0,0,0,0,1,NA,0,2.1
Gm24927,0.325161201,-1.197030027,2.988297112,-0.400572628,0.688734802,NA,0,4.4
Gm24949,0.365781252,-1.375505691,2.984628779,-0.460863241,0.644896726,NA,0,4.1
Gm24967,0,0,0,0,1,NA,1.9,0
Gm24976,0.140466451,2.370369898,3.018420805,0.785301338,0.432276911,NA,0.5,4.8
Gm25008,0,0,0,0,1,NA,3.2,0
Gm25071,0,0,0,0,1,NA,0,1.4
Gm25099,0.528225558,1.637881033,3.004065756,0.545221432,0.585601233,NA,0.9,0.5
Gm25134,0,0,0,0,1,NA,2.4,3.1
Gm25190,0.81546109,3.663281508,2.994165175,1.22347342,0.221150937,NA,7.6,0.1
Gm2522,0.454986108,0.932907368,2.964245684,0.314719989,0.752974266,NA,0.4,0.5
Gm25282,0,0,0,0,1,NA,1.7,0
Gm25313,0.340085734,2.639389153,3.011752694,0.876363175,0.380832631,NA,0.7,0.1
Gm2534,0.473036243,0.984867175,2.579228116,0.381845704,0.702575816,NA,0.5,2.6
Gm25345,0.195096721,-0.459764941,3.009005136,-0.15279633,0.878558892,NA,0,0.6
Gm25348,0.13150102,1.732734015,3.024778107,0.572846653,0.566748528,NA,1.8,3.8
Gm25364,0.271945028,2.059658844,3.023202765,0.681283726,0.495691979,NA,0.2,3.5
Gm25379,0,0,0,0,1,NA,4.7,0
Gm25405,0.223206924,-0.652984074,3.00268115,-0.217467004,0.827844419,NA,0,0.7
Gm25435,0.200281627,-0.300003239,3.014166614,-0.099531073,0.920716617,NA,0,0.5
Gm2546,1.066119567,-1.393368124,2.030738719,-0.686138552,0.492625742,NA,2.4,2.5
Gm25544,0.405426736,-1.522746374,2.981922303,-0.510659306,0.60958964,NA,0,4.4
Gm25545,0.019593663,1.126524066,3.026154283,0.372262602,0.70969734,NA,2.9,0.1
Gm25562,0,0,0,0,1,NA,0,3.5
Gm25574,0.03251612,1.126524066,3.026154283,0.372262602,0.70969734,NA,0,2.5
Gm25629,0.843512192,-0.883623032,2.962193982,-0.298300192,0.765474058,NA,0.6,6.4
Gm25635,0,0,0,0,1,NA,0,3.3
Gm25640,0,0,0,0,1,NA,0,2.6
Gm25668,0,0,0,0,1,NA,0,2.1
Gm2573,0.133285977,0.867129086,3.02477809,0.286675273,0.774360972,NA,0.1,2.2
Gm25777,0.117415462,0.211038275,3.023762114,0.06979328,0.944358196,NA,2.3,9.1
Gm25813,0.172977904,1.732734015,3.024778107,0.572846653,0.566748528,NA,0.1,2.1
Gm25827,0,0,0,0,1,NA,3.5,0
Gm25873,0.59600163,-2.071141918,2.973938658,-0.696430611,0.486159198,NA,4.8,5
Gm25896,0,0,0,0,1,NA,2.9,2.8
Gm25929,0,0,0,0,1,NA,0,3
Gm25939,0.471474785,3.342361949,3.006320794,1.111778209,0.266233523,NA,3.4,0
Gm25945,0,0,0,0,1,NA,3.6,0
Gm25966,0,0,0,0,1,NA,0,3.2
Gm25986,0,0,0,0,1,NA,0,3.1
Gm25999,0.780848872,-2.467078524,2.969784314,-0.830726498,0.406128153,NA,0,6.5
Gm26008,0.42781775,3.237277989,3.008512586,1.076039371,0.281909649,NA,1,0
Gm2606,0.32164208,0.063178478,3.006210542,0.021015986,0.983232904,NA,0.2,0.7
Gm2607,0.409767204,0.867032245,3.006845648,0.288352761,0.773076724,NA,0.4,0.5
Gm26070,0,0,0,0,1,NA,0,3.2
Gm26107,0.357847599,3.074336982,3.010364478,1.02125075,0.307135653,NA,0.8,0
Gm26110,0,0,0,0,1,NA,0,4.2
Gm26132,0,0,0,0,1,NA,0,3.1
Gm26158,0.028848966,1.126524066,3.026154283,0.372262602,0.70969734,NA,0,1.7
Gm2617,0,0,0,0,1,NA,0,2.2
Gm26180,0.556163075,3.523006605,3.002885945,1.173206931,0.240712833,NA,1.3,0
Gm26187,1.160064506,4.420021903,2.984166406,1.481157986,0.138564479,NA,0.8,0
Gm26202,0.801413271,-2.503803762,2.969453338,-0.843186768,0.399123998,NA,6.3,10.1
Gm26225,0.534005181,-1.306657381,2.978810622,-0.438650705,0.66091465,NA,0.1,4.9
Gm2623,1.346569524,-0.236476666,1.275719918,-0.185367229,0.85294101,NA,1.5,3.1
Gm26259,0.21553029,-0.640714402,3.003070977,-0.213353066,0.831051585,NA,0,1.1
Gm26265,0,0,0,0,1,NA,0,4.1
Gm26269,0.465995741,-1.731912252,2.978518284,-0.581467726,0.560925264,NA,0,2.1
Gm26280,0,0,0,0,1,NA,0,3
Gm26361,0,0,0,0,1,NA,0,2.8
Gm26363,0,0,0,0,1,NA,0,3.3
Gm26394,0.224881624,-0.675426784,3.001976468,-0.22499403,0.821983919,NA,0,5.7
Gm26419,0,0,0,0,1,NA,4.2,0
Gm26448,0.784215717,1.63212425,2.982712609,0.547194606,0.584245042,NA,1.3,0.7
Gm26456,0.13150102,1.732734015,3.024778107,0.572846653,0.566748528,NA,0.1,4.3
Gm26458,0,0,0,0,1,NA,0,1.6
Gm26509,0.442622927,0.05431429,2.988591814,0.018173874,0.985500145,NA,0.4,0.9
Gm26511,0.607403544,-2.116578696,2.973402429,-0.71183728,0.476565545,NA,3.3,9.8
Gm26512,0.72496552,-2.370051398,2.970700132,-0.797809033,0.424981319,NA,0,7.4
Gm26513,0.637099157,-2.174603178,2.972741572,-0.73151437,0.464465031,NA,0,5.3
Gm26516,0.792414703,3.584028062,2.995883388,1.196317612,0.231572638,NA,0.8,0.1
Gm26526,0.028959053,1.126524066,3.026154283,0.372262602,0.70969734,NA,2.2,0.1
Gm26530,0.060626323,0.837989154,3.026154276,0.276915543,0.781844958,NA,2.8,0.2
Gm26533,1.46374032,-3.013905979,2.962436118,-1.017374167,0.308975466,NA,0.1,5.8
Gm26534,0.195096721,-0.459764941,3.009005136,-0.15279633,0.878558892,NA,0,0.6
Gm26542,1.38496992,-3.293642528,2.964034436,-1.111202518,0.266481188,NA,0,4.5
Gm26545,0.020814813,1.126524066,3.026154283,0.372262602,0.70969734,NA,0,2.4
Gm26554,0,0,0,0,1,NA,0,4.2
Gm26555,0.231043355,-0.711178903,3.000875856,-0.236990444,0.812664203,NA,0,0.8
Gm26558,0.088964428,1.104879574,3.024981096,0.365251729,0.714923508,NA,0.1,4.6
Gm26561,0.168661218,-0.284899309,3.014624775,-0.094505728,0.924707432,NA,0,0.6
Gm26571,0,0,0,0,1,NA,0,2.6
Gm26577,0.028959053,1.126524066,3.026154283,0.372262602,0.70969734,NA,1.9,0.1
Gm26584,0.224746321,2.712104267,3.014055364,0.899818994,0.368216584,NA,0.8,0
Gm26586,0.407631721,2.499529908,3.010344021,0.830313709,0.406361439,NA,1,0.2
Gm26594,1.720018599,-1.978890986,2.950200553,-0.670764902,0.50237031,NA,3.9,5.1
Gm26600,0.687537748,3.349746307,3.000880913,1.116254328,0.264313285,NA,0.5,0.1
Gm26601,0.114894311,1.306930515,3.024208925,0.43215616,0.66562792,NA,0.2,2.9
Gm26613,0,0,0,0,1,NA,0,1.5
Gm26616,0,0,0,0,1,NA,3.5,3.1
Gm26623,0.607847235,-0.154595868,2.9709213,-0.052036339,0.958499738,NA,0.8,1.7
Gm26624,0.02809329,1.681949511,3.024981108,0.55601984,0.578197292,NA,0.1,4.7
Gm26626,0,0,0,0,1,NA,0,1.3
Gm26632,0.145008063,1.732734015,3.024778107,0.572846653,0.566748528,NA,0.1,3.9
Gm26643,0,0,0,0,1,NA,2.6,0
Gm26646,1.687235386,2.671201915,2.951974066,0.904886647,0.365525442,NA,10.9,5.7
Gm26652,0.431060579,-1.626239675,2.980176984,-0.545685603,0.58528207,NA,0,6.1
Gm26672,1.6296552,-2.147650369,2.952650866,-0.727363466,0.467003328,NA,0.7,4.8
Gm26680,0.058780988,0.549454242,3.026154269,0.181568484,0.855921384,NA,0,2.6
Gm26681,0,0,0,0,1,NA,3.2,1.9
Gm26684,0.703243194,3.753324865,2.998543817,1.251715864,0.210673417,NA,0.8,0
Gm26696,0.357847599,3.074336982,3.010364478,1.02125075,0.307135653,NA,0.8,0
Gm26710,1.857502184,-3.367161902,2.737613544,-1.229962465,0.218711161,NA,0.1,7.4
Gm26719,0,0,0,0,1,NA,4.6,0
Gm26722,0.128584032,2.29347378,3.019540424,0.75954399,0.44752721,NA,0.3,4.3
Gm26724,1.328701668,4.673842994,2.979775937,1.568521625,0.116759447,NA,7.9,4.2
Gm26734,0.899526496,-2.67279684,2.968033814,-0.900527759,0.367839459,NA,4.7,6.8
Gm26737,0.752803512,1.785001912,2.990220658,0.596946552,0.550543066,NA,5.7,2.9
Gm26742,0,0,0,0,1,NA,0,3.4
Gm26749,1.100492656,4.080383564,2.985144886,1.366896322,0.171657805,NA,7.1,0.1
Gm26766,0,0,0,0,1,NA,2.8,0
Gm26768,1.013994534,-2.841579282,2.966771937,-0.957801726,0.338162749,NA,0,3.3
Gm26770,0.469497051,-1.099422089,2.982440681,-0.36863167,0.712402286,NA,0.1,6
Gm26775,0,0,0,0,1,NA,4.3,0
Gm26777,0,0,0,0,1,NA,3.7,0
Gm26779,0,0,0,0,1,NA,0,3.1
Gm26788,0,0,0,0,1,NA,0,1.8
Gm26790,0.214306721,2.65965382,3.014665085,0.882238572,0.377647807,NA,0.5,0
Gm26792,0.650379561,-2.205086799,2.972404817,-0.741852788,0.458176534,NA,2.7,5.5
Gm26797,0.09754836,0.549454242,3.026154269,0.181568484,0.855921384,NA,0,4.5
Gm26800,0,0,0,0,1,NA,0,2.3
Gm26804,0.202713368,-0.523232806,3.006972735,-0.174006502,0.861860353,NA,0,0.7
Gm26805,0.137155639,-0.07713362,3.02073704,-0.025534702,0.979628469,NA,0,0.7
Gm26808,0,0,0,0,1,NA,0,4.7
Gm26809,1.159466521,-0.522947478,1.790384045,-0.292086762,0.770220288,NA,0.8,15.5
Gm26810,0.989672114,-2.343780142,2.966720894,-0.790023809,0.429513864,NA,0.1,3.8
Gm26813,0.21587557,0.00354436,3.012360385,0.001176606,0.999061205,NA,0.1,0.6
Gm26819,0.3422542,3.03820487,3.010694846,1.009137433,0.312908728,NA,3.9,0
Gm26824,0.422366851,2.46113432,3.010694826,0.817463895,0.413663374,NA,4.4,3.3
Gm26826,0,0,0,0,1,NA,2.8,3.1
Gm26830,1.088616282,-2.950199383,2.966034214,-0.994661279,0.319901033,NA,1.9,4.6
Gm26839,0.120168976,0.549454242,3.026154269,0.181568484,0.855921384,NA,0,3.5
Gm26847,1.640313838,-3.540613056,2.962863005,-1.194997221,0.232088116,NA,1.7,6.9
Gm26848,0.136506312,1.444198905,3.024778102,0.477456149,0.633037339,NA,0.1,1.8
Gm26853,0.680957532,-2.259074899,2.971825473,-0.760164054,0.447156529,NA,0,8.6
Gm26865,0,0,0,0,1,NA,2.7,1.9
Gm26871,0,0,0,0,1,NA,0,1.8
Gm26881,0,0,0,0,1,NA,0,1.5
Gm26887,0,0,0,0,1,NA,2.9,0
Gm26901,0.891318426,-2.658210528,2.968149921,-0.895578255,0.370478054,NA,0,7.5
Gm26904,0,0,0,0,1,NA,4.1,0
Gm26909,1.837009261,-3.701681968,2.372184268,-1.560452962,0.118652877,NA,0,6.8
Gm26910,0.946522985,-1.749431468,2.963320791,-0.590361824,0.554948099,NA,0.4,8.5
Gm26923,0.215326681,1.19405484,3.023202701,0.39496354,0.692869796,NA,0.2,0.3
Gm26927,0.888544277,-0.617032611,1.432920949,-0.430611759,0.666750689,NA,0.5,1.8
Gm2693,0.040056325,1.126524066,3.026154283,0.372262602,0.70969734,NA,0,4.4
Gm26937,0.387064198,0.380676647,2.993507075,0.127167445,0.898807871,NA,0.4,0.7
Gm26947,0.247908397,-0.795612825,2.998380435,-0.265347524,0.790741757,NA,0,0.7
Gm26952,0.891890342,-2.664939371,2.968096215,-0.897861517,0.369259383,NA,2.5,10
Gm26953,0,0,0,0,1,NA,0,2.5
Gm26956,0.182243098,0.277330252,3.020217994,0.091824581,0.926837414,NA,0.1,0.5
Gm26959,0.206191881,0.886580214,3.0212475,0.29344839,0.769179443,NA,0.2,0.4
Gm26964,0.03251612,1.126524066,3.026154283,0.372262602,0.70969734,NA,1.7,2.9
Gm26971,0,0,0,0,1,NA,0,1.9
Gm26976,0.697826533,1.633762029,1.790197213,0.91261567,0.36144471,NA,0.8,0.6
Gm26977,0.523416094,0.983516108,2.558774929,0.384369917,0.700704294,NA,0.6,0.7
Gm26981,0.140466451,2.370369898,3.018420805,0.785301338,0.432276911,NA,0.5,4.8
Gm26983,0.836521801,0.287175792,2.087608989,0.137562059,0.890586543,NA,0.8,1.6
Gm27001,0.03251612,1.126524066,3.026154283,0.372262602,0.70969734,NA,0,3
Gm27005,0.426469317,-1.594073013,2.315218567,-0.688519449,0.491125727,NA,0,1.5
Gm27006,0.2422228,1.156620854,3.017396827,0.383317449,0.701484403,NA,0.4,0.4
Gm27008,1.223020982,4.193410543,2.983024943,1.405757787,0.159796061,NA,3.2,0.1
Gm27017,1.033884026,-2.418971296,2.966135725,-0.815529538,0.414769264,NA,3.1,11
Gm27018,0.223183294,0.833286909,3.022230116,0.275719213,0.782763738,NA,0.2,0.4
Gm27025,0.143990489,0.033489479,3.022398247,0.011080432,0.991159275,NA,0,0.5
Gm27029,0.367623471,-0.875980538,2.986977265,-0.293266557,0.769318414,NA,0.1,1.1
Gm27042,0.173093795,-0.314127081,3.013742304,-0.104231566,0.916985584,NA,0,0.6
Gm27048,0.339892877,1.633218249,3.016667533,0.541398159,0.588233176,NA,0.4,0.3
Gm27166,0.174862618,0.148585799,3.01840569,0.049226583,0.960738727,NA,0.1,2.8
Gm27184,0.536465228,-1.931728922,2.975692545,-0.649169527,0.516228806,NA,0,5.3
Gm27186,0.890118933,-2.656392968,2.968164471,-0.894961514,0.370807662,NA,0,3
Gm27194,0.177077426,-0.300003239,3.014166614,-0.099531073,0.920716617,NA,3.6,5.9
Gm27200,0,0,0,0,1,NA,0,3.5
Gm27219,0.769727366,-1.233720254,2.408009414,-0.512340295,0.608412869,NA,0.3,1.7
Gm27240,0.086253055,0.549454242,3.026154269,0.181568484,0.855921384,NA,3.4,0.3
Gm27241,0.424985823,-1.580067858,2.980940346,-0.530056853,0.596072513,NA,0,1.2
Gm27253,0,0,0,0,1,NA,0,2.9
Gm27271,0,0,0,0,1,NA,1.9,0
Gm2736,0.300326489,-1.087567655,2.990778792,-0.363640286,0.71612664,NA,0,1
Gm27365,0.042861344,1.732734015,3.024778107,0.572846653,0.566748528,NA,2.2,5.9
Gm2756,0.174564796,0.679978376,3.021815208,0.22502315,0.821961265,NA,0.2,0.4
Gm27564,0.019593663,1.126524066,3.026154283,0.372262602,0.70969734,NA,0,1.5
Gm27813,0.08325925,0.316813566,3.024647333,0.104743969,0.916578972,NA,3,4.9
Gm27857,0,0,0,0,1,NA,1.7,2.2
Gm2788,1.793816237,-3.665404653,2.962342926,-1.237332998,0.215963482,NA,0,5.3
Gm27881,0,0,0,0,1,NA,3.5,3.9
Gm27928,0.734946592,-2.383676918,2.970567799,-0.802431413,0.422303448,NA,0,2.9
Gm2796,1.593300578,0.803844166,1.134073826,0.708811144,0.478441681,NA,2.1,2.1
Gm2800,1.452850504,1.025965184,2.940232456,0.34894016,0.727134234,NA,1,5.3
Gm2805,0.559798097,1.266575376,2.492313807,0.508192577,0.611318296,NA,0.5,0.6
Gm28050,0.057052343,1.393414388,3.024981103,0.460635733,0.64505997,NA,1.7,0.1
Gm28053,1.519873174,1.276556608,2.937550918,0.43456493,0.663878256,NA,8.4,5.7
Gm28085,1.157256291,4.477896502,2.983098157,1.501089226,0.133332485,NA,7.5,4.1
Gm28155,0.086877158,0.549454242,3.026154269,0.181568484,0.855921384,NA,0,3.9
Gm28177,0.347508631,-1.300446479,2.986117129,-0.435497478,0.663201369,NA,0,1.2
Gm28180,0.720783574,-2.351550215,2.970881817,-0.791532737,0.428633181,NA,3.1,10.2
Gm28198,0,0,0,0,1,NA,4.5,1.9
Gm28209,0,0,0,0,1,NA,4,0
Gm2824,0,0,0,0,1,NA,0,1.3
Gm28262,0.202922191,-0.521386891,3.007036575,-0.173388942,0.862345716,NA,0,0.7
Gm28266,0.844036214,1.279229801,1.482313582,0.862995399,0.388139997,NA,1,0.9
Gm28268,0.409648863,2.507096967,3.013125871,0.832058492,0.40537593,NA,0.4,0.1
Gm28323,0.177564114,-0.377583554,3.011654515,-0.125374126,0.900227371,NA,0,0.9
Gm28341,0.272434462,0.243318221,3.008289885,0.080882571,0.935535341,NA,0.2,0.6
Gm28374,0,0,0,0,1,NA,0,2.5
Gm28404,0.202713368,-0.523232806,3.006972735,-0.174006502,0.861860353,NA,3.8,7.9
Gm28424,0,0,0,0,1,NA,0,2.7
Gm28437,0.905560059,3.095410753,2.515278068,1.230643559,0.218456206,NA,1,0.3
Gm28447,0.042781775,1.732734015,3.024778107,0.572846653,0.566748528,NA,2.3,0
Gm28496,0,0,0,0,1,NA,3,0
Gm28497,0,0,0,0,1,NA,0,2.7
Gm28512,0.02809329,1.681949511,3.024981108,0.55601984,0.578197292,NA,3.2,0
Gm28513,0.145008063,1.732734015,3.024778107,0.572846653,0.566748528,NA,0.1,1.6
Gm28551,0,0,0,0,1,NA,1.5,2.8
Gm28557,0.020814813,1.126524066,3.026154283,0.372262602,0.70969734,NA,3.2,3.5
Gm28578,0,0,0,0,1,NA,4.2,1.7
Gm28580,1.385385592,-2.364293114,2.95901728,-0.799012946,0.424282906,NA,4,10.8
Gm28686,1.428739099,-0.102610233,1.065684871,-0.096285718,0.923293654,NA,1.1,2.6
Gm28707,0.510864217,-0.923962028,2.98594378,-0.309437182,0.75698899,NA,2.4,0.9
Gm28710,0,0,0,0,1,NA,0,1.8
Gm28731,0.787085684,-2.480289684,2.969664286,-0.835208779,0.403600167,NA,0,8
Gm28777,0,0,0,0,1,NA,0,4.5
Gm28800,1.587480017,-3.490371886,2.963085389,-1.17795184,0.238815807,NA,4.2,5.7
Gm28818,0,0,0,0,1,NA,0,2.2
Gm2885,0,0,0,0,1,NA,0,1.4
Gm28874,1.030749953,0.64875261,2.81547513,0.230423847,0.817762433,NA,1.5,4.7
Gm28882,0.212784436,1.352531701,3.020690931,0.447755739,0.65432949,NA,0.3,0.3
Gm28892,0.333859297,-1.233373516,2.98751337,-0.412842844,0.679721759,NA,0,1
Gm28900,0.03251612,1.126524066,3.026154283,0.372262602,0.70969734,NA,3.5,0.1
Gm28905,0,0,0,0,1,NA,0,3.5
Gm28922,0.143429831,0.597014034,3.022950219,0.197493836,0.843441105,NA,0.1,0.4
Gm28940,0.839812525,-2.573051103,2.968851603,-0.866682289,0.386116112,NA,0,6.6
Gm28942,1.869976566,-2.981374361,2.779873333,-1.072485687,0.283501939,NA,3.2,7.4
Gm28988,1.35062606,-1.720516435,2.953645347,-0.582506101,0.560225833,NA,4.6,9.7
Gm28989,0.088061597,0.549454242,3.026154269,0.181568484,0.855921384,NA,0,2.4
Gm28995,0,0,0,0,1,NA,2.4,0
Gm29017,1.390874117,-3.295182365,2.964026495,-1.111725003,0.266256406,NA,0,9.7
Gm29036,0.112373161,2.223747084,3.020603431,0.736192994,0.461613255,NA,0.4,7.7
Gm29113,0.039187325,0.837989154,3.026154276,0.276915543,0.781844958,NA,0,2.6
Gm29123,0.309212233,-1.13395995,2.989704294,-0.37928833,0.704473764,NA,0,1.1
Gm29124,0.422086458,-1.57049714,2.981101626,-0.526817713,0.598320181,NA,0,1.2
Gm29135,0.162580601,-0.225356596,3.016476125,-0.074708563,0.940446595,NA,0,0.5
Gm29154,0.097968313,0.194508577,3.023628819,0.064329515,0.948707852,NA,0,0.5
Gm29164,0.249429045,0.007482807,3.006995572,0.002488466,0.998014493,NA,2.3,4.2
Gm29199,0.883556692,1.550814704,1.932011032,0.802694538,0.422151311,NA,1.5,3.4
Gm29214,0.256374881,1.091039048,3.02395361,0.360798871,0.718249807,NA,0.2,0.3
Gm29234,0,0,0,0,1,NA,0,3.8
Gm29240,0.069739828,0.549454242,3.026154269,0.181568484,0.855921384,NA,0,3.4
Gm29325,0.273210271,1.924439705,3.016632387,0.637943063,0.523510744,NA,0.5,0.2
Gm29336,0.26418479,-0.904111198,2.99537739,-0.301835489,0.762777476,NA,0,0.9
Gm29394,1.610314195,4.94632628,2.975830358,1.662166752,0.096479344,NA,11.1,3.3
Gm29441,0.192178018,0.618172125,3.023130137,0.204480819,0.83797778,NA,0.1,0.4
Gm29455,1.578012237,4.878901282,2.976739903,1.639008257,0.10121154,NA,1.2,0
Gm29461,0,0,0,0,1,NA,0,4.4
Gm29462,0.260327691,1.19405484,3.023202701,0.39496354,0.692869796,NA,0.2,0.3
Gm29486,0.117873316,0.211038598,3.023762117,0.069793387,0.944358111,NA,1.7,0.4
Gm29487,0.175040712,1.444198905,3.024778102,0.477456149,0.633037339,NA,0.1,4.9
Gm29539,0,0,0,0,1,NA,6.2,0
Gm29552,0.300326489,-1.087567655,2.990778792,-0.363640286,0.71612664,NA,0,1
Gm29585,0.470247905,-1.750506772,2.978238658,-0.587765781,0.556689515,NA,3.2,6
Gm29601,0,0,0,0,1,NA,0,1.9
Gm29668,1.027708659,2.89559875,1.818770735,1.592063636,0.111370407,NA,1.1,0.4
Gm29680,0,0,0,0,1,NA,0,2.2
Gm29689,0.422078472,0.905866865,3.011502666,0.300802279,0.76356527,NA,0.3,0.5
Gm29704,0.543728122,-0.763168207,2.485694511,-0.307024135,0.758825002,NA,0.2,1.5
Gm29717,0.056230298,0.837989154,3.026154276,0.276915543,0.781844958,NA,2.3,0.2
Gm29725,0.201271012,0.148570144,3.016749192,0.049248424,0.960721321,NA,0.1,0.5
Gm29736,0.996265852,-0.860271874,1.379589689,-0.623570821,0.532909479,NA,0.7,2.4
Gm29753,0.235101565,0.945098194,3.021553856,0.312785487,0.754443642,NA,0.2,0.4
Gm29761,0,0,0,0,1,NA,0,1.6
Gm29773,1.878699895,5.166064476,2.97313942,1.737578951,0.082285031,NA,13.1,4.6
Gm29776,1.633474223,0.946765499,2.933078731,0.322788983,0.746855057,NA,10,2.4
Gm29783,0.435576912,0.855638536,3.02080816,0.283248221,0.776986567,NA,0.2,4.1
Gm2979,0.115726124,0.211038275,3.023762114,0.06979328,0.944358196,NA,0,2.3
Gm29793,1.281410087,0.353699161,2.446338765,0.144583067,0.885040067,NA,2,2.2
Gm29811,0.285301627,-1.03647211,2.992002266,-0.346414213,0.729031445,NA,6.4,1.4
Gm29844,0.292488627,-1.065251096,2.991307905,-0.356115495,0.721754073,NA,0,1.3
Gm29950,0,0,0,0,1,NA,0,4.7
Gm29994,0.765021845,-2.446175721,2.96997647,-0.823634714,0.410147145,NA,4.1,10.8
Gm30015,0.176342964,-0.36911727,3.011935838,-0.122551505,0.902462258,NA,0,5.7
Gm30023,0.445363323,1.517874916,3.01012853,0.504255848,0.614081599,NA,0.4,0.5
Gm30108,0.581502348,3.570418629,3.002049595,1.189326997,0.234311016,NA,1.3,2.1
Gm30122,1.566344287,4.88144385,2.976704844,1.639881717,0.101029763,NA,2,0
Gm30124,0.409645097,-1.551445772,2.981425837,-0.520370406,0.602805433,NA,2.2,5.5
Gm30238,0.239434806,2.758602509,3.013531772,0.915405152,0.359978975,NA,2.8,0
Gm30411,0,0,0,0,1,NA,4.4,0
Gm30420,0,0,0,0,1,NA,2.6,5.1
Gm30489,0,0,0,0,1,NA,0,4.2
Gm30505,0,0,0,0,1,NA,0,1.7
Gm30531,0.499299684,-1.822521626,2.977188769,-0.612161931,0.540430626,NA,0,1.7
Gm3055,1.066518126,-2.920405648,2.966231093,-0.984550953,0.324844692,NA,0,4.4
Gm30551,0,0,0,0,1,NA,0,1.6
Gm30564,0.450489734,-1.673076313,2.979426947,-0.561542989,0.574427433,NA,0,6.1
Gm30646,0.54685225,3.148667877,3.00446704,1.04799548,0.294640689,NA,1.2,0.1
Gm30652,0.91877222,-1.353969026,2.547814515,-0.531423704,0.595125199,NA,0.4,2.4
Gm30694,0,0,0,0,1,NA,0,1.5
Gm30695,0.141222126,1.935211944,3.020603412,0.640670648,0.521736688,NA,0.4,4.4
Gm30747,0.317933206,0.368112765,3.012306581,0.122202955,0.902738286,NA,0.2,2.9
Gm30771,0,0,0,0,1,NA,5.6,0
Gm30881,0.028110203,1.126524066,3.026154283,0.372262602,0.70969734,NA,3.1,2.1
Gm30906,0,0,0,0,1,NA,0,2.2
Gm30946,0.2900385,1.741515838,3.015296629,0.57756037,0.563560969,NA,0.5,0.3
Gm30948,0.162477131,2.008818728,3.019482605,0.665285743,0.505867748,NA,0.4,2
Gm30970,0,0,0,0,1,NA,0,4.2
Gm31024,0.572038585,-1.396683826,2.974607042,-0.469535574,0.638686863,NA,0.2,5.1
Gm31107,0.030032649,1.126524066,3.026154283,0.372262602,0.70969734,NA,0,2.9
Gm31108,0,0,0,0,1,NA,2.3,0
Gm31152,0.353851814,-1.342387104,2.985276069,-0.449669335,0.652948886,NA,3.9,7.5
Gm31166,0.228962938,-0.722738311,3.000525692,-0.240870562,0.809655438,NA,0,1.1
Gm31172,0,0,0,0,1,NA,8,0
Gm31219,0,0,0,0,1,NA,0,1.6
Gm31282,0,0,0,0,1,NA,0,4.2
Gm31410,0.028848966,1.126524066,3.026154283,0.372262602,0.70969734,NA,4.6,0.1
Gm3145,0.220479155,1.445129509,3.019284312,0.478633133,0.632199643,NA,0.3,0.3
Gm31452,0.029353866,1.126524066,3.026154283,0.372262602,0.70969734,NA,2.8,0.1
Gm31462,0.404230256,-1.530483081,2.981787503,-0.513277046,0.607757538,NA,0,1.9
Gm3148,0.132876303,0.558591908,3.023258193,0.18476487,0.853413463,NA,0.1,0.4
Gm31583,0,0,0,0,1,NA,0,4
Gm3160,0.148169631,1.482589763,3.023202719,0.490403688,0.623848268,NA,3.5,0.2
Gm31718,1.252466596,4.588963485,2.981161257,1.539320785,0.123726002,NA,4.8,3.7
Gm31728,0,0,0,0,1,NA,2.8,0
Gm31793,0,0,0,0,1,NA,0,1.6
Gm31812,0.482249931,3.31510053,3.006875133,1.102506883,0.270241368,NA,0.5,3.5
Gm31814,0.174361929,1.444198905,3.024778102,0.477456149,0.633037339,NA,0.1,2.6
Gm31834,0.470599525,3.340420862,3.00635994,1.111118073,0.26651753,NA,1.1,0
Gm3200,1.031275787,-2.870720829,2.702327192,-1.062314304,0.288093023,NA,0,3.9
Gm32004,0.028110203,1.126524066,3.026154283,0.372262602,0.70969734,NA,3.2,0.1
Gm32051,0,0,0,0,1,NA,0,1.8
Gm32089,0,0,0,0,1,NA,7.7,0
Gm32122,0.145703688,-0.138707553,3.018992352,-0.045944983,0.963354101,NA,0,0.7
Gm32171,0,0,0,0,1,NA,0,4
Gm3219,0.261961933,0.846694904,3.020919998,0.280277169,0.779264866,NA,0.2,4.3
Gm32200,1.922120836,-3.766737632,2.961952408,-1.271707682,0.203477,NA,0,6.9
Gm32255,0,0,0,0,1,NA,1.9,1.3
Gm32282,1.756333951,-3.635755835,2.962462458,-1.227274906,0.219719284,NA,0,5.4
Gm32308,0.346187589,-1.295174032,2.986224579,-0.433716218,0.664494528,NA,0,1.2
Gm32369,0,0,0,0,1,NA,0,3.8
Gm32376,0.256644713,0.763529293,3.016126389,0.253148972,0.800153097,NA,0.3,2.8
Gm32432,0.393542842,-1.481341176,2.982655995,-0.496651702,0.619434687,NA,0,3.7
Gm32526,0.068036291,0.549454242,3.026154269,0.181568484,0.855921384,NA,0,4.9
Gm32536,0.074763599,1.444198905,3.024778102,0.477456149,0.633037339,NA,3.2,9
Gm32569,0,0,0,0,1,NA,0,1.9
Gm32592,0,0,0,0,1,NA,3.1,0
Gm32618,1.013605952,2.402376335,2.981983375,0.805630358,0.420456016,NA,12.7,0.8
Gm32624,0,0,0,0,1,NA,0,1.7
Gm32633,0,0,0,0,1,NA,2.8,1.7
Gm32679,0,0,0,0,1,NA,0,1.7
Gm3272,0.286899615,-0.468805618,2.997254627,-0.156411675,0.875708535,NA,0.1,0.8
Gm32742,0,0,0,0,1,NA,0,1.3
Gm32786,0.288489658,-1.03230328,2.992103999,-0.345009158,0.730087486,NA,0,1
Gm32846,0.145703688,-0.138707553,3.018992352,-0.045944983,0.963354101,NA,0,0.7
Gm32857,0,0,0,0,1,NA,4,0
Gm32858,0.462495975,1.726745234,2.93434246,0.588460706,0.556223102,NA,0.6,0.4
Gm32886,0.933416658,0.800660203,1.688224565,0.474261671,0.63531332,NA,0.9,1.2
Gm32913,0,0,0,0,1,NA,0,1.5
Gm32983,1.702197715,-3.076001214,2.960857309,-1.038888704,0.2988565,NA,0.2,6.5
Gm32999,0,0,0,0,1,NA,0,5.3
Gm3307,0.206630264,-0.092607874,3.011078819,-0.030755712,0.97546436,NA,0.1,0.7
Gm33121,0.292380638,1.402623767,3.014023907,0.46536584,0.641669493,NA,0.5,0.4
Gm33195,0.214306721,2.65965382,3.014665085,0.882238572,0.377647807,NA,0.5,5.7
Gm33312,1.513961409,-0.957611527,1.609123391,-0.595113795,0.551767408,NA,5.2,3.3
Gm33370,0.309830783,0.855638907,3.020808155,0.283248344,0.776986472,NA,0.2,0.4
Gm33378,0.192908645,2.212014189,3.01664497,0.733269646,0.463393985,NA,0.4,2.6
Gm33497,0,0,0,0,1,NA,0,1.5
Gm336,0.077035219,0.549454242,3.026154269,0.181568484,0.855921384,NA,0,4
Gm3365,0.059386514,0.837989154,3.026154276,0.276915543,0.781844958,NA,0,3.8
Gm33666,0.795915488,-0.01982313,1.774852703,-0.011168888,0.991088702,NA,0.5,1.3
Gm33674,0.482249931,3.31510053,3.006875133,1.102506883,0.270241368,NA,0.5,0
Gm33682,0.389570338,-1.453652397,2.983158381,-0.487286363,0.626055411,NA,0,5.6
Gm33699,0,0,0,0,1,NA,0,3.2
Gm33707,0.272517435,0.501629906,3.019400426,0.166135601,0.868050238,NA,0.2,0.5
Gm3375,0.877575748,-1.593120043,2.095027285,-0.760429257,0.44699804,NA,0.3,2.2
Gm3379,0.348155572,0.805459,3.004609121,0.268074471,0.788641996,NA,0.4,0.6
Gm33858,0.384762506,-1.446109947,2.983296892,-0.484735512,0.627863972,NA,1.8,4.9
Gm33869,0,0,0,0,1,NA,5,0
Gm33926,0,0,0,0,1,NA,1.5,2.8
Gm33952,1.415515762,1.258090352,1.112997062,1.130362689,0.258323429,NA,1.4,1.5
Gm33994,1.391224848,-0.012335453,2.945909505,-0.004187316,0.996659015,NA,0.5,6.7
Gm34084,0,0,0,0,1,NA,11.1,3.1
Gm34086,0.283778452,-1.008997408,2.992678024,-0.337155351,0.735999794,NA,3.2,1
Gm34121,0.551341042,-1.975305248,2.975126164,-0.663939994,0.506728717,NA,0,2.6
Gm34150,0.13150102,1.732734015,3.024778107,0.572846653,0.566748528,NA,3.8,0
Gm34248,0.255927619,-0.272096909,3.003338673,-0.090598144,0.927811907,NA,0.1,0.7
Gm34294,0.942760567,-2.740067518,2.967513201,-0.923354786,0.355822346,NA,0,8.2
Gm34297,0,0,0,0,1,NA,3.6,0
Gm34342,0.449492642,3.305366142,3.007075463,1.099196273,0.271682464,NA,4.2,0
Gm3435,0.384782096,-1.45645584,2.98310708,-0.488234516,0.625383739,NA,5,1.7
Gm34354,0,0,0,0,1,NA,0,5
Gm34417,0,0,0,0,1,NA,0,8.3
Gm3442,0.160577452,0.033489543,3.022398248,0.011080453,0.991159258,NA,0,0.5
Gm34589,0,0,0,0,1,NA,3.2,0
Gm34654,0,0,0,0,1,NA,0,3
Gm34759,0,0,0,0,1,NA,0,3
Gm34829,0,0,0,0,1,NA,0,4.1
Gm34882,0,0,0,0,1,NA,2.3,0
Gm34885,0.028110203,1.126524066,3.026154283,0.372262602,0.70969734,NA,1.9,3.8
Gm34908,0.028959053,1.126524066,3.026154283,0.372262602,0.70969734,NA,3.3,0.1
Gm34923,0,0,0,0,1,NA,0,1.3
Gm34939,0.486087299,3.323250921,3.006708372,1.105278767,0.269038816,NA,0.5,3.1
Gm34961,0,0,0,0,1,NA,4.1,3.2
Gm35019,0.171445376,2.493230051,3.01674099,0.826464738,0.408540513,NA,3.2,0
Gm35021,0,0,0,0,1,NA,2.7,3.5
Gm35035,0,0,0,0,1,NA,1.8,0
Gm35040,0.196270739,0.75262235,3.021559692,0.249084058,0.803295761,NA,0.2,0.4
Gm35067,0.450885806,0.604470462,2.966069992,0.203795077,0.83851364,NA,0.2,0.5
Gm3508,1.10604762,-0.021540407,1.831928958,-0.01175832,0.990618434,NA,0.6,1.8
Gm35154,0.112373161,2.223747084,3.020603431,0.736192994,0.461613255,NA,0.4,1.5
Gm35166,0.02809329,1.681949511,3.024981108,0.55601984,0.578197292,NA,0.1,2.6
Gm3523,0.12832099,1.444198905,3.024778102,0.477456149,0.633037339,NA,2.3,1.8
Gm35248,0,0,0,0,1,NA,0,1.5
Gm35290,1.86760606,1.003560135,2.927381396,0.342818375,0.731735101,NA,7,6.5
Gm35315,0.3908798,1.302022141,3.016205105,0.431675597,0.665977206,NA,0.3,0.4
Gm3534,0.952931773,0.989754158,1.490526807,0.66402976,0.506671264,NA,0.9,1.1
Gm35394,0,0,0,0,1,NA,0,3.9
Gm3547,0.647476481,0.955256864,1.837675272,0.519818098,0.603190364,NA,0.5,0.7
Gm35551,0,0,0,0,1,NA,0,1.6
Gm35558,1.30507257,4.593668445,2.981082369,1.540939792,0.12333144,NA,0.9,0
Gm35638,0.126061604,0.46139835,3.022454655,0.152656831,0.878668905,NA,0.1,0.5
Gm35648,0.288239164,-1.023333626,2.992323829,-0.341986257,0.732361235,NA,0,0.9
Gm3571,0.156869229,1.018395266,3.024208921,0.336747656,0.736307135,NA,0.2,5.1
Gm35715,0,0,0,0,1,NA,2.4,0
Gm35732,0,0,0,0,1,NA,1.6,0
Gm35857,0.096611968,0.816344452,3.024981091,0.269867621,0.787262098,NA,4.1,0.3
Gm35876,0.289754271,1.118033726,3.017975008,0.370458245,0.711041082,NA,0.3,3.9
Gm3608,0.92037675,-0.18597579,1.903505592,-0.09770173,0.922169142,NA,0.6,5.8
Gm36128,0.117561976,0.055368366,3.022558419,0.018318378,0.985384867,NA,0,0.6
Gm36161,0.719330748,-0.32363101,2.965532591,-0.109130822,0.913098728,NA,0.7,1.4
Gm36172,0.150163245,-0.141786609,3.01890413,-0.046966251,0.962540126,NA,0,3.7
Gm36189,1.10639441,0.645633137,1.633790717,0.395174933,0.692713791,NA,1.5,5.9
Gm36200,0,0,0,0,1,NA,0,2.3
Gm36208,0.118253586,1.155663995,3.024778096,0.382065712,0.702412624,NA,0.1,2.4
Gm36243,0,0,0,0,1,NA,4.2,0
Gm36278,0,0,0,0,1,NA,0,2.8
Gm36328,0,0,0,0,1,NA,1.4,0
Gm36346,0.070830971,0.837989154,3.026154276,0.276915543,0.781844958,NA,4,0.2
Gm3636,0.210228542,-0.572274834,3.005306045,-0.190421483,0.848978865,NA,0,5.3
Gm36378,0.24397815,0.419039033,3.014132669,0.139024747,0.889430593,NA,9.2,6.3
Gm36447,0.605828281,-2.102143098,2.973570979,-0.706942297,0.479602338,NA,0,5.1
Gm36486,0.927078574,4.174978662,2.989179773,1.39669708,0.162504683,NA,12.6,3.7
Gm36584,0,0,0,0,1,NA,1.8,0
Gm36677,0,0,0,0,1,NA,0,4.9
Gm3671,1.81227442,-1.849278343,2.126355445,-0.869693892,0.384467711,NA,0.7,5
Gm36745,0.169315416,2.081834693,3.018420789,0.689709898,0.49037664,NA,0.5,0.1
Gm36752,0,0,0,0,1,NA,0,2.2
Gm36758,0.29744565,1.199163598,3.016451203,0.397541189,0.690968419,NA,0.3,0.4
Gm36796,0.39573727,0.855638536,3.02080816,0.283248221,0.776986566,NA,0.2,2.9
Gm36799,0,0,0,0,1,NA,0,2
Gm36862,0.09721746,1.732734015,3.024778107,0.572846653,0.566748528,NA,3.3,0
Gm36888,0.280394278,-0.963670337,2.993820919,-0.321886433,0.747538732,NA,0,6.9
Gm36949,0.544959773,2.087418939,3.006555086,0.694289271,0.487500818,NA,1,4.5
Gm36951,0.240337953,-0.737038949,3.000096282,-0.245671765,0.805936331,NA,0,4.2
Gm36965,0.260239174,0.909287827,3.015569295,0.301531067,0.763009564,NA,0.3,0.5
Gm36970,0.137155639,-0.07713362,3.02073704,-0.025534702,0.979628469,NA,0,0.7
Gm36981,0.173754316,-0.318422872,3.013614033,-0.105661464,0.915850956,NA,0,0.6
Gm36985,0.289019347,0.105683648,3.004143486,0.035179294,0.971936773,NA,0.2,4.4
Gm36995,0,0,0,0,1,NA,3.9,0
Gm36999,0.042781775,1.732734015,3.024778107,0.572846653,0.566748528,NA,3,4.6
Gm37008,0.239594992,2.31914809,3.01528979,0.769129421,0.441816484,NA,0.5,4.1
Gm37009,1.856656572,-0.293702767,1.01160797,-0.290332595,0.771561805,NA,1.4,3.6
Gm37017,0.45864609,2.950663816,3.008471139,0.980785149,0.326698703,NA,3.7,2.8
Gm37025,0.946309892,-0.110538401,1.384595997,-0.079834408,0.936368958,NA,0.8,1.7
Gm37036,0.334918283,2.511646118,3.013076673,0.83358188,0.40451664,NA,3.4,3.5
Gm37042,0.104074063,0.152429095,3.023295467,0.050418193,0.959789139,NA,0,2.8
Gm37045,0.106467941,0.622965977,3.023816865,0.206019744,0.836775489,NA,0.1,0.4
Gm37048,0,0,0,0,1,NA,0,2.6
Gm37050,0.398569633,0.429186226,2.192036002,0.19579342,0.84477186,NA,0.4,0.8
Gm37072,0,0,0,0,1,NA,3.6,0
Gm37073,0,0,0,0,1,NA,0,3.1
Gm37083,0.252839611,2.804220994,3.013033118,0.930697036,0.352010303,NA,0.9,3.7
Gm37088,0.028110203,1.126524066,3.026154283,0.372262602,0.70969734,NA,0,4.8
Gm37092,0,0,0,0,1,NA,0,2.4
Gm37116,1.48925977,0.769107529,1.289019868,0.596660725,0.550733919,NA,9.3,2
Gm37121,0,0,0,0,1,NA,2.5,0
Gm37124,1.288575906,-3.190472371,2.964586162,-1.076194854,0.281840121,NA,0,4.8
Gm37131,0.3422542,3.03820487,3.010694846,1.009137433,0.312908728,NA,0.8,0
Gm37140,0,0,0,0,1,NA,5.7,0
Gm37145,0.057697932,0.837989154,3.026154276,0.276915543,0.781844958,NA,3.5,0.2
Gm37152,1.840870843,-0.323866283,2.933287319,-0.110410692,0.912083674,NA,0.8,7.9
Gm37159,0.446369603,-1.660126149,2.979631925,-0.557158129,0.577419394,NA,3.3,1.5
Gm37167,0.162580601,-0.225356596,3.016476125,-0.074708563,0.940446595,NA,0,0.5
Gm37174,0.028110203,1.126524066,3.026154283,0.372262602,0.70969734,NA,4.2,0.1
Gm37195,0.253705374,2.423568933,3.014055353,0.804089059,0.421345543,NA,2.8,0.1
Gm37199,0,0,0,0,1,NA,0,5.2
Gm37200,0,0,0,0,1,NA,0,4.3
Gm37205,0,0,0,0,1,NA,0,3.7
Gm37216,0,0,0,0,1,NA,1.3,0
Gm37219,1.428481388,-2.979188199,2.897305548,-1.028261655,0.303826763,NA,0.1,5.4
Gm37226,0.300029409,2.927924546,3.011752703,0.972166321,0.330967812,NA,0.7,0
Gm37239,0.187333313,-0.443618735,3.009514198,-0.14740543,0.88281202,NA,0,0.9
Gm37246,1.610314195,4.94632628,2.975830358,1.662166752,0.096479344,NA,7.2,3.3
Gm37258,0,0,0,0,1,NA,0,3.1
Gm37284,0.292645081,-1.044295935,2.991812147,-0.349051305,0.727050793,NA,0,0.9
Gm37285,0,0,0,0,1,NA,3.8,0
Gm37297,1.138064204,-3.009178445,2.965656215,-1.014675413,0.310260578,NA,0,8.5
Gm37309,0.670964248,3.736169481,2.998881195,1.24585445,0.212817835,NA,5.6,4.6
Gm37314,1.29414231,-2.320060174,2.962928325,-0.783029463,0.433609811,NA,0.2,8.5
Gm37321,1.123878706,-1.445219077,2.956210816,-0.488875512,0.624929833,NA,0.5,8.5
Gm37333,0.618424466,-2.132661548,2.973216606,-0.717291012,0.473194552,NA,1.9,5.4
Gm37336,0.144244829,-0.10051636,3.020101402,-0.033282445,0.973449352,NA,0,0.5
Gm37339,0,0,0,0,1,NA,0,3.9
Gm37342,0.341639122,0.032775939,3.013243295,0.010877296,0.991321345,NA,2.6,0.6
Gm37353,0,0,0,0,1,NA,3.7,0
Gm37357,0.636318296,1.930027827,3.013125832,0.640540069,0.521821548,NA,3.9,4.6
Gm37361,0.262941127,-0.897648707,2.99555011,-0.299660721,0.764435962,NA,0,0.9
Gm37372,0,0,0,0,1,NA,0,6.6
Gm37377,0.760661685,0.012674649,1.583260209,0.008005411,0.993612674,NA,0.7,1.4
Gm37383,0.879497189,3.03929572,2.995171304,1.014731851,0.310233667,NA,4.7,3
Gm37397,1.332197724,-1.181393862,2.952268587,-0.400164764,0.689035165,NA,0.4,3.6
Gm37410,0,0,0,0,1,NA,1.8,0
Gm37415,0.191735643,0.170220594,3.017362593,0.056413702,0.955012242,NA,0.1,0.6
Gm37424,0.184168665,0.070576215,3.016194071,0.023399096,0.981331926,NA,0.1,0.6
Gm3744,0.232086574,-0.703433182,3.001112039,-0.234390844,0.814681566,NA,0,0.7
Gm37457,0,0,0,0,1,NA,2.1,0
Gm37486,0.200870373,1.473646086,3.023314461,0.487427327,0.625955532,NA,0.2,2.5
Gm37497,0,0,0,0,1,NA,2.9,0
Gm37498,0,0,0,0,1,NA,3.4,0
Gm37503,0.458576337,3.312985926,3.006918543,1.10178772,0.27055397,NA,1.1,1.3
Gm37509,0,0,0,0,1,NA,2.1,0
Gm37514,0,0,0,0,1,NA,5.4,0
Gm37517,0,0,0,0,1,NA,0,5.5
Gm37534,1.037867421,4.236263777,2.987847552,1.417831299,0.156240024,NA,0.6,6.2
Gm37536,0.183412359,0.242647735,3.019411296,0.080362598,0.935948873,NA,0.1,2.5
Gm37541,0.568216218,-2.02111617,2.974548756,-0.679469841,0.49684021,NA,0,7.2
Gm37543,0,0,0,0,1,NA,0,1.3
Gm37549,0,0,0,0,1,NA,2.8,0
Gm3756,0.097350731,0.816344452,3.024981091,0.269867621,0.787262098,NA,4.2,4.2
Gm37578,0,0,0,0,1,NA,0,3.5
Gm37581,0.546823378,1.660528207,3.003388198,0.552884974,0.580342177,NA,0.9,0.5
Gm37583,1.89454785,-2.354601845,2.509316573,-0.938343878,0.348067717,NA,0.3,6
Gm37584,0.556163075,3.523006605,3.002885945,1.173206931,0.240712833,NA,1.3,2.5
Gm37592,0,0,0,0,1,NA,3.2,0
Gm37606,0,0,0,0,1,NA,4.5,0
Gm37625,0,0,0,0,1,NA,0,2.8
Gm37629,0,0,0,0,1,NA,0,2.2
Gm37636,0.743296891,-0.369808923,1.767234973,-0.209258491,0.834246454,NA,0.5,1.5
Gm37646,0,0,0,0,1,NA,0,1.9
Gm37675,0.141399865,-0.080744837,3.020646484,-0.026730979,0.978674305,NA,0,4.7
Gm37682,0.225214363,0.52871329,3.022384835,0.174932485,0.861132685,NA,0.1,0.4
Gm37688,0.914405999,0.379358314,1.570441873,0.241561512,0.809119948,NA,0.6,1.3
Gm37689,0.999126539,-2.065112199,2.965041932,-0.696486676,0.486124099,NA,0.2,3.2
Gm37707,0.0894619,2.059658844,3.023202765,0.681283726,0.495691979,NA,0.2,6.6
Gm37729,0,0,0,0,1,NA,0,2.8
Gm37768,0.814556161,-2.523382396,2.969280284,-0.84982964,0.395419808,NA,3.1,6.7
Gm37772,0,0,0,0,1,NA,1.4,0
Gm37776,1.051142712,-2.896076547,2.966394892,-0.976295015,0.328918289,NA,0,10.6
Gm37795,0,0,0,0,1,NA,0,3.2
Gm37811,0.616431176,-2.126587524,2.973286544,-0.715231274,0.474466147,NA,0,9.5
Gm37820,0.600122433,-0.14035293,2.971839306,-0.047227631,0.962331806,NA,0.5,3.8
Gm37824,0,0,0,0,1,NA,2.6,0
Gm37842,0.450654242,-1.689713193,2.979166274,-0.567176531,0.570594251,NA,0,9.2
Gm37844,1.901768277,0.253686265,2.92897131,0.086612752,0.930979329,NA,0.8,6.1
Gm37846,0,0,0,0,1,NA,0,2.7
Gm3785,0.252058844,-0.248207698,3.004134478,-0.082622033,0.934152081,NA,0.1,5.5
Gm37851,0,0,0,0,1,NA,4,0
Gm37856,0.455268276,0.860179845,3.010695662,0.285708003,0.775101775,NA,7.9,5.1
Gm37859,0.222738907,-0.67816525,3.001891216,-0.225912667,0.821269346,NA,0,1
Gm3786,0.117561976,0.055368366,3.022558419,0.018318378,0.985384867,NA,0,0.6
Gm37863,0.927035567,0.800464386,2.984261239,0.268228658,0.788523317,NA,0.4,6
Gm37868,1.771254757,3.904594544,2.973925784,1.312942833,0.189202212,NA,4.7,0.4
Gm3788,1.73718527,0.742324397,1.14175946,0.650158306,0.51558997,NA,2.3,2.4
Gm37885,0.489841567,-1.808847587,2.977384147,-0.607529125,0.54349982,NA,0,7.4
Gm37886,0.060065298,0.837989154,3.026154276,0.276915543,0.781844958,NA,2,3.6
Gm37899,0.112373161,2.223747084,3.020603431,0.736192994,0.461613255,NA,3.7,0
Gm37900,0.20321133,1.762710554,3.023307846,0.58304038,0.559866118,NA,4.3,3.5
Gm37909,1.907833861,-3.052638507,2.758838436,-1.10649412,0.268512708,NA,2.8,6.9
Gm3793,1.66254815,1.043632755,2.932530603,0.355881284,0.721929473,NA,6.6,8
Gm37931,1.066476955,-1.423422363,2.95829855,-0.481162513,0.630401002,NA,0.4,6.3
Gm37932,0.535873119,-1.916119004,2.975899597,-0.643878915,0.519653955,NA,0,1.5
Gm37940,1.929032689,1.077423531,2.316168248,0.465174985,0.641806151,NA,1.1,5.2
Gm37946,0.558231556,-1.978660199,2.975083258,-0.665077252,0.506001083,NA,0,1.7
Gm37963,0.042781775,1.732734015,3.024778107,0.572846653,0.566748528,NA,3.8,0
Gm37969,0.028848966,1.126524066,3.026154283,0.372262602,0.70969734,NA,0,2.3
Gm37975,1.923728915,4.891540202,2.956529669,1.654487101,0.098028582,NA,16,0.1
Gm37979,0.057918105,0.837989154,3.026154276,0.276915543,0.781844958,NA,4.2,0.2
Gm37983,0.397409065,0.957100775,3.001713094,0.318851518,0.74983911,NA,4.5,6.1
Gm37986,0.128584032,2.29347378,3.019540424,0.75954399,0.44752721,NA,2.5,0
Gm38000,0.166518501,-0.293313207,3.014368985,-0.097305011,0.922484177,NA,0,2.8
Gm38010,1.690223192,1.866411423,2.937309529,0.635415302,0.52515759,NA,9.4,4.5
Gm38022,0.210132632,0.04479951,3.013611468,0.014865722,0.988139307,NA,0.1,0.7
Gm38026,0,0,0,0,1,NA,0,1.9
Gm38036,0,0,0,0,1,NA,3,0
Gm38037,0.58273812,-2.045731795,2.974245928,-0.68781528,0.491569113,NA,0,5.4
Gm38055,0.04473095,1.732734015,3.024778107,0.572846653,0.566748528,NA,3.9,3.8
Gm38058,0.994768962,-2.229294612,2.967672226,-0.751193003,0.452536511,NA,0.1,3.7
Gm3807,0.168661218,-0.284899309,3.014624775,-0.094505728,0.924707432,NA,0,0.6
Gm38070,0,0,0,0,1,NA,2.7,3
Gm38080,0.280809338,0.517543018,3.009139797,0.171990354,0.863445113,NA,0.3,0.7
Gm38091,1.225575282,-1.626210552,2.957717734,-0.549819387,0.58244326,NA,0.3,3.3
Gm38098,0.09721746,1.732734015,3.024778107,0.572846653,0.566748528,NA,0.1,3.5
Gm38100,0.168559741,2.497824176,3.016680679,0.828004168,0.407668139,NA,0.6,0
Gm38102,0.421399352,3.236309183,3.008533494,1.075709873,0.282057031,NA,1.5,0
Gm38130,0,0,0,0,1,NA,5.5,0
Gm38134,0.927636699,-2.717161895,2.967687764,-0.915582134,0.359886106,NA,2.9,7.7
Gm38144,0.309212233,-1.13395995,2.989704294,-0.37928833,0.704473764,NA,0,1.1
Gm38147,0.270592564,-0.960134785,2.993911547,-0.320695776,0.748440949,NA,0,4.1
Gm38152,0.213908875,2.658314477,3.014680925,0.881789663,0.377890563,NA,0.5,0
Gm38155,0.057697932,0.837989154,3.026154276,0.276915543,0.781844958,NA,0,3.2
Gm38156,0.214306721,2.65965382,3.014665085,0.882238572,0.377647807,NA,4.7,3.8
Gm38157,0.282375719,2.888409651,3.012150602,0.958919401,0.33759935,NA,0.9,3.8
Gm38160,0,0,0,0,1,NA,0,4.1
Gm38163,1.409492404,4.120622862,2.979400735,1.383037472,0.166653376,NA,3.1,2.6
Gm38164,0.72528548,-1.550415016,2.969866016,-0.522048809,0.601636347,NA,3.2,6.1
Gm38214,0,0,0,0,1,NA,0,5.8
Gm38215,0.955171865,4.216797745,2.988264788,1.411119176,0.158209477,NA,7.8,3.6
Gm38218,0,0,0,0,1,NA,0,4.1
Gm38227,1.02029523,4.289438787,2.98673519,1.436163073,0.150955944,NA,2,4.3
Gm38228,0.908416914,3.092005446,2.99404302,1.032719111,0.301735367,NA,4.5,5.5
Gm38241,0,0,0,0,1,NA,1.5,2.5
Gm38247,1.565240958,0.199423627,1.842131388,0.108257005,0.913791827,NA,1.5,7
Gm38250,1.302142466,-3.207596381,2.964491844,-1.082005466,0.279250099,NA,0,5.3
Gm38252,0.020814813,1.126524066,3.026154283,0.372262602,0.70969734,NA,4.5,0.1
Gm38269,0.400687938,-0.589223926,2.993912728,-0.196807315,0.843978326,NA,0.1,0.7
Gm38275,0,0,0,0,1,NA,0,7.1
Gm38297,0.610812137,-1.784599414,2.97298217,-0.600272491,0.548324649,NA,8,2.5
Gm38300,1.866228374,0.370818063,2.335213876,0.158794047,0.873831139,NA,5,6.9
Gm38301,0.172977904,1.732734015,3.024778107,0.572846653,0.566748528,NA,4.8,0
Gm38305,0.917959182,0.271218006,1.504410906,0.180281867,0.856931291,NA,0.6,6.8
Gm38312,0.450863714,0.318094098,2.99620686,0.1061656,0.915450964,NA,0.3,0.7
Gm38319,0.062444438,0.549454242,3.026154269,0.181568484,0.855921384,NA,1.6,4.3
Gm38320,0,0,0,0,1,NA,3.1,0
Gm38327,0,0,0,0,1,NA,0,4
Gm38335,0.097968313,0.194508577,3.023628819,0.064329515,0.948707852,NA,2.5,4.7
Gm38336,1.100172369,2.445793164,2.97661316,0.821669808,0.411264847,NA,6.3,0.6
Gm38340,1.634651442,-0.888135597,2.943010665,-0.301777906,0.762821374,NA,5.6,7.3
Gm38344,1.281346519,-3.183470619,2.964625049,-1.073818971,0.282903826,NA,0,4.8
Gm38352,0,0,0,0,1,NA,3,3
Gm38355,1.762984134,-3.240110508,2.96138313,-1.094120675,0.273902056,NA,3.1,14.3
Gm38358,1.932408241,-1.45223032,1.664652463,-0.872392498,0.382994292,NA,0.8,5.8
Gm38383,0.347508631,-1.300446479,2.986117129,-0.435497478,0.663201369,NA,0,1.2
Gm38391,1.451449714,-3.362627274,2.851589363,-1.179211607,0.238313926,NA,4.4,5.4
Gm38392,0,0,0,0,1,NA,0,3
Gm38393,0,0,0,0,1,NA,4.8,0
Gm38403,0,0,0,0,1,NA,0,2.2
Gm38534,0,0,0,0,1,NA,0,1.6
Gm3854,1.556619686,-1.486723718,2.947437408,-0.504412312,0.613971668,NA,0.4,4.9
Gm38563,0,0,0,0,1,NA,0,2.4
Gm38574,0.318701974,0.855638531,3.02080816,0.283248219,0.776986568,NA,0.2,0.4
Gm3861,0.250270195,0.52871329,3.022384835,0.174932485,0.861132685,NA,0.1,0.4
Gm38843,0,0,0,0,1,NA,2.8,0
Gm38910,0.019593663,1.126524066,3.026154283,0.372262602,0.70969734,NA,2.6,0.1
Gm38979,0.864889518,3.651549061,3.000602292,1.216938703,0.223627539,NA,4.9,3.1
Gm39090,0,0,0,0,1,NA,4.2,2
Gm39147,0.075471811,0.837989154,3.026154276,0.276915543,0.781844958,NA,1.5,0.2
Gm39158,0,0,0,0,1,NA,0,1.8
Gm3924,1.254993224,-2.722077011,2.964061889,-0.918360383,0.358430225,NA,3.7,19.1
Gm39288,0.344666905,0.100263433,2.497696488,0.04014236,0.96797963,NA,0.2,0.7
Gm39302,0.058707731,0.837989154,3.026154276,0.276915543,0.781844958,NA,3.8,0.2
Gm39307,0,0,0,0,1,NA,0,2.6
Gm39321,0.236416299,-0.743231037,2.999911643,-0.247750976,0.804327088,NA,0,0.8
Gm3940,1.449199356,1.651165578,1.485753635,1.111332012,0.266425465,NA,2.4,1.3
Gm39464,0,0,0,0,1,NA,0,2.2
Gm3956,0,0,0,0,1,NA,0,3.5
Gm3963,0.942763871,1.188231318,1.703031084,0.697715579,0.485355084,NA,0.8,1
Gm39662,0.240261191,-0.765220677,2.999262194,-0.255136306,0.798617824,NA,0,0.8
Gm39929,0,0,0,0,1,NA,0,12
Gm40155,0,0,0,0,1,NA,0,4.3
Gm40264,0.424661907,1.542909606,2.997826247,0.514676128,0.606779357,NA,0.6,3.7
Gm40319,0.880529644,0.94714754,1.706432655,0.555045367,0.57886363,NA,0.8,1
Gm4032,1.926501615,-1.33423773,2.319886263,-0.575130665,0.56520293,NA,0.6,5.2
Gm4035,0,0,0,0,1,NA,0,4.1
Gm40414,0.260900028,0.340344092,3.011695608,0.113007467,0.910024635,NA,0.2,0.6
Gm4045,0.575547063,0.21840015,2.977516738,0.073349764,0.941527792,NA,0.5,1.1
Gm4057,0.205325964,-0.53865575,3.006442612,-0.179167148,0.857806458,NA,0,0.7
Gm40576,0,0,0,0,1,NA,0,1.6
Gm4059,0.5536181,-0.405528267,1.847118402,-0.219546439,0.826224409,NA,0.3,1.2
Gm40598,0.831755957,0.74167084,1.772282161,0.418483499,0.675593649,NA,0.9,1.1
Gm40603,0,0,0,0,1,NA,0,3
Gm40608,0.176342964,-0.36911727,3.011935838,-0.122551505,0.902462258,NA,0,0.9
Gm40692,0.171332319,-0.295831477,3.01429272,-0.098142916,0.92181881,NA,0,0.6
Gm4076,1.197218504,1.271943944,1.199543781,1.060356416,0.288982482,NA,6.7,1.1
Gm40773,0.318309567,-0.092368994,2.997758555,-0.030812686,0.975418923,NA,0.2,0.8
Gm40884,0,0,0,0,1,NA,0,2.8
Gm41073,0.244685358,2.218913211,3.016554887,0.735578597,0.461987192,NA,0.4,0.1
Gm41293,0,0,0,0,1,NA,0,1.4
Gm41336,0,0,0,0,1,NA,0,2.6
Gm41386,0,0,0,0,1,NA,0,2.6
Gm41442,0.678654199,0.668065265,2.974971484,0.224561905,0.822320103,NA,0.9,6.1
Gm41467,0.535893987,0.665802315,2.306922702,0.288610587,0.772879393,NA,0.7,0.9
Gm41517,0,0,0,0,1,NA,2.8,0
Gm41556,0,0,0,0,1,NA,0,2.2
Gm41611,0.226006896,2.322167363,3.015252925,0.770140158,0.441216757,NA,0.7,2
Gm4165,0.241899388,-0.326652844,3.003418715,-0.108760341,0.91339258,NA,0.1,0.7
Gm41654,0,0,0,0,1,NA,0,2.4
Gm41664,0,0,0,0,1,NA,0,3.6
Gm4189,0.243083531,1.976002648,3.015968991,0.655180028,0.512351852,NA,6.4,4.5
Gm42067,0.647865416,-1.001428695,2.969664575,-0.337219464,0.735951466,NA,2.8,6
Gm4208,0.76675809,-2.041302854,2.969406764,-0.68744467,0.491802556,NA,0.1,8.2
Gm4240,0,0,0,0,1,NA,1.6,0
Gm42433,0.989028912,3.880736971,2.989306604,1.298206402,0.194216419,NA,1.1,0.1
Gm42444,0,0,0,0,1,NA,4.6,0
Gm42463,0.144795263,-0.104418574,3.01998682,-0.034575838,0.972417969,NA,0,3
Gm42464,0,0,0,0,1,NA,2.7,3.8
Gm42488,0.942949571,4.188233153,2.988886989,1.401268488,0.161133801,NA,6.2,0
Gm42493,0,0,0,0,1,NA,0,1.8
Gm42496,0,0,0,0,1,NA,0,4.3
Gm42508,0.165835339,1.468542534,3.023378498,0.485728973,0.627159339,NA,2.2,0.2
Gm42517,0,0,0,0,1,NA,2.4,3.2
Gm42521,0.096449986,1.732734015,3.024778107,0.572846653,0.566748528,NA,2.3,5.2
Gm42531,0.962873942,4.222638197,2.988139031,1.413133108,0.15761659,NA,2.8,3.7
Gm42535,0.720894377,0.893881189,1.771154248,0.504688505,0.613777636,NA,0.7,0.9
Gm42550,0.096449986,1.732734015,3.024778107,0.572846653,0.566748528,NA,0.1,3.2
Gm42555,0.02809329,1.681949511,3.024981108,0.55601984,0.578197292,NA,2.2,5.6
Gm42556,0.174824637,0.673751339,3.023613782,0.222829828,0.823667952,NA,1.8,0.4
Gm42560,0,0,0,0,1,NA,7,1.9
Gm42568,0.499796009,3.39487923,3.005280185,1.129638177,0.258628717,NA,1,3.7
Gm42570,0.293538655,-1.056137087,2.991526341,-0.353042884,0.724056291,NA,0,1
Gm42573,1.412255235,-1.128825354,1.267223813,-0.890786097,0.373043935,NA,2.5,3.3
Gm4258,0.471474785,3.342361949,3.006320794,1.111778209,0.266233523,NA,1.1,0
Gm42583,0.029353866,1.126524066,3.026154283,0.372262602,0.70969734,NA,4.4,0.1
Gm42600,0.682838523,-2.270919934,2.971701219,-0.764181782,0.444758922,NA,2.1,7.4
Gm42608,0,0,0,0,1,NA,0,2.3
Gm42620,0,0,0,0,1,NA,0,1.5
Gm42630,0,0,0,0,1,NA,0,2.9
Gm42633,0.381126029,-0.269853212,3.003412867,-0.089848857,0.928407323,NA,4.6,5
Gm42638,0,0,0,0,1,NA,0,3.8
Gm42646,0.627924162,3.415559398,3.004880077,1.136670785,0.255675937,NA,0.5,5.3
Gm42651,0.600652978,-2.088383254,2.973733206,-0.702276603,0.482506681,NA,4.6,5.9
Gm42656,0.172977904,1.732734015,3.024778107,0.572846653,0.566748528,NA,0.1,5.8
Gm42660,0,0,0,0,1,NA,0,3.1
Gm42664,0.633988858,3.661748661,3.000389726,1.220424343,0.222304054,NA,1.3,0
Gm42666,0.213591576,0.251077733,3.014762863,0.083282747,0.933626719,NA,0.2,0.7
Gm42669,0.019593663,1.126524066,3.026154283,0.372262602,0.70969734,NA,3.8,3.4
Gm42672,0.252991827,-0.844993007,2.996986127,-0.281947587,0.7779837,NA,0,0.9
Gm42696,0,0,0,0,1,NA,2.1,4.5
Gm42700,0.08556355,2.044726305,3.023389672,0.676302603,0.49884854,NA,0.2,3.7
Gm42701,1.206798364,1.145227879,2.950845814,0.388101565,0.697940874,NA,0.9,4.4
Gm42716,0.042861344,1.732734015,3.024778107,0.572846653,0.566748528,NA,0.1,3.6
Gm42717,1.409049644,1.972728772,2.616107249,0.754070298,0.450807011,NA,5.2,1
Gm42725,1.302334486,2.686740069,2.971279219,0.904236819,0.365869841,NA,1.8,0.6
Gm42732,0,0,0,0,1,NA,4.5,5.5
Gm42763,0.249777751,-0.846326915,2.996949109,-0.282396158,0.77763976,NA,0,5.2
Gm42777,0.920736771,3.776325155,2.991715338,1.262260853,0.206854938,NA,0.9,0.1
Gm42778,0,0,0,0,1,NA,4.5,0
Gm42782,0.156749302,-0.225078073,3.016484957,-0.07461601,0.940520235,NA,0,3.7
Gm4279,0.369685183,-0.703429511,2.986870451,-0.235507205,0.813815088,NA,0.2,8
Gm42790,0.020814813,1.126524066,3.026154283,0.372262602,0.70969734,NA,2.1,0.1
Gm42804,0.060065298,0.837989154,3.026154276,0.276915543,0.781844958,NA,0,3.3
Gm42814,0.67343743,-0.62136263,1.645250592,-0.37767051,0.705675378,NA,0.5,1.7
Gm42815,0.376467684,-1.415874507,2.98385938,-0.474511137,0.635135458,NA,0,3.8
Gm42836,0.327792505,0.458293415,3.00990482,0.152261763,0.878980482,NA,0.3,0.6
Gm42837,0.176829303,1.362019238,3.020543034,0.450918667,0.652048169,NA,0.3,0.3
Gm42840,0.494835624,3.341615131,3.006335849,1.111524227,0.266342768,NA,0.5,0
Gm42845,1.247317234,-2.77627599,2.963734662,-0.936749172,0.348887596,NA,3.4,4.4
Gm42851,0,0,0,0,1,NA,0,3
Gm42872,1.706048238,-2.873857111,2.844944763,-1.01016271,0.312417342,NA,4.5,10.2
Gm42888,0.086546897,0.549454242,3.026154269,0.181568484,0.855921384,NA,0,2.4
Gm42899,1.208011476,4.547080082,2.981874667,1.524906506,0.127282419,NA,8.4,0
Gm4291,0.173813891,-0.34224868,3.01283928,-0.113596727,0.909557482,NA,0,4.4
Gm42913,0.131865472,1.444198905,3.024778102,0.477456149,0.633037339,NA,0.1,3.4
Gm42918,1.448694272,4.798611572,2.97787868,1.611419432,0.107088335,NA,4.2,0
Gm42921,1.17294376,0.793381576,2.949439982,0.268993972,0.787934321,NA,4.8,1.5
Gm42922,0,0,0,0,1,NA,0,2.7
Gm42929,0.03251612,1.126524066,3.026154283,0.372262602,0.70969734,NA,2.8,0.1
Gm42933,1.195760017,1.882513483,2.418513686,0.778376196,0.436347268,NA,4.6,1
Gm42939,0,0,0,0,1,NA,1.4,0
Gm4294,0,0,0,0,1,NA,0,3.2
Gm42944,0.328932477,1.189147523,3.016594723,0.39420195,0.693431946,NA,0.3,0.4
Gm42970,0.030032649,1.126524066,3.026154283,0.372262602,0.70969734,NA,3.7,0.1
Gm42974,0.727385756,3.102910853,2.627057083,1.18113568,0.237548828,NA,0.7,5.9
Gm42983,0.05618658,1.884001011,3.024208933,0.622973165,0.533302156,NA,1.7,0
Gm42984,0.144795263,-0.104418574,3.01998682,-0.034575838,0.972417969,NA,0,0.5
Gm42991,0.09721746,1.732734015,3.024778107,0.572846653,0.566748528,NA,3.9,0
Gm42992,0.706186292,-0.172894051,2.980461738,-0.05800915,0.953741341,NA,6.8,4.9
Gm42993,0.510549373,-0.950403012,2.978133621,-0.319127055,0.749630168,NA,0.2,1.2
Gm42995,0.874957139,4.040356429,2.992305452,1.350248661,0.176936234,NA,0.9,0
Gm42997,0,0,0,0,1,NA,2.9,3.9
Gm42998,0.04473095,1.732734015,3.024778107,0.572846653,0.566748528,NA,2.2,0
Gm43008,0.33420078,0.493465743,3.016045773,0.16361348,0.870035433,NA,0.2,0.7
Gm43018,0,0,0,0,1,NA,4.3,5.2
Gm43028,1.381623151,0.351460945,1.253661753,0.280347505,0.779210907,NA,1.4,6.9
Gm43040,0,0,0,0,1,NA,4.5,5.5
Gm43048,0,0,0,0,1,NA,3.4,0
Gm43050,0,0,0,0,1,NA,3,0
Gm43051,0.764152845,-2.44552456,2.969982501,-0.823413794,0.410272721,NA,0,7.8
Gm43062,0.470995507,-0.130687311,2.995989531,-0.04362075,0.965206711,NA,0.2,0.8
Gm43072,1.923430844,5.199638912,2.972762556,1.749093247,0.080274902,NA,7.2,2.4
Gm43075,1.941559496,-1.979782237,2.820548894,-0.701913816,0.482732912,NA,3.6,6.2
Gm43081,0,0,0,0,1,NA,2.3,0
Gm43093,0,0,0,0,1,NA,0,2.2
Gm43097,0.406695262,2.471394169,3.010600223,0.820897491,0.41170466,NA,0.8,0.2
Gm43111,1.536051195,2.059552112,2.944995017,0.699339761,0.484339724,NA,8.5,4.6
Gm43113,0.13006448,0.211038275,3.023762114,0.06979328,0.944358196,NA,4,0.4
Gm43117,0.278710427,-0.041319329,3.010891747,-0.013723286,0.989050745,NA,0.1,0.6
Gm43119,0,0,0,0,1,NA,0,4.3
Gm43124,0.079243651,0.549454242,3.026154269,0.181568484,0.855921384,NA,5.7,0.3
Gm43125,0.194087138,0.266097068,3.019983528,0.088112092,0.929787585,NA,0.1,0.5
Gm43127,0,0,0,0,1,NA,0,1.8
Gm43128,0,0,0,0,1,NA,2.2,0
Gm43137,0,0,0,0,1,NA,0,2.5
Gm43140,0.201203998,-0.513169483,3.007321649,-0.170640039,0.864506813,NA,0,0.7
Gm43148,0,0,0,0,1,NA,0,1.9
Gm43151,0,0,0,0,1,NA,2.5,0
Gm43154,0.040056325,1.126524066,3.026154283,0.372262602,0.70969734,NA,0,1.6
Gm43164,0,0,0,0,1,NA,6,0
Gm43168,0.118789243,0.250923846,3.024089298,0.082975012,0.933871409,NA,0,2.4
Gm43172,0.842798704,4.041569411,2.992276014,1.350667316,0.176802027,NA,6.1,0
Gm43177,0,0,0,0,1,NA,0,4.5
Gm43182,0,0,0,0,1,NA,0,4.2
Gm43187,0,0,0,0,1,NA,0,3.4
Gm43210,0,0,0,0,1,NA,1.9,0
Gm43215,0.039187325,0.837989154,3.026154276,0.276915543,0.781844958,NA,3.8,0.2
Gm43216,0.028959053,1.126524066,3.026154283,0.372262602,0.70969734,NA,0,1.7
Gm43221,0.617806282,-2.126191652,2.973291112,-0.715097033,0.474549087,NA,0,5.4
Gm43229,0.29902109,1.632478602,3.016677225,0.541151234,0.588403347,NA,0.4,3
Gm43230,0,0,0,0,1,NA,3.8,2.9
Gm43247,0.601022144,0.571074958,2.196266865,0.26002075,0.794847768,NA,0.5,0.9
Gm43249,0.15888548,-0.126380966,3.019347311,-0.041857048,0.966612657,NA,0,0.5
Gm43256,0.468458719,2.690890189,3.011249208,0.893612585,0.37152921,NA,5.3,0.1
Gm43260,1.484135309,-3.040596381,2.567758216,-1.184144349,0.236355927,NA,11.8,15.4
Gm43267,0.315265697,-1.145956143,2.98943195,-0.383335751,0.701470834,NA,0,0.9
Gm43268,0.185030489,0.231237591,3.01912537,0.07659092,0.938948982,NA,0.1,0.5
Gm43273,0,0,0,0,1,NA,0,4.5
Gm43283,0.060065298,0.837989154,3.026154276,0.276915543,0.781844958,NA,0,4.1
Gm43285,0,0,0,0,1,NA,2.3,0
Gm43287,0,0,0,0,1,NA,0,3.3
Gm43288,0.993293673,-2.814969019,2.966961259,-0.948771747,0.342736714,NA,0,3.4
Gm43307,0,0,0,0,1,NA,3.6,2.8
Gm43309,0.609218944,0.017356622,2.975863165,0.005832466,0.995346391,NA,3.8,1.5
Gm43327,0.280932901,2.888664355,3.012148004,0.959004787,0.337556334,NA,1,0
Gm43332,0,0,0,0,1,NA,3.7,0
Gm43340,0.745275586,-0.775267056,2.964093607,-0.261552825,0.793666218,NA,0.7,8.8
Gm4335,1.279986828,0.440159727,1.203221765,0.365817624,0.714501168,NA,1,6.4
Gm43352,0,0,0,0,1,NA,0,3
Gm43355,0.134097453,0.546228681,3.023153347,0.180681765,0.856617373,NA,0.1,0.4
Gm43365,0.351064514,1.166121195,3.009242883,0.387513152,0.69837635,NA,3.9,0.7
Gm43368,1.321533806,0.0425712,1.189268088,0.035796134,0.971444915,NA,1,2.2
Gm43371,0.482249931,3.31510053,3.006875133,1.102506883,0.270241368,NA,0.5,3.8
Gm43372,0,0,0,0,1,NA,0,2.9
Gm43373,0,0,0,0,1,NA,0,1.3
Gm43389,1.655045145,4.985355535,2.97532258,1.675568077,0.093822826,NA,7.3,2.7
Gm43394,0.255102551,0.178195363,3.009916104,0.059202767,0.952790605,NA,0.2,0.6
Gm43403,0,0,0,0,1,NA,0,1.7
Gm43408,0.15475482,0.300378986,3.021223607,0.099422957,0.920802456,NA,0.1,0.5
Gm43414,0,0,0,0,1,NA,0,1.9
Gm43417,1.307902409,-1.091632445,2.95132752,-0.369878449,0.71147306,NA,5.9,3.7
Gm43425,1.067411733,-2.919030588,2.966240278,-0.984084334,0.325074049,NA,1.9,7
Gm43428,0,0,0,0,1,NA,7.2,4.1
Gm43429,0,0,0,0,1,NA,4.8,0
Gm43434,0,0,0,0,1,NA,0,2.6
Gm43435,0.071740828,1.444198905,3.024778102,0.477456149,0.633037339,NA,4.6,4.7
Gm43437,0,0,0,0,1,NA,0,2.6
Gm43441,0.337004747,0.745464995,3.010385688,0.247631059,0.804419878,NA,0.3,0.6
Gm43447,0.342119572,0.459670294,3.000112894,0.153217666,0.878226627,NA,0.5,0.6
Gm43467,0.028848966,1.126524066,3.026154283,0.372262602,0.70969734,NA,2.7,0.1
Gm43471,0.106246456,0.549454242,3.026154269,0.181568484,0.855921384,NA,4.5,0.3
Gm43479,0,0,0,0,1,NA,0,4.5
Gm43480,0.182448714,-0.410971348,3.010560516,-0.136509911,0.89141819,NA,0,4.4
Gm43483,0.233081491,0.340075577,3.020939951,0.11257277,0.910369275,NA,6,0.5
Gm43508,0.804056113,-2.501942063,2.969469915,-0.842555114,0.399477303,NA,0,2.1
Gm43517,0,0,0,0,1,NA,2.9,0
Gm43519,0,0,0,0,1,NA,0,4.3
Gm43524,0.59484942,0.254586061,2.769134606,0.091937048,0.926748056,NA,0.5,1.1
Gm43545,0,0,0,0,1,NA,3.9,0
Gm43547,0,0,0,0,1,NA,4,2.1
Gm43561,1.045706997,-0.245478115,1.547282552,-0.158651123,0.873943748,NA,0.9,2.3
Gm43567,0,0,0,0,1,NA,0,1.6
Gm43568,0,0,0,0,1,NA,4.4,0
Gm43585,0.289200512,2.546448062,3.012705047,0.845236431,0.397978845,NA,3,0.1
Gm43589,0.775732804,3.261825697,2.996641079,1.088493954,0.276377104,NA,4.4,3.9
Gm43590,0.028110203,1.126524066,3.026154283,0.372262602,0.70969734,NA,0,2.4
Gm43592,0,0,0,0,1,NA,4,0
Gm43598,0.833642629,-2.553206171,2.969021122,-0.859948807,0.389817263,NA,3.5,5.8
Gm43604,0,0,0,0,1,NA,1.4,4.7
Gm43633,1.868680792,5.123327685,2.973631762,1.722919344,0.084903112,NA,1.5,2.9
Gm43636,0,0,0,0,1,NA,0,1.6
Gm43649,1.626909848,0.748118845,1.253029063,0.597048278,0.550475148,NA,1.2,2.1
Gm43651,0.042781775,1.732734015,3.024778107,0.572846653,0.566748528,NA,0.1,4
Gm43652,1.254925919,2.830598428,2.402120868,1.178374688,0.238647264,NA,8.6,11.1
Gm43655,0.184302452,1.379574141,3.023953615,0.456215378,0.648235108,NA,0.2,2.5
Gm43657,0.337119482,3.039139384,3.010686203,1.00945073,0.31275852,NA,1.2,0
Gm43670,0.252986823,1.481985648,3.018746787,0.490927445,0.623477765,NA,0.4,0.3
Gm43677,0,0,0,0,1,NA,0,2.6
Gm43689,0,0,0,0,1,NA,6.8,0
Gm43693,0,0,0,0,1,NA,0,1.7
Gm43698,0.64937477,2.370400388,2.718212038,0.872043959,0.383184397,NA,1.3,0.4
Gm43714,0,0,0,0,1,NA,3.5,0
Gm43719,0.556163075,3.523006605,3.002885945,1.173206931,0.240712833,NA,1.3,0
Gm43726,0.019593663,1.126524066,3.026154283,0.372262602,0.70969734,NA,2.8,0.1
Gm43727,0.763200504,-2.434712614,2.97008303,-0.81974564,0.412361126,NA,4.7,7.4
Gm43736,0.140551015,-0.07502764,3.020789946,-0.024837093,0.980184905,NA,0,0.5
Gm43738,0.028110203,1.126524066,3.026154283,0.372262602,0.70969734,NA,4.3,0.1
Gm43743,0.905920307,0.929705133,1.595592444,0.582670805,0.560114931,NA,0.8,1.1
Gm43745,0,0,0,0,1,NA,0,5
Gm43759,0,0,0,0,1,NA,0,3.6
Gm43785,0.390424436,-1.46645823,2.982924847,-0.491617558,0.622989728,NA,0,6.9
Gm43792,0,0,0,0,1,NA,4.7,0
Gm43793,0,0,0,0,1,NA,6.1,0
Gm43794,0.863905587,4.06999657,2.9915929,1.360478082,0.173678684,NA,2.5,2.6
Gm43795,1.537418451,4.555154083,2.977231687,1.529996507,0.126017593,NA,10.2,0.1
Gm43800,1.097880044,-2.955362369,2.966000506,-0.996413306,0.319049371,NA,0,7.6
Gm43807,0,0,0,0,1,NA,0,10.7
Gm43808,0.019593663,1.126524066,3.026154283,0.372262602,0.70969734,NA,5.1,0.1
Gm43810,0.176123193,-0.334257489,3.01311113,-0.110934338,0.911668416,NA,1.9,2.9
Gm43815,0,0,0,0,1,NA,0,5.6
Gm43817,1.024384685,-2.397374197,2.966300707,-0.808203359,0.418973524,NA,4.1,7.1
Gm43820,0.536771398,3.482290937,3.003625176,1.159362681,0.246308382,NA,1.2,0
Gm43822,0.042781775,1.732734015,3.024778107,0.572846653,0.566748528,NA,0.1,3.2
Gm43842,0.049663778,0.837989154,3.026154276,0.276915543,0.781844958,NA,5.2,0.2
Gm43844,1.528137157,-3.436837492,2.963331004,-1.159788592,0.24613489,NA,4,15.6
Gm43846,0,0,0,0,1,NA,0,1.3
Gm43852,0,0,0,0,1,NA,4.2,2.4
Gm43858,0.395868499,2.979424421,3.011249229,0.98943136,0.322452137,NA,0.4,10.5
Gm43859,0,0,0,0,1,NA,0,4.9
Gm43868,1.253849821,4.561976524,2.981618618,1.530033552,0.126008424,NA,3.9,2.2
Gm43903,0,0,0,0,1,NA,4.4,0
Gm43904,0,0,0,0,1,NA,0,4.9
Gm43914,0,0,0,0,1,NA,0,4.2
Gm43919,0.226694014,0.867129086,3.02477809,0.286675273,0.774360972,NA,0.1,4.1
Gm43935,0,0,0,0,1,NA,2.4,4.5
Gm43942,1.485584802,0.062417448,1.715851548,0.036376951,0.970981793,NA,0.9,2.6
Gm43950,1.106419257,-2.973925338,2.965880301,-1.002712529,0.315999583,NA,0,4.8
Gm43951,0.13150102,1.732734015,3.024778107,0.572846653,0.566748528,NA,0.1,3.6
Gm43952,0.716448054,-0.319801389,1.629126241,-0.196302399,0.844373484,NA,0.5,1.6
Gm43960,0.680522219,3.709988815,2.999403475,1.236908887,0.21612091,NA,0.7,0
Gm43964,0,0,0,0,1,NA,0,3.1
Gm43965,0,0,0,0,1,NA,0,1.7
Gm43971,0.28110203,-0.996701956,2.992984548,-0.33301273,0.739124674,NA,0,1
Gm43973,0.321286566,0.949347939,3.016629427,0.314704859,0.752985754,NA,0.3,0.5
Gm4398,0.166098089,1.185110663,3.023314449,0.39199054,0.695065204,NA,0.2,0.3
Gm44001,0.029353866,1.126524066,3.026154283,0.372262602,0.70969734,NA,0,2.3
Gm44010,0.496309315,-0.002720379,2.582142881,-0.001053536,0.9991594,NA,2.5,3.9
Gm44011,1.578012237,4.878901282,2.976739903,1.639008257,0.10121154,NA,1.2,0
Gm44012,0.5133813,3.435244675,3.004504194,1.143364913,0.252887114,NA,1.2,0
Gm44022,0,0,0,0,1,NA,0,3.7
Gm44024,0.238748974,0.915525695,3.021479027,0.303005809,0.761885435,NA,0.2,0.4
Gm44037,0.875878211,-2.633507645,2.968349239,-0.887196025,0.374973372,NA,0,3
Gm44040,0.520732231,-1.868696115,2.976542419,-0.627807655,0.530129951,NA,4.6,9.7
Gm44050,0.991486927,-2.353678194,2.966642118,-0.793381237,0.427555739,NA,0.1,7.5
Gm44064,0,0,0,0,1,NA,0,4.1
Gm44076,0.231846611,-0.066769169,3.010044765,-0.022182118,0.982302682,NA,0.1,0.6
Gm44086,1.954117308,4.600308364,2.97301143,1.547356434,0.12177732,NA,8.2,3.4
Gm44104,0.112373161,2.223747084,3.020603431,0.736192994,0.461613255,NA,0.4,4.3
Gm44110,0.916049451,-2.698634334,2.967830994,-0.909295152,0.363194349,NA,0,3.2
Gm44111,0,0,0,0,1,NA,0,2.4
Gm44116,0.890207606,-2.664029095,2.968103465,-0.897552638,0.369424099,NA,0,4.4
Gm44118,0.448039934,1.208338601,3.015433057,0.400718098,0.688627684,NA,0.3,0.4
Gm44131,0.578699918,3.520744181,3.002926507,1.172437678,0.24102138,NA,0.6,0
Gm44136,0.651009019,-0.367317852,2.224310958,-0.165137815,0.868835509,NA,3.6,1.5
Gm44140,0,0,0,0,1,NA,0,2.3
Gm44144,0.120168976,0.549454242,3.026154269,0.181568484,0.855921384,NA,0,4.9
Gm44154,0,0,0,0,1,NA,0,3
Gm44162,0.451458044,0.784569021,2.348089331,0.334130823,0.738280842,NA,0.5,0.8
Gm44165,0.042781775,1.732734015,3.024778107,0.572846653,0.566748528,NA,0.1,4.8
Gm44168,0,0,0,0,1,NA,3.6,2.8
Gm44178,0.195936627,-0.505972622,3.007572642,-0.168232885,0.866400071,NA,2.3,1
Gm44180,0.029353866,1.126524066,3.026154283,0.372262602,0.70969734,NA,2.8,0.1
Gm44185,0.688620229,-0.24005323,2.966887613,-0.080910793,0.935512896,NA,4.3,6.2
Gm44190,0.028848966,1.126524066,3.026154283,0.372262602,0.70969734,NA,3.4,3.7
Gm44200,0.687328813,0.727994935,2.975215225,0.244686478,0.806699199,NA,0.9,1.4
Gm44220,0,0,0,0,1,NA,5.1,0
Gm44224,0,0,0,0,1,NA,0,2.8
Gm44237,0.223654749,2.69058422,3.014303045,0.892605746,0.372068341,NA,0.5,0
Gm44238,0.087556697,0.549454242,3.026154269,0.181568484,0.855921384,NA,0,2.4
Gm44243,1.582743238,-1.339820567,2.951132496,-0.454002173,0.649827263,NA,0.4,11.7
Gm44254,0.368346837,0.450568393,2.996358457,0.150371993,0.880471136,NA,0.5,0.7
Gm44257,0,0,0,0,1,NA,4.1,0
Gm44258,0,0,0,0,1,NA,0,3.4
Gm44260,1.18894339,-1.150005657,2.726137833,-0.421844282,0.673138681,NA,4.3,6.8
Gm44261,1.796731459,0.903510447,1.375181683,0.657011694,0.511173398,NA,2.1,2.2
Gm44264,0.094504815,1.155663995,3.024778096,0.382065712,0.702412624,NA,0.1,3.3
Gm44280,0.529010427,-1.903060684,2.976074518,-0.639453304,0.522528082,NA,0,1.7
Gm44380,0.029353866,1.126524066,3.026154283,0.372262602,0.70969734,NA,0,2.4
Gm44386,0.03251612,1.126524066,3.026154283,0.372262602,0.70969734,NA,2.5,2.7
Gm44401,1.718080887,-3.314774556,2.961488659,-1.119293348,0.263015013,NA,2,5.8
Gm44414,0,0,0,0,1,NA,0,3.1
Gm44416,0,0,0,0,1,NA,3.8,0
Gm44419,0.514437645,2.402355958,3.011249188,0.797793809,0.424990155,NA,0.4,0.2
Gm44430,0.156749302,-0.225078073,3.016484957,-0.07461601,0.940520235,NA,0,0.8
Gm44434,0.141177356,-0.092646123,3.020333381,-0.030674138,0.975529416,NA,0,4.6
Gm44440,0.561865803,3.546931019,3.002460672,1.181341375,0.237467137,NA,5.5,0
Gm44445,0.213908875,2.658314477,3.014680925,0.881789663,0.377890563,NA,0.5,1.9
Gm44448,0,0,0,0,1,NA,3,4.8
Gm44458,0.028848966,1.126524066,3.026154283,0.372262602,0.70969734,NA,4.1,3.8
Gm44469,0.299472425,2.926467015,3.011767199,0.971677696,0.331210916,NA,0.7,0
Gm44481,0,0,0,0,1,NA,2.2,0
Gm44509,0,0,0,0,1,NA,4.4,0
Gm44518,0.140466451,2.370369898,3.018420805,0.785301338,0.432276911,NA,0.5,0
Gm44521,0.251002334,0.568598658,3.022712168,0.188108767,0.850791389,NA,0.1,0.4
Gm44530,0.168559741,2.497824176,3.016680679,0.828004168,0.407668139,NA,0.6,2
Gm44541,0.028110203,1.126524066,3.026154283,0.372262602,0.70969734,NA,0,5.2
Gm44542,0,0,0,0,1,NA,3.5,0
Gm44549,0.811832955,-2.531702924,2.969207444,-0.852652761,0.393851895,NA,2.4,4
Gm44562,0,0,0,0,1,NA,0,4.3
Gm44589,0.417709998,2.29974452,3.015528413,0.762634008,0.445681697,NA,0.4,0.1
Gm44597,0,0,0,0,1,NA,3.7,0
Gm44616,1.206506287,-2.142089105,2.960366642,-0.723589124,0.46931802,NA,12,12.2
Gm4462,0.466027222,0.359192108,2.315634188,0.155116084,0.876729802,NA,0.4,0.8
Gm44640,0.224016132,0.849017881,3.020890893,0.28104884,0.77867294,NA,9.6,4.3
Gm44645,0.177442402,0.867129086,3.02477809,0.286675273,0.774360972,NA,7,0.3
Gm44646,0.446132276,0.948645726,2.996286347,0.316607165,0.751541698,NA,0.6,0.9
Gm44652,0.260631473,-0.885606296,2.995873998,-0.295608659,0.76752896,NA,0,0.9
Gm44659,0,0,0,0,1,NA,0,3.2
Gm44661,0.985648489,-0.139116794,2.963809969,-0.0469385,0.962562244,NA,0.4,1.6
Gm44664,0.478155016,-1.759332519,2.978107181,-0.590755273,0.554684408,NA,0,4.5
Gm44673,1.819374793,-3.684157202,2.962268579,-1.243694521,0.213612013,NA,1.5,13.5
Gm44697,0.470568629,-0.025705768,2.980916828,-0.008623444,0.993119573,NA,0.4,1.4
Gm44702,0.428613441,3.23919909,3.008471163,1.07669275,0.281617552,NA,1,0
Gm44703,0.18863783,0.909448824,3.02155532,0.300986984,0.76342442,NA,0.2,0.4
Gm44705,0.482489343,0.124315795,2.323959145,0.053493107,0.957339023,NA,0.3,0.8
Gm44709,0,0,0,0,1,NA,2.2,0
Gm44710,0,0,0,0,1,NA,7,0
Gm44737,0.169755231,0.477927626,3.022587999,0.158118681,0.874363281,NA,0.1,0.4
Gm44758,0,0,0,0,1,NA,1.6,2.6
Gm44768,1.580256185,0.382729213,0.965277677,0.396496492,0.691738795,NA,5.2,2.5
Gm4478,1.06643816,0.012589833,1.438627203,0.008751282,0.993017576,NA,0.6,5.3
Gm44788,0,0,0,0,1,NA,0,4.4
Gm44799,0.368074624,-0.142089797,3.007621072,-0.047243251,0.962319357,NA,0.1,0.6
Gm44800,0,0,0,0,1,NA,0,5.7
Gm44803,0.432949816,-0.401050273,2.350802273,-0.170601448,0.864537159,NA,0.2,1
Gm44837,0.280932901,2.888664355,3.012148004,0.959004787,0.337556334,NA,1,0
Gm44854,0.640374591,-2.191099703,2.972558457,-0.737109038,0.461056044,NA,0,7.7
Gm44860,0.444530577,-1.192102994,2.980753353,-0.399933457,0.689205529,NA,4.9,7
Gm44872,0.335575435,0.190205723,3.006600411,0.063262721,0.949557301,NA,0.2,0.6
Gm44876,0.337119482,3.039139384,3.010686203,1.00945073,0.31275852,NA,1.2,1.5
Gm44877,0.300029409,2.927924546,3.011752703,0.972166321,0.330967812,NA,0.7,0
Gm44878,0.952061256,0.040572756,2.958182016,0.013715436,0.989057008,NA,1,1.4
Gm44889,0,0,0,0,1,NA,0,3
Gm44891,0,0,0,0,1,NA,1.4,0
Gm44901,1.508373765,0.04195842,2.684429675,0.015630292,0.987529339,NA,7.4,6.9
Gm44907,0.114681741,1.757077678,3.023378513,0.581163645,0.561130167,NA,4.2,0.1
Gm44914,0,0,0,0,1,NA,4.6,0
Gm44917,0.331152587,0.134954184,3.016367822,0.044740626,0.964314051,NA,0.1,5.4
Gm44931,0,0,0,0,1,NA,0,5.3
Gm44938,0.839970383,0.131567524,1.74176557,0.075536873,0.939787561,NA,0.5,1.3
Gm44950,0.385035975,3.139093203,3.009791582,1.042960324,0.296966669,NA,0.9,3
Gm44951,0.104733088,0.867129086,3.02477809,0.286675273,0.774360972,NA,0.1,4.5
Gm44974,0.360506929,-1.331926893,2.98548358,-0.446134389,0.655500173,NA,0,0.9
Gm44981,0,0,0,0,1,NA,3.7,4.3
Gm44986,0,0,0,0,1,NA,0,2.8
Gm44996,0.836417127,-2.567304465,2.968900454,-0.864732417,0.387185673,NA,0,7.1
Gm45001,0.13150102,1.732734015,3.024778107,0.572846653,0.566748528,NA,0.1,11.2
Gm45014,0,0,0,0,1,NA,0,1.7
Gm45041,0.098967125,1.732734015,3.024778107,0.572846653,0.566748528,NA,2.3,2
Gm45049,0.385888016,1.868885241,3.013801284,0.62010898,0.53518604,NA,0.5,0.3
Gm45051,0.66797228,1.65645153,2.992122553,0.553604172,0.57984977,NA,7.5,3.9
Gm45059,0,0,0,0,1,NA,2.6,0
Gm45061,0,0,0,0,1,NA,0,5.5
Gm45069,0,0,0,0,1,NA,0,2.7
Gm45070,0.301524945,2.309783361,3.015404587,0.765994511,0.443679568,NA,0.4,3.3
Gm45072,0.432734487,-1.616928409,2.980328988,-0.542533531,0.587451015,NA,0,4.9
Gm45080,0.71584831,-2.351508279,2.970882231,-0.791518511,0.428641479,NA,0,8.5
Gm45088,1.345890293,-0.069025805,2.945737311,-0.023432437,0.981305331,NA,4.5,7.4
Gm45094,1.886558313,-1.637799777,2.946707422,-0.555806716,0.578342994,NA,0.7,9
Gm45095,0.300029409,2.927924546,3.011752703,0.972166321,0.330967812,NA,0.7,0
Gm4510,0.993892887,-1.408296015,2.887695361,-0.487688568,0.625770451,NA,6,6.3
Gm45112,0.260631473,-0.885606296,2.995873998,-0.295608659,0.76752896,NA,0,0.9
Gm45113,0.608581115,-0.018599259,1.843781422,-0.010087562,0.991951427,NA,0.5,3.7
Gm45140,0.389570338,-1.453652397,2.983158381,-0.487286363,0.626055411,NA,0,1.1
Gm45151,0.414587128,-0.058888006,2.986741844,-0.01971647,0.984269552,NA,0.3,0.7
Gm45155,0,0,0,0,1,NA,0,1.5
Gm45167,0.184293296,1.185110663,3.023314449,0.39199054,0.695065204,NA,0.2,0.3
Gm4518,1.310321201,-1.980894279,1.620582638,-1.22233463,0.221581109,NA,4.2,4
Gm45186,0,0,0,0,1,NA,0,2.1
Gm45188,0,0,0,0,1,NA,0,3.8
Gm45203,1.796375586,0.523035329,2.929779381,0.178523794,0.858311637,NA,1.1,9.2
Gm45206,1.331105701,3.710999119,2.981369614,1.244729638,0.213231148,NA,6.5,0.3
Gm45217,0.176342964,-0.36911727,3.011935838,-0.122551505,0.902462258,NA,0,0.9
Gm45240,0,0,0,0,1,NA,3.7,6
Gm4525,1.14284181,0.715403659,1.251439508,0.571664594,0.567549225,NA,1,5.4
Gm45251,0.721600459,-1.653231766,2.973782788,-0.555935616,0.578254869,NA,0.1,7.4
Gm45252,0.429333946,0.173763891,2.991289422,0.058089963,0.95367697,NA,0.3,0.9
Gm45285,0.457925877,-1.71073001,2.978841203,-0.574293792,0.56576901,NA,0,5
Gm45286,0.458908252,-1.701352082,2.978985674,-0.571117913,0.567919717,NA,0,1.6
Gm4529,0.771268491,-0.330251236,1.718634013,-0.192159141,0.84761755,NA,0.5,1.6
Gm45309,0.532974963,3.146709362,3.004504174,1.047330668,0.294947096,NA,3.1,0.1
Gm45319,1.758232337,0.13999963,1.665552326,0.084055978,0.933011925,NA,4.8,2.6
Gm45324,0,0,0,0,1,NA,0,1.3
Gm45338,0,0,0,0,1,NA,1.6,0
Gm45344,0.097015494,0.549454242,3.026154269,0.181568484,0.855921384,NA,0,5
Gm45352,0,0,0,0,1,NA,0,4.1
Gm45353,1.164960852,2.088018256,2.964393336,0.704366128,0.481204794,NA,2.5,0.7
Gm45354,0.626997206,-2.162039995,2.972882428,-0.727253784,0.467070504,NA,2.6,6.3
Gm45359,0.666074003,-2.247353087,2.971949436,-0.756188197,0.449536368,NA,0,7.4
Gm45363,0,0,0,0,1,NA,4.7,0
Gm45399,0,0,0,0,1,NA,2.3,1.4
Gm45405,0.550577208,-0.739560736,2.83097325,-0.261239041,0.793908173,NA,0.3,1.5
Gm45412,0,0,0,0,1,NA,0,3
Gm45416,0,0,0,0,1,NA,1.7,0
Gm45420,1.742455024,-2.401108594,1.403351104,-1.710982082,0.087084421,NA,0.4,5.3
Gm45427,0,0,0,0,1,NA,0,4.6
Gm45428,0.482249931,3.31510053,3.006875133,1.102506883,0.270241368,NA,0.5,3.8
Gm45445,0,0,0,0,1,NA,1.5,0
Gm45447,0.374530802,0.167723355,2.993031544,0.056037951,0.955311574,NA,0.3,0.6
Gm45453,0.940591975,-2.351569942,2.966658852,-0.792666114,0.427972378,NA,0.1,6.9
Gm45454,0.546699109,0.68092816,2.536260589,0.268477207,0.788332017,NA,4,4.2
Gm45456,0.110273189,0.816344452,3.024981091,0.269867621,0.787262098,NA,5.4,0.3
Gm45464,1.902570361,2.910327778,2.950340425,0.986437956,0.323918247,NA,4.6,3.7
Gm45471,0,0,0,0,1,NA,0,2.8
Gm45479,1.042525894,-2.884930098,2.966470861,-0.972512535,0.330795632,NA,4.1,8.2
Gm45493,0.086546897,0.549454242,3.026154269,0.181568484,0.855921384,NA,5,4.1
Gm45499,0.381151691,2.095390902,3.014514274,0.695100673,0.486992213,NA,0.4,0.2
Gm45508,0,0,0,0,1,NA,0,2.2
Gm45515,0.144244829,-0.10051636,3.020101402,-0.033282445,0.973449352,NA,0,0.5
Gm45518,0.247908397,-0.795612825,2.998380435,-0.265347524,0.790741757,NA,0,7.6
Gm45528,0,0,0,0,1,NA,0,1.7
Gm45548,0.754887029,-0.628434136,2.964010814,-0.212021539,0.83209023,NA,0.5,5.2
Gm45552,1.276456219,4.595856867,2.981045762,1.541692827,0.123148256,NA,1.8,0
Gm4556,0.33509691,0.174876484,2.997493933,0.058340897,0.953477092,NA,0.3,0.8
Gm45572,1.256613409,1.780451437,2.693578209,0.660998604,0.508613209,NA,1.7,1
Gm45591,0,0,0,0,1,NA,0,3
Gm45592,1.643152696,-3.543202796,2.96285175,-1.19587583,0.231745018,NA,0,7
Gm45594,0,0,0,0,1,NA,0,1.5
Gm45607,0.104074063,0.152429095,3.023295467,0.050418193,0.959789139,NA,0,0.5
Gm45609,0.309212233,-1.13395995,2.989704294,-0.37928833,0.704473764,NA,0,1.1
Gm45615,0.112373161,2.223747084,3.020603431,0.736192994,0.461613255,NA,0.4,1.9
Gm45620,0,0,0,0,1,NA,2.1,7.6
Gm45628,1.441759051,-3.35000093,2.963749247,-1.130325358,0.258339153,NA,0,4.3
Gm45629,0.510708554,-1.841200507,2.976924831,-0.618490762,0.536251885,NA,4.1,5.4
Gm45632,0,0,0,0,1,NA,3.5,0
Gm45633,0.019593663,1.126524066,3.026154283,0.372262602,0.70969734,NA,5.2,0.1
Gm45643,0,0,0,0,1,NA,0,2.5
Gm45644,0.030032649,1.126524066,3.026154283,0.372262602,0.70969734,NA,3,3.4
Gm45651,0.208043325,1.798086504,3.018352849,0.595717795,0.551363768,NA,0.4,0.2
Gm45660,0.0894619,2.059658844,3.023202765,0.681283726,0.495691979,NA,0.2,2.8
Gm45662,0,0,0,0,1,NA,5.5,0
Gm45669,0.080112651,0.837989154,3.026154276,0.276915543,0.781844958,NA,2,0.2
Gm45684,0.156749302,-0.225078073,3.016484957,-0.07461601,0.940520235,NA,0,0.8
Gm45687,0,0,0,0,1,NA,0,2.7
Gm45693,0,0,0,0,1,NA,0,1.5
Gm45694,0.982728129,-0.949292198,2.957339627,-0.320995326,0.748213933,NA,4.7,3
Gm45719,0.095064889,0.549454242,3.026154269,0.181568484,0.855921384,NA,1.9,7.3
Gm45722,0.429131233,-0.3565326,2.374706122,-0.150137567,0.880656082,NA,0.3,1.1
Gm45733,0.194696089,1.352938617,3.020684569,0.447891392,0.654231581,NA,0.3,0.3
Gm45735,0,0,0,0,1,NA,2.8,0
Gm45738,0.957726382,-1.146860879,2.962066954,-0.387182632,0.698621007,NA,0.3,7.3
Gm45743,0,0,0,0,1,NA,4.5,0
Gm45745,0.908960032,-2.686892269,2.967922719,-0.905310725,0.365300796,NA,7.4,9.4
Gm45758,0,0,0,0,1,NA,1.3,0
Gm45760,0.13419285,2.319821187,3.019150689,0.768368798,0.442268112,NA,3.7,2.3
Gm45768,0.186882577,-0.429173497,3.009974329,-0.142583773,0.886618914,NA,0,0.8
Gm45772,1.021794245,-0.446247704,1.709863108,-0.260984462,0.79410449,NA,0.7,2.2
Gm45774,0,0,0,0,1,NA,0,1.8
Gm45795,0.9055568,2.104999687,2.050507456,1.026574998,0.304620632,NA,1,0.5
Gm45799,0.200281627,-0.300003239,3.014166614,-0.099531073,0.920716617,NA,0,3.1
Gm45807,0.19443492,2.059658844,3.023202765,0.681283726,0.495691979,NA,0.2,3
Gm45820,1.070208902,-2.92061585,2.96622969,-0.984622283,0.32480964,NA,2,3.4
Gm45824,0,0,0,0,1,NA,0,2.6
Gm45856,1.699496435,-1.012650812,2.147043889,-0.471648864,0.637177442,NA,0.9,9.4
Gm45857,0,0,0,0,1,NA,4.1,3.6
Gm45860,0.277889644,-0.548882752,2.996621245,-0.18316721,0.854666822,NA,2.8,0.8
Gm45861,0,0,0,0,1,NA,0,4.6
Gm45872,0.086877158,0.549454242,3.026154269,0.181568484,0.855921384,NA,0,4.2
Gm45874,0.381536876,0.909802486,3.021254838,0.301133977,0.763312333,NA,0.2,0.4
Gm45880,0.431150962,-0.553941404,2.994863669,-0.184963813,0.853257419,NA,0.1,0.9
Gm45893,0.165822876,1.444198905,3.024778102,0.477456149,0.633037339,NA,0.1,3.3
Gm45897,1.089266273,3.72833085,2.986408903,1.248432807,0.211872601,NA,2.6,3
Gm45912,0,0,0,0,1,NA,6.2,0
Gm4602,0.107223617,0.155442793,3.023319058,0.051414617,0.958995137,NA,0,0.5
Gm4607,0.62275736,0.278959962,2.197613562,0.126937678,0.898989725,NA,0.4,0.9
Gm4609,0.505501648,0.600541245,2.288164926,0.262455402,0.792970365,NA,0.4,0.8
Gm46142,0.301440922,2.343106903,3.014999205,0.77715009,0.437070225,NA,0.5,0.1
Gm4617,0.924303055,1.658204554,2.55395762,0.649268626,0.516164761,NA,0.8,0.7
Gm46194,0.628587045,1.454702556,2.208284785,0.658747715,0.510057787,NA,0.5,0.5
Gm46203,0.618704508,-1.01928637,2.185889872,-0.466302709,0.64099884,NA,2.8,1.5
Gm46209,0.404750256,0.391538314,2.188303085,0.178923256,0.857997962,NA,0.4,0.8
Gm46218,0.745780332,-2.410598954,2.970309953,-0.811564784,0.417041406,NA,3.1,9.2
Gm46224,0.471493053,1.416354904,3.004275211,0.471446457,0.637321947,NA,1.1,2.8
Gm46311,0.410956446,0.843223622,3.003542972,0.280742986,0.778907536,NA,0.4,0.6
Gm4632,0,0,0,0,1,NA,0,2.9
Gm46344,1.352114131,-0.584497767,1.230846043,-0.474874799,0.634876215,NA,1,2.9
Gm46350,0,0,0,0,1,NA,4.1,3.7
Gm46367,0.771588893,-1.940158492,2.970437205,-0.653155869,0.513655798,NA,2.3,11.5
Gm46378,0.344598164,0.502815636,3.01594535,0.166719081,0.867591092,NA,0.2,2.8
Gm46379,0.145194726,0.546228681,3.023153347,0.180681765,0.856617373,NA,0.1,0.4
Gm46388,0.280045771,0.568598658,3.022712168,0.188108767,0.850791389,NA,0.1,0.4
Gm46404,0,0,0,0,1,NA,2.5,3.5
Gm46415,0.301575534,0.593334259,3.018710649,0.196552213,0.844177969,NA,2.5,0.5
Gm46424,0.851857009,-0.868678973,1.349410798,-0.643746866,0.519739594,NA,0.5,2.1
Gm46432,0.487898866,-1.44627294,2.977612064,-0.485715704,0.627168748,NA,0.1,5.1
Gm46440,0.402578549,3.176104833,3.009474897,1.055368442,0.29125685,NA,0.9,2.3
Gm46447,0.576791136,3.236445168,3.002850587,1.077790944,0.281127062,NA,1.3,0.1
Gm46496,0.293842815,0.507910678,3.016091591,0.168400283,0.866268385,NA,0.2,3.9
Gm46506,0.276928505,0.836284033,2.990204852,0.279674496,0.779727247,NA,0.3,4.8
Gm46516,0.224746321,2.712104267,3.014055364,0.899818994,0.368216584,NA,0.8,4.4
Gm46522,0.172626069,-0.311048824,3.013834444,-0.103207004,0.917798681,NA,4.5,0.6
Gm46525,0,0,0,0,1,NA,0,2.2
Gm46546,1.299895014,0.099727576,2.443145963,0.040819328,0.967439931,NA,1.2,2.1
Gm46555,1.445214679,-3.35619588,2.963718571,-1.13242732,0.257454824,NA,0,5.4
Gm46563,0,0,0,0,1,NA,4,3.2
Gm46578,1.610886112,-2.148731724,2.078159404,-1.03395905,0.301155307,NA,4.2,5.5
Gm46593,0,0,0,0,1,NA,0,1.9
Gm46611,1.160698265,-0.364023635,1.864416187,-0.195248055,0.84519876,NA,0.8,6.2
Gm4691,1.301646859,0.91912397,1.966550749,0.467378719,0.640228945,NA,8.3,1.6
Gm47003,0.52503521,3.450976744,3.004207245,1.148714607,0.250673681,NA,1.1,2.3
Gm47004,0.338006344,-1.2501817,2.98715744,-0.418518851,0.675567807,NA,2.4,4.9
Gm47006,0,0,0,0,1,NA,0,3.2
Gm47016,0,0,0,0,1,NA,2.3,0
Gm47018,0,0,0,0,1,NA,0,3.1
Gm47025,0.097968313,0.194508577,3.023628819,0.064329515,0.948707852,NA,0,0.5
Gm47026,0.196938006,-0.485081762,3.008217965,-0.161252199,0.87189477,NA,0,0.7
Gm47048,0.283821827,1.997375015,3.015700347,0.662325425,0.507762686,NA,0.4,0.2
Gm47055,0.124239784,0.571108091,3.023365133,0.188898154,0.850172641,NA,0.1,0.4
Gm47061,0,0,0,0,1,NA,1.8,0
Gm47073,0,0,0,0,1,NA,3.4,0
Gm47075,0.814879015,-2.137939147,2.968487095,-0.720211704,0.471394659,NA,0.1,8.1
Gm4708,0.198006517,-0.48924328,3.008089849,-0.162642509,0.870799915,NA,3.7,0.7
Gm47091,0.212268206,-0.593971629,3.004586218,-0.197688329,0.843288922,NA,0,0.8
Gm47096,0.02809329,1.681949511,3.024981108,0.55601984,0.578197292,NA,0.1,1.9
Gm47098,0.663187747,0.220569724,1.683779959,0.130996763,0.895777868,NA,0.5,1
Gm47112,0.028110203,1.126524066,3.026154283,0.372262602,0.70969734,NA,4.2,0.1
Gm47120,0,0,0,0,1,NA,4.4,0
Gm47140,0,0,0,0,1,NA,0,2.6
Gm47159,0.213908875,2.658314477,3.014680925,0.881789663,0.377890563,NA,0.5,0
Gm47168,0,0,0,0,1,NA,3.6,0
Gm47171,0,0,0,0,1,NA,2.7,0
Gm47175,0.124888875,0.011098855,3.022236547,0.003672398,0.997069857,NA,0,0.6
Gm47184,0.234612394,-0.11850786,3.00836678,-0.039392756,0.968577255,NA,0.1,0.6
Gm47196,0.5133813,3.435244675,3.004504194,1.143364913,0.252887114,NA,1.2,0
Gm47201,0.568498455,-0.007910107,2.232400128,-0.00354332,0.997172846,NA,0.3,1
Gm47206,0.608140105,-2.107508349,2.973508139,-0.708761588,0.478472439,NA,0,6.6
Gm47207,0,0,0,0,1,NA,0,1.5
Gm47215,0,0,0,0,1,NA,4.4,0
Gm47230,0,0,0,0,1,NA,0,3.7
Gm47232,0.261091558,-0.887875945,2.995812765,-0.296372308,0.766945771,NA,0,4.4
Gm47236,0.46249228,1.763646727,2.930312612,0.601862996,0.547265338,NA,0.6,0.4
Gm47255,0,0,0,0,1,NA,0,2.3
Gm47257,0.286099187,1.824978276,3.014303009,0.605439556,0.544886975,NA,0.5,0.3
Gm47259,0,0,0,0,1,NA,3.7,0
Gm47275,0,0,0,0,1,NA,1.9,0
Gm47284,0,0,0,0,1,NA,1.4,0
Gm47320,0,0,0,0,1,NA,0,1.6
Gm47321,0.475311754,2.306612422,3.009507764,0.766441758,0.443413494,NA,0.9,0.3
Gm47331,0,0,0,0,1,NA,0,5.6
Gm47339,0,0,0,0,1,NA,0,2.3
Gm4735,0.117264799,1.444198905,3.024778102,0.477456149,0.633037339,NA,0.1,1.8
Gm4737,0.945315298,-1.178941953,2.109307039,-0.558923822,0.576213711,NA,0.7,2.2
Gm47372,0.140551015,-0.07502764,3.020789946,-0.024837093,0.980184905,NA,1.6,0.5
Gm47388,0.383003819,-1.42986145,2.983597734,-0.479240694,0.631767407,NA,0,1.1
Gm4739,0.773024909,0.534982417,1.933992652,0.276620708,0.782071362,NA,0.5,1
Gm47392,0.141661941,0.211038275,3.023762114,0.06979328,0.944358196,NA,0,6
Gm47395,0.22841815,2.318867288,3.015293222,0.769035419,0.441872284,NA,0.5,0.1
Gm47399,0.085179459,0.549454242,3.026154269,0.181568484,0.855921384,NA,3.3,0.3
Gm47401,0,0,0,0,1,NA,0,3.5
Gm47402,0.630939114,1.193949889,1.711693316,0.697525589,0.485473931,NA,0.6,0.7
Gm47418,0.028848966,1.126524066,3.026154283,0.372262602,0.70969734,NA,2.5,0.1
Gm4742,0.28525654,1.052861341,3.017695401,0.34889583,0.727167516,NA,0.3,0.4
Gm47424,0.080112651,0.837989154,3.026154276,0.276915543,0.781844958,NA,0,3.4
Gm47432,0,0,0,0,1,NA,0,1.7
Gm47438,1.600712164,-3.213071751,2.796815137,-1.148832366,0.250625111,NA,17.4,6.6
Gm47447,0.078732918,0.549454242,3.026154269,0.181568484,0.855921384,NA,0,3.7
Gm47460,0.13006448,0.211038275,3.023762114,0.06979328,0.944358196,NA,0,2.6
Gm47464,0,0,0,0,1,NA,4.3,0
Gm47481,0.623802222,1.541241394,2.225547023,0.692522502,0.48860926,NA,0.8,0.6
Gm47482,0,0,0,0,1,NA,0,2.3
Gm47484,1.849955967,5.118786082,2.97368493,1.721361275,0.085185287,NA,1.7,0
Gm47496,1.388364481,-1.508110379,1.703630642,-0.885233185,0.376030878,NA,2.9,11.7
Gm47505,0.793151431,0.654453419,1.632010005,0.401010666,0.688412271,NA,0.7,1.2
Gm47513,0,0,0,0,1,NA,0,4
Gm47518,0,0,0,0,1,NA,2.9,0
Gm47523,0,0,0,0,1,NA,0,1.7
Gm47526,0,0,0,0,1,NA,0,2.6
Gm47536,0.201653121,-0.495637203,3.007893699,-0.164778829,0.869118068,NA,0,0.6
Gm47538,0.379921946,0.593977757,3.018425432,0.196783976,0.843996591,NA,0.2,0.5
Gm4754,1.847897845,-0.956768293,1.102796072,-0.86758406,0.385622076,NA,1,4.6
Gm47551,0,0,0,0,1,NA,0,3.5
Gm47553,0.257692242,0.913819941,3.015502094,0.303040725,0.761858826,NA,0.4,0.5
Gm47565,1.040077511,-2.882118724,2.966490114,-0.971558513,0.33127023,NA,1.8,7.2
Gm47584,0.099706314,0.549454242,3.026154269,0.181568484,0.855921384,NA,0,3.8
Gm47593,0.666184532,-2.248876484,2.971933269,-0.756704906,0.449226675,NA,0,7
Gm4760,1.176669369,1.218630928,1.655636206,0.736049939,0.461700307,NA,1.1,1.2
Gm47617,0.225969276,-0.703641935,3.001105657,-0.234460901,0.814627184,NA,0,1.1
Gm47638,0.518360557,-0.98617866,2.876898243,-0.342792333,0.731754694,NA,4.1,5.2
Gm47639,0.744633979,3.363017878,3.000602184,1.120780987,0.262381099,NA,4.8,0.1
Gm47640,0.490170843,3.383054741,3.005511392,1.125617008,0.260327666,NA,1.1,3.5
Gm47648,1.719092827,-2.084897634,2.954707308,-0.705619006,0.480425101,NA,0.3,4.4
Gm47659,0,0,0,0,1,NA,2.9,0
Gm47665,0.26418479,-0.904111198,2.99537739,-0.301835489,0.762777476,NA,0,6.8
Gm47666,0,0,0,0,1,NA,0,3.7
Gm47680,0,0,0,0,1,NA,0,2.8
Gm47689,0,0,0,0,1,NA,0,1.7
Gm47692,0.130128579,0.086403863,3.022789348,0.02858415,0.977196254,NA,0,0.5
Gm47693,0,0,0,0,1,NA,0,4.2
Gm47713,0.450654242,-1.689713193,2.979166274,-0.567176531,0.570594251,NA,0,7.6
Gm47727,0.391524006,1.551596787,2.725482395,0.569292537,0.569157631,NA,0.5,9.1
Gm47740,0.274620236,1.185640751,3.023307809,0.392166735,0.694935021,NA,0.2,0.3
Gm47743,0.328407248,0.019802848,3.004808167,0.006590387,0.99474167,NA,0.2,0.8
Gm47754,0,0,0,0,1,NA,6.9,0
Gm47769,0.47402876,-1.746239256,2.978302519,-0.58632031,0.557660285,NA,0,1.6
Gm47790,0,0,0,0,1,NA,0,2.2
Gm47794,0.783746508,-2.48182958,2.969650367,-0.835731239,0.403306117,NA,0,12.2
Gm47801,0,0,0,0,1,NA,0,3.4
Gm47806,1.777570437,-0.734560602,2.913226915,-0.252146717,0.800927661,NA,4.5,12.3
Gm47815,0,0,0,0,1,NA,2.6,0
Gm47816,0.476798541,0.747115951,3.007321074,0.248432386,0.803799878,NA,0.3,0.7
Gm47829,0.318473663,1.103755991,3.017855711,0.365741804,0.714557749,NA,0.3,0.4
Gm47830,0.337119482,3.039139384,3.010686203,1.00945073,0.31275852,NA,1.2,0
Gm47841,0,0,0,0,1,NA,3.6,0
Gm47844,0.092477087,0.300496751,3.024507075,0.099353959,0.920857238,NA,0,3.8
Gm47852,0.494667087,1.649939612,3.016449637,0.546980659,0.584392019,NA,3.3,0.3
Gm47856,0.774994667,-1.937168511,2.970468775,-0.652142358,0.514309341,NA,4.2,2
Gm47857,0.757363026,-1.837503906,2.971559047,-0.618363585,0.536335696,NA,0.1,2.8
Gm4786,0.376565036,-0.673540329,2.991730765,-0.225134005,0.821875028,NA,0.1,1
Gm47861,0.309059553,1.442422974,3.01323104,0.478696441,0.632154598,NA,0.5,0.4
Gm47863,0.224881624,-0.675426784,3.001976468,-0.22499403,0.821983919,NA,2.6,0.8
Gm47870,0,0,0,0,1,NA,0,3.7
Gm47872,0,0,0,0,1,NA,0,4.1
Gm47878,0.287785258,0.270750966,3.020080461,0.089650249,0.928565152,NA,0.1,0.5
Gm47879,0.43796147,3.261510851,3.00799383,1.084281097,0.278240184,NA,1,0
Gm47882,0.273807091,-0.392688331,2.999512865,-0.130917368,0.895840675,NA,0.1,0.8
Gm47884,0.478663302,-1.767451583,2.977986932,-0.593505487,0.552842912,NA,0,2
Gm47885,0.47881349,-0.296018366,2.597735229,-0.113952478,0.909275465,NA,0.3,1.1
Gm47909,0.028110203,1.126524066,3.026154283,0.372262602,0.70969734,NA,0,10.1
Gm47921,0,0,0,0,1,NA,1.4,0
Gm47935,0.267403008,-0.492722207,2.998243272,-0.164336967,0.869465881,NA,0.1,0.8
Gm47956,0.42781775,3.237277989,3.008512586,1.076039371,0.281909649,NA,1,0
Gm47969,0.486087299,3.323250921,3.006708372,1.105278767,0.269038816,NA,0.5,0
Gm47976,0.379126183,-1.434275338,2.983515671,-0.480733301,0.63070606,NA,6.8,5.5
Gm47986,1.53036959,-0.205517286,1.011911342,-0.203098115,0.839058345,NA,1.1,2.9
Gm47992,0.308988997,-0.592519256,2.993825074,-0.197913786,0.843112518,NA,0.1,1
Gm47993,0.243553719,-0.805877019,2.99808674,-0.268797099,0.788085826,NA,0,1.1
Gm48018,0,0,0,0,1,NA,0,3
Gm4802,0.268355764,1.297521143,3.015400948,0.430298048,0.666978847,NA,0.4,0.4
Gm48024,0.28110203,-0.996701956,2.992984548,-0.33301273,0.739124674,NA,0,1
Gm4804,1.41794544,1.012004329,1.1690399,0.865671333,0.386670425,NA,1.5,1.8
Gm48045,1.363896622,-2.851166888,2.963302195,-0.962158666,0.335969908,NA,4.6,15.8
Gm48059,0.209078757,0.867129086,3.02477809,0.286675273,0.774360972,NA,0.1,2.5
Gm4806,0,0,0,0,1,NA,0,3.1
Gm48065,0,0,0,0,1,NA,2.2,2.9
Gm48067,0.436597866,1.73502718,3.019264236,0.574652314,0.565526464,NA,0.3,0.2
Gm48068,0.450749302,0.906384,3.007698825,0.301354641,0.763144079,NA,0.3,0.7
Gm48069,0,0,0,0,1,NA,0,1.7
Gm48088,0.506227513,-0.505392051,2.545603518,-0.198535258,0.842626302,NA,0.2,1.3
Gm48089,0.096449986,1.732734015,3.024778107,0.572846653,0.566748528,NA,0.1,3
Gm48100,0.019593663,1.126524066,3.026154283,0.372262602,0.70969734,NA,4.3,0.1
Gm48104,0,0,0,0,1,NA,0,4.7
Gm48106,0.532650482,0.141892198,2.030095338,0.069894352,0.944277748,NA,0.4,1.1
Gm4811,0.072572446,0.837989154,3.026154276,0.276915543,0.781844958,NA,0,3.6
Gm48122,0.407269223,1.833309869,2.660502565,0.689084045,0.49077038,NA,0.5,0.3
Gm48127,0,0,0,0,1,NA,4.1,0
Gm48133,0,0,0,0,1,NA,0,1.9
Gm48137,0,0,0,0,1,NA,2,3.8
Gm48194,1.566800531,4.588174472,2.976770155,1.541326415,0.123237363,NA,4.2,7.2
Gm48200,0.2588656,-0.301818728,3.002366425,-0.100526946,0.919925991,NA,0.1,0.8
Gm48201,0.502847668,-0.259564768,2.272699448,-0.114209896,0.909071407,NA,0.2,1
Gm48207,0.492040449,3.38705244,3.005433025,1.126976516,0.25975241,NA,4.1,0
Gm4821,0.130484434,0.005065525,3.022187876,0.001676112,0.998662657,NA,2.2,0.6
Gm48229,0.429254713,0.275540035,3.007996192,0.091602521,0.927013848,NA,2.7,0.6
Gm4823,0.731367177,-0.096892544,1.771945908,-0.054681434,0.95639226,NA,0.5,1.6
Gm48235,0.154549616,0.609377264,3.023055072,0.201576633,0.840247714,NA,0.1,0.4
Gm4824,1.868681041,-2.279140578,1.579616249,-1.442844475,0.149064287,NA,0.5,5.2
Gm48249,0.556163075,3.523006605,3.002885945,1.173206931,0.240712833,NA,1.3,0
Gm4825,0.563649462,0.393301322,2.005104248,0.196150062,0.844492714,NA,0.5,1
Gm48258,0.318005766,2.218370668,3.016561957,0.735397018,0.462097737,NA,0.4,0.1
Gm48259,1.377501237,-3.285458657,2.96407678,-1.108425625,0.267678043,NA,0,4.4
Gm48261,0.08291767,1.444198905,3.024778102,0.477456149,0.633037339,NA,3,0.1
Gm48265,0.320450604,-1.159492877,2.989127301,-0.387903478,0.698087464,NA,0,3.3
Gm48272,0.250339203,1.766098831,3.01881064,0.585031339,0.558526645,NA,3.6,0.2
Gm48283,0,0,0,0,1,NA,0,4.2
Gm48284,0,0,0,0,1,NA,0,2.2
Gm48286,0.16670897,2.031286019,3.019150671,0.672800479,0.501074233,NA,2.6,0.1
Gm48293,0,0,0,0,1,NA,2.8,0
Gm48296,0.057697932,0.837989154,3.026154276,0.276915543,0.781844958,NA,0,2.6
Gm48311,0.371213253,2.749669745,3.010694835,0.913300715,0.361084406,NA,0.8,3.6
Gm48320,0.345165741,1.73271375,3.015404548,0.57462066,0.565547877,NA,0.4,0.3
Gm4833,1.052198828,0.740695717,1.323901335,0.559479545,0.575834487,NA,1.2,1.4
Gm48336,0.156749302,-0.225078073,3.016484957,-0.07461601,0.940520235,NA,0,0.8
Gm4835,0.093629237,1.155663995,3.024778096,0.382065712,0.702412624,NA,2.3,0.2
Gm48353,0.346950404,0.735999584,3.009237331,0.244580106,0.80678157,NA,0.3,0.6
Gm48361,0.180195894,-0.362232239,3.012165797,-0.120256408,0.904280035,NA,0,0.6
Gm48376,0.401471028,2.039764043,3.011978535,0.677217324,0.498268078,NA,0.6,0.3
Gm48380,0.689003762,1.111966723,1.643768905,0.676473876,0.498739827,NA,0.8,0.8
Gm48381,0.369858417,-0.36708885,2.989961936,-0.122773754,0.902286259,NA,5,5.9
Gm48383,0.966930888,-1.161328843,2.961913596,-0.392087347,0.694993676,NA,0.3,8.3
Gm48385,0.160807926,-0.145216042,3.018806075,-0.0481038,0.961633518,NA,0,0.5
Gm48395,0,0,0,0,1,NA,0,3.5
Gm48398,0.317338623,-1.169718695,2.988899027,-0.39135437,0.695535316,NA,0,1.1
Gm48405,0.649521748,-2.202923037,2.972428488,-0.741118936,0.458621329,NA,0,5.6
Gm48430,0.299472425,2.926467015,3.011767199,0.971677696,0.331210916,NA,0.7,0
Gm48434,0.10916038,0.250923844,3.024089298,0.082975011,0.933871409,NA,4.4,0.4
Gm48438,0.057808018,0.837989154,3.026154276,0.276915543,0.781844958,NA,1.8,0.2
Gm48439,0,0,0,0,1,NA,0,4.9
Gm48442,0.233614829,1.766098831,3.01881064,0.585031339,0.558526645,NA,2.7,0.2
Gm48452,0.515986154,3.08827009,3.005634286,1.027493632,0.304188082,NA,4.8,0.1
Gm48471,0.351350079,0.658587218,3.019467769,0.218113677,0.827340541,NA,0.2,0.5
Gm48492,0,0,0,0,1,NA,1.6,0
Gm48502,0,0,0,0,1,NA,0,4.1
Gm48511,0.527455934,3.098517138,3.005433004,1.030971954,0.302553972,NA,1.1,0.1
Gm48525,0,0,0,0,1,NA,3,0
Gm4853,0.165148197,1.018395266,3.024208921,0.336747656,0.736307135,NA,0.2,0.3
Gm48532,0.421399352,3.236309183,3.008533494,1.075709873,0.282057031,NA,1.5,0
Gm48537,0.821221348,0.541076223,1.511615605,0.357945645,0.720383991,NA,0.6,1.2
Gm48545,0.115395863,0.211038275,3.023762114,0.06979328,0.944358196,NA,0,2.7
Gm48556,0.10069988,1.155663995,3.024778096,0.382065712,0.702412624,NA,3.4,0.2
Gm48557,1.888116569,-0.337801462,1.297352189,-0.260377609,0.794572513,NA,1.6,3.9
Gm48558,0,0,0,0,1,NA,0,7.2
Gm48563,0.184804438,1.716403464,3.019540388,0.568432027,0.569741648,NA,0.3,0.2
Gm48565,1.560071905,1.464094106,2.937542501,0.498407804,0.618196638,NA,7.8,4.3
Gm48574,0.042781775,1.732734015,3.024778107,0.572846653,0.566748528,NA,0.1,1.6
Gm48584,0,0,0,0,1,NA,2.1,0
Gm48591,0,0,0,0,1,NA,1.3,3.4
Gm48606,0,0,0,0,1,NA,1.8,0
Gm48620,0.619791319,1.050538338,2.008302689,0.523097611,0.600906328,NA,0.6,2.8
Gm48621,1.812365694,4.491851334,2.974279588,1.510231705,0.130984311,NA,11.3,4.7
Gm48632,0.084330609,0.549454242,3.026154269,0.181568484,0.855921384,NA,0,3.9
Gm48639,0.413910148,2.690890189,3.011249208,0.893612585,0.37152921,NA,0.4,0.1
Gm48653,0.420156917,-1.557337468,2.981325122,-0.522364185,0.601416787,NA,0,1.1
Gm48655,0.060065298,0.837989154,3.026154276,0.276915543,0.781844958,NA,2.8,4.8
Gm48657,0.604679263,-0.188479566,2.810490526,-0.067062872,0.946531651,NA,0.5,1.2
Gm4866,0.809807166,1.758029144,2.118910291,0.8296855,0.406716622,NA,2,0.7
Gm48677,0,0,0,0,1,NA,0,2.5
Gm48699,0,0,0,0,1,NA,0,3.3
Gm48701,0.03251612,1.126524066,3.026154283,0.372262602,0.70969734,NA,0,2.9
Gm48705,0.504463152,0.696791869,2.09586117,0.33246089,0.739541267,NA,0.5,0.7
Gm48714,0.147380005,1.482589763,3.023202719,0.490403688,0.623848268,NA,0.2,3
Gm48718,0,0,0,0,1,NA,0,3.8
Gm48719,0.25669065,2.801149133,3.013066237,0.929667293,0.352543374,NA,0.6,2.6
Gm48731,0.224881624,-0.675426784,3.001976468,-0.22499403,0.821983919,NA,0,3.6
Gm48734,0.915851754,-2.704369357,2.967786463,-0.91124122,0.36216829,NA,0,15.2
Gm48735,1.392200712,-2.446284596,2.377834438,-1.028786764,0.303579888,NA,0.2,4.1
Gm48740,0,0,0,0,1,NA,3.1,0
Gm48755,0,0,0,0,1,NA,0,3.7
Gm48761,1.567649599,-1.495698182,2.949212935,-0.507151642,0.612048423,NA,0.8,4.7
Gm48768,1.952187985,0.946304782,2.019363915,0.468615278,0.639344655,NA,3.2,7.4
Gm4877,0.289252684,0.123932003,3.004514229,0.041248599,0.96709771,NA,0.2,0.7
Gm48770,0,0,0,0,1,NA,0,2.6
Gm48772,0.176342964,-0.36911727,3.011935838,-0.122551505,0.902462258,NA,0,0.9
Gm48780,0.145703688,-0.138707553,3.018992352,-0.045944983,0.963354101,NA,5.8,0.7
Gm4880,0,0,0,0,1,NA,4.7,0
Gm48805,0,0,0,0,1,NA,5,0
Gm48808,0.541216083,-1.939828651,2.975585981,-0.651914837,0.514456113,NA,1.7,1.9
Gm48809,1.850691711,3.341309354,2.965537468,1.126712911,0.259863882,NA,1.3,13
Gm4881,0,0,0,0,1,NA,2.4,0
Gm48824,0,0,0,0,1,NA,3.1,0
Gm4883,0.435659021,-0.179300346,2.637322903,-0.067985739,0.945796987,NA,0.2,0.9
Gm48832,0,0,0,0,1,NA,3.4,0
Gm48840,0.474391773,3.265946778,3.007899747,1.085789771,0.277572013,NA,0.9,0
Gm48845,0.058780988,0.549454242,3.026154269,0.181568484,0.855921384,NA,0,3.8
Gm48853,0,0,0,0,1,NA,2.5,0
Gm48857,0,0,0,0,1,NA,0,4.3
Gm48865,0,0,0,0,1,NA,0,4.4
Gm48870,0.035415485,1.126524066,3.026154283,0.372262602,0.70969734,NA,3.8,4.3
Gm48876,1.146226093,4.452956822,2.983553391,1.492501135,0.13556782,NA,2.1,7.2
Gm48883,0,0,0,0,1,NA,4.4,8.8
Gm4889,0.26994034,1.19405484,3.023202701,0.39496354,0.692869796,NA,0.2,0.3
Gm48890,0,0,0,0,1,NA,0,5.9
Gm48898,0.140466451,2.370369898,3.018420805,0.785301338,0.432276911,NA,5.4,3.2
Gm4890,1.735165084,-0.625785179,2.321380262,-0.26957461,0.787487536,NA,7.8,14.6
Gm48903,1.330974686,-3.236925332,2.964332872,-1.091957439,0.274851809,NA,0,4.8
Gm48905,1.179869032,-2.691187362,2.964253938,-0.907880167,0.363941537,NA,4.2,3.7
Gm48914,0,0,0,0,1,NA,3.1,2.2
Gm48939,0,0,0,0,1,NA,0,4.4
Gm48949,1.240519159,4.550378711,2.981817746,1.526041864,0.126999439,NA,1.5,7.1
Gm48953,1.630436617,-1.82050174,1.951413947,-0.932914179,0.350864281,NA,0.5,10.6
Gm48958,0.172977904,1.732734015,3.024778107,0.572846653,0.566748528,NA,0.1,1.5
Gm48960,0.307695856,-1.139736116,2.989572881,-0.381237107,0.703027317,NA,0,4.9
Gm48965,0.779795755,-1.672252432,2.968373997,-0.563356381,0.573192233,NA,0.3,8.9
Gm48974,0.640041785,-0.105729601,2.744361943,-0.038526114,0.969268211,NA,0.4,1.2
Gm48979,1.531031927,-2.723514097,2.960910441,-0.919823194,0.357665161,NA,4.6,12.5
Gm48994,0.375422837,-0.267777379,2.995766098,-0.089385276,0.928775725,NA,0.2,0.8
Gm49004,0,0,0,0,1,NA,1.4,4.2
Gm49025,0,0,0,0,1,NA,0,3.6
Gm49026,0,0,0,0,1,NA,0,2.3
Gm49064,0,0,0,0,1,NA,0,4.3
Gm49066,0.337119482,3.039139384,3.010686203,1.00945073,0.31275852,NA,1.2,0
Gm4909,0.209894847,0.464364363,3.018530206,0.153837905,0.877737546,NA,0.2,0.6
Gm49091,0.029353866,1.126524066,3.026154283,0.372262602,0.70969734,NA,1.6,0.1
Gm49119,0.676508462,-0.773553251,1.931229411,-0.400549643,0.688751727,NA,0.3,1.7
Gm49134,0.716599064,0.377604444,1.778418421,0.212325985,0.831852724,NA,0.5,1
Gm49138,1.2006204,-0.469571459,1.511098953,-0.310748319,0.755991961,NA,0.6,2.4
Gm49144,0,0,0,0,1,NA,0,4.6
Gm49157,0.241740212,1.776213001,3.018664893,0.58841013,0.55625704,NA,0.3,0.2
Gm49159,0.231685635,1.155663995,3.024778096,0.382065712,0.702412624,NA,4.5,3.7
Gm49174,0.385419897,0.909802486,3.021254838,0.301133977,0.763312333,NA,0.2,0.4
Gm49187,0.249817733,-0.216125392,3.005223722,-0.071916573,0.942668301,NA,0.1,0.6
Gm49194,0.03251612,1.126524066,3.026154283,0.372262602,0.70969734,NA,0,2.6
Gm49195,1.169459377,-3.050428063,2.965400844,-1.028673095,0.303633317,NA,4.4,9.3
Gm49201,1.360528397,3.154421683,2.977981053,1.059248406,0.289486665,NA,7.7,0.5
Gm49207,0.363043041,-0.505301599,2.989523412,-0.169024132,0.86577766,NA,0.2,1
Gm49216,0.270592564,-0.960134785,2.993911547,-0.320695776,0.748440949,NA,1.5,4.6
Gm49218,1.480418391,-2.54255974,1.75372327,-1.449806696,0.147112432,NA,3.2,4.5
Gm49228,0.028848966,1.126524066,3.026154283,0.372262602,0.70969734,NA,0,3.2
Gm49229,0.260490152,1.098303697,3.017011146,0.364037004,0.715830378,NA,0.3,0.4
Gm49238,0,0,0,0,1,NA,3.3,0
Gm49240,0.137155639,-0.07713362,3.02073704,-0.025534702,0.979628469,NA,2.5,0.7
Gm49244,0.710333803,-0.270854438,1.507975482,-0.179614617,0.857455129,NA,0.5,1.4
Gm4925,0.487846638,0.982132157,2.59014112,0.379180945,0.704553501,NA,0.8,0.7
Gm49258,0.748749168,3.195557501,2.998168695,1.065836458,0.286497577,NA,2,0.2
Gm49260,0.811777691,-2.53116996,2.969212097,-0.852471928,0.393952213,NA,0,8.3
Gm49265,0,0,0,0,1,NA,3.6,0
Gm49266,1.217339474,4.527506918,2.98221504,1.518169165,0.128971759,NA,1.9,0
Gm49270,0.811046081,-1.929084606,2.970554444,-0.649402205,0.516078439,NA,0.1,6.2
Gm4928,0.773919331,-0.418737529,1.896631188,-0.220779629,0.825264026,NA,0.5,1.6
Gm49308,0,0,0,0,1,NA,0,3.4
Gm49312,0.470599525,3.340420862,3.00635994,1.111118073,0.26651753,NA,1.1,0
Gm49331,0,0,0,0,1,NA,7.2,5.7
Gm49355,0,0,0,0,1,NA,4.2,0
Gm4936,0.719093029,0.537261384,1.953729339,0.27499274,0.783321816,NA,0.6,1.1
Gm49376,0,0,0,0,1,NA,5.8,3
Gm49396,0.114894311,1.306930515,3.024208925,0.43215616,0.66562792,NA,3.7,0.2
Gm49435,0.817662375,0.632125801,2.966123767,0.213115113,0.831237177,NA,1.1,4.4
Gm49446,0,0,0,0,1,NA,0,4.7
Gm49449,0,0,0,0,1,NA,1.3,0
Gm49454,0.671765322,0.140099254,2.984095253,0.046948653,0.962554151,NA,0.3,0.8
Gm49463,0.927636699,-2.717161895,2.967687764,-0.915582134,0.359886106,NA,0,7
Gm49477,0,0,0,0,1,NA,2,0
Gm49483,0,0,0,0,1,NA,2.4,0
Gm49484,0.700241533,-1.993202597,2.970620148,-0.670971884,0.502238441,NA,3.8,7.4
Gm49499,0,0,0,0,1,NA,2.1,0
Gm4950,0.748952008,-0.227281446,2.975729212,-0.076378403,0.939118051,NA,0.3,1.2
Gm49519,0,0,0,0,1,NA,0,2.2
Gm49520,0,0,0,0,1,NA,0,3.5
Gm49522,0,0,0,0,1,NA,2.8,0
Gm49524,0,0,0,0,1,NA,7.4,3
Gm49525,0,0,0,0,1,NA,0,1.4
Gm49526,0,0,0,0,1,NA,0,1.8
Gm4953,1.135950933,-0.751704826,1.293006873,-0.581361817,0.560996626,NA,4.2,6.7
Gm49534,0.02809329,1.681949511,3.024981108,0.55601984,0.578197292,NA,0.1,4.1
Gm49537,0.475652486,-0.380273906,2.076224536,-0.183156446,0.854675268,NA,0.2,1
Gm49548,0,0,0,0,1,NA,0,3.4
Gm49550,1.768610289,-2.326641227,1.778125623,-1.308479669,0.190710666,NA,0.5,4.6
Gm49558,0.318831855,1.052388412,3.017702622,0.348738277,0.727285806,NA,0.3,0.4
Gm49564,0.03251612,1.126524066,3.026154283,0.372262602,0.70969734,NA,0,4.1
Gm49570,0.253338318,1.16125013,3.017328399,0.384860372,0.700340867,NA,0.3,0.4
Gm49584,0.097968313,0.194508577,3.023628819,0.064329515,0.948707852,NA,4.8,3
Gm49586,0,0,0,0,1,NA,0,2
Gm49590,0.11583621,0.211038275,3.023762114,0.06979328,0.944358196,NA,0,4.3
Gm49594,0.4756019,-0.97418636,2.979811208,-0.326928886,0.743721672,NA,0.2,1.3
Gm4960,0.774185044,0.883174846,1.780855913,0.495927177,0.619945791,NA,0.6,0.9
Gm49616,0.418883487,-1.217006433,2.981419818,-0.408196935,0.683129098,NA,0.1,6.3
Gm49619,0.251395384,0.752622535,3.021559694,0.249084119,0.803295713,NA,0.2,0.4
Gm4962,1.166609519,4.457148762,2.983476338,1.493944733,0.135190065,NA,1.2,0
Gm4963,1.833342513,3.468703154,2.807763031,1.235397402,0.216682639,NA,6.9,0.5
Gm49634,0.332139938,2.095390873,3.014514274,0.695100664,0.486992219,NA,0.4,0.2
Gm49641,0.23622254,1.296777697,3.021577954,0.429172345,0.667797807,NA,0.3,0.3
Gm49662,0.363627431,-1.363115748,2.984869219,-0.4566752,0.647904519,NA,0,1.2
Gm4968,1.215226533,0.743642546,1.823958906,0.40770795,0.6834881,NA,1.6,6.4
Gm49684,0,0,0,0,1,NA,0,2.6
Gm49689,0.297847703,0.606707932,3.007797203,0.201711715,0.840142104,NA,0.4,0.6
Gm49694,0,0,0,0,1,NA,0,1.7
Gm49700,0.405639537,-0.567931381,2.99448387,-0.189659189,0.849576203,NA,2.6,4.4
Gm49701,0.069015378,0.837989154,3.026154276,0.276915543,0.781844958,NA,0,3.5
Gm49704,0.476865747,0.019043872,2.323830146,0.008195036,0.99346138,NA,0.4,1
Gm49707,1.765264757,-3.644422578,2.962427263,-1.230215041,0.218616589,NA,0,6
Gm49712,0,0,0,0,1,NA,0,2.8
Gm49713,0.258230963,1.185110663,3.023314449,0.39199054,0.695065204,NA,4.6,0.3
Gm49717,0.233141573,1.922544247,3.016657191,0.637309487,0.523923272,NA,5.4,0.2
Gm49720,0.12292821,1.762180987,3.023314479,0.582863939,0.559984898,NA,2.2,0.1
Gm49727,1.006640741,-1.172941743,2.957428074,-0.396608713,0.691656026,NA,0.8,5.9
Gm49733,1.123458102,-2.988644279,2.965786077,-1.0077073,0.313595,NA,4.6,3.2
Gm49736,0,0,0,0,1,NA,2.2,0
Gm4974,0.304591792,0.805511761,3.010370969,0.267578903,0.789023472,NA,0.4,0.6
Gm49741,0,0,0,0,1,NA,0,3.7
Gm49745,0.035415485,1.126524066,3.026154283,0.372262602,0.70969734,NA,0,4.4
Gm49752,0.063676157,1.444198905,3.024778102,0.477456149,0.633037339,NA,0.1,2.6
Gm49763,0.117415462,0.211038275,3.023762114,0.06979328,0.944358196,NA,0,4.3
Gm49767,1.241470552,0.837259283,1.21674559,0.688113678,0.491381198,NA,1.2,1.5
Gm4977,1.428649279,0.502910347,1.043962992,0.481731969,0.629996363,NA,1.5,2.1
Gm49817,0.160854885,1.444198905,3.024778102,0.477456149,0.633037339,NA,3.5,0.1
Gm49838,0.119781937,1.444198905,3.024778102,0.477456149,0.633037339,NA,0.1,5.2
Gm49848,0.075471811,0.837989154,3.026154276,0.276915543,0.781844958,NA,0,4.7
Gm4986,1.79759124,-0.220533208,1.349947289,-0.16336431,0.870231601,NA,1.5,4.2
Gm49866,0.06503224,0.837989154,3.026154276,0.276915543,0.781844958,NA,2,4.4
Gm49869,0.03251612,1.126524066,3.026154283,0.372262602,0.70969734,NA,2.7,1.7
Gm4987,0.910009155,-0.392123615,1.456814394,-0.269165116,0.787802623,NA,4.2,4.7
Gm49870,0,0,0,0,1,NA,3.1,8.4
Gm49877,0.920311385,0.570164981,1.355971763,0.420484405,0.674131619,NA,4.3,1.3
Gm49879,1.225832067,0.142792643,1.669262522,0.085542352,0.931830227,NA,0.9,2.4
Gm49890,0.041629625,0.837989154,3.026154276,0.276915543,0.781844958,NA,0,3
Gm49891,0.402578549,3.176104833,3.009474897,1.055368442,0.29125685,NA,0.9,0
Gm49893,0,0,0,0,1,NA,0,3.6
Gm49905,0.899040683,0.426104928,1.590268729,0.267945235,0.788741474,NA,0.9,1.3
Gm49915,1.610314195,4.94632628,2.975830358,1.662166752,0.096479344,NA,7.7,4.5
Gm49921,0.223747078,-0.015353188,3.011770919,-0.005097728,0.995932619,NA,0.1,0.7
Gm49925,0.413129265,3.202421733,3.009170486,1.06422077,0.2872287,NA,4.9,0
Gm49926,0.187333313,-0.443618735,3.009514198,-0.14740543,0.88281202,NA,0,0.9
Gm49927,0.342460893,-0.903918085,2.987687,-0.302547785,0.762234512,NA,0.1,5.6
Gm49932,0,0,0,0,1,NA,0,1.5
Gm49933,0.168661218,-0.284899309,3.014624775,-0.094505728,0.924707432,NA,0,0.6
Gm49940,0,0,0,0,1,NA,0,1.6
Gm49958,0.030032649,1.126524066,3.026154283,0.372262602,0.70969734,NA,0,1.7
Gm49960,0,0,0,0,1,NA,2,7.5
Gm49966,0,0,0,0,1,NA,7.5,3.4
Gm49967,0.213908875,2.658314477,3.014680925,0.881789663,0.377890563,NA,0.5,0
Gm49972,1.327562667,3.495000292,2.979986503,1.172824202,0.240866311,NA,10.3,2.7
Gm49975,0,0,0,0,1,NA,0,2.9
Gm49979,1.41401797,-3.324002539,2.963879427,-1.121503968,0.262073403,NA,0,9.8
Gm49983,0,0,0,0,1,NA,0,4
Gm49996,0.175239996,0.234381985,3.020566074,0.077595384,0.938149914,NA,0.1,0.5
Gm50006,0.272383012,-0.519837875,2.997452374,-0.173426567,0.862316144,NA,0.1,0.8
Gm50010,0.914359454,-2.698994267,2.967828194,-0.909417288,0.3631299,NA,5,3.9
Gm50020,0,0,0,0,1,NA,0,3.5
Gm50037,0,0,0,0,1,NA,0,3.6
Gm50039,0.281085117,-0.578103765,2.995801502,-0.192971318,0.846981431,NA,0.1,0.9
Gm50040,0.316626925,-1.164836566,2.989007825,-0.389706764,0.696753394,NA,0,1.1
Gm50053,0,0,0,0,1,NA,0,3
Gm50058,1.799918877,-1.584615819,1.311860139,-1.207915212,0.227079878,NA,0.9,5.9
Gm50059,0.849049561,-0.279441522,1.780866487,-0.156913235,0.875313229,NA,0.6,2.1
Gm50060,0,0,0,0,1,NA,3.2,0
Gm50068,0,0,0,0,1,NA,0,3.1
Gm50070,0.029353866,1.126524066,3.026154283,0.372262602,0.70969734,NA,0,3.1
Gm50092,0,0,0,0,1,NA,3.9,0
Gm5042,1.149187011,-0.70238895,1.536432472,-0.457155757,0.647559096,NA,0.9,2.6
Gm5045,0.327514433,-0.12457514,3.008173786,-0.041412215,0.966967275,NA,0.1,4
Gm5049,0.318739368,-1.161805669,2.989075532,-0.388683945,0.697509961,NA,0,0.9
Gm5050,0.363828627,0.293763697,2.994805874,0.098091065,0.921859982,NA,0.4,0.8
Gm5063,1.096417094,-2.414473916,2.716423284,-0.888843035,0.374087444,NA,0.2,4.3
Gm5064,0.577902648,2.470747188,3.006442073,0.82181766,0.411180681,NA,0.5,4.9
Gm5070,1.51875285,-2.166449455,2.152515331,-1.006473415,0.314187894,NA,4,4.7
Gm5086,0.286631207,0.15451672,3.016916812,0.051216765,0.959152793,NA,6.8,7.6
Gm5093,0.790946752,-0.516013418,1.752365857,-0.294466715,0.768401294,NA,0.4,5.3
Gm5112,0.894317939,-2.663838801,2.968104982,-0.897488067,0.369458538,NA,2.5,12.2
Gm5117,0.258858587,0.771831385,3.016301535,0.25588668,0.79803834,NA,0.3,5.1
Gm5118,0,0,0,0,1,NA,0,2.1
Gm5120,0.19759941,1.716403464,3.019540388,0.568432027,0.569741648,NA,4.3,0.2
Gm5129,0.979353485,-2.240692739,2.965762124,-0.755520047,0.449937009,NA,0.2,6.7
Gm5135,0.335695222,2.0957697,3.014509833,0.695227356,0.486912831,NA,0.4,0.2
Gm5136,1.412672194,4.376900237,2.979909619,1.468803017,0.141886226,NA,0.8,0.1
Gm5148,0.060065298,0.837989154,3.026154276,0.276915543,0.781844958,NA,2.9,0.2
Gm5150,0.291364611,1.318199294,3.013963286,0.437364085,0.661847326,NA,0.4,4.3
Gm5160,1.375386163,-0.201352549,1.331523758,-0.151219644,0.879802455,NA,0.7,2.5
Gm5171,0.266665341,1.306721841,3.01558717,0.433322523,0.664780478,NA,3.6,2.8
Gm5175,1.383353003,-0.645615395,1.168516423,-0.552508619,0.580599931,NA,4.6,3.1
Gm5176,0.398335804,-1.506497598,2.982207748,-0.505161855,0.613445159,NA,2.4,1.8
Gm5181,0.426484884,1.647740393,2.65207027,0.621303444,0.534399988,NA,0.5,0.4
Gm5184,0.04473095,1.732734015,3.024778107,0.572846653,0.566748528,NA,0.1,3.5
Gm5187,0.782771637,-0.923665227,1.75946596,-0.52496908,0.599604685,NA,0.4,1.8
Gm5209,0.309375282,1.261504757,3.015578026,0.418329337,0.675706343,NA,0.4,0.4
Gm5210,1.492701911,-1.604838838,1.191046021,-1.347419671,0.177845109,NA,0.5,3.8
Gm5215,0.913746534,0.360812212,1.504346931,0.239846411,0.810449326,NA,0.6,1.2
Gm5218,0.422459876,1.218051466,3.009658725,0.404714148,0.685687641,NA,0.4,0.5
Gm5221,0.1759665,-0.332375621,3.013175362,-0.110307427,0.912165567,NA,0,0.6
Gm5228,0.187370345,-0.422099302,3.010201299,-0.140222949,0.888483841,NA,4.1,0.7
Gm5230,1.837371358,-0.813164043,1.074715846,-0.756631668,0.449270563,NA,1.2,4.4
Gm5240,0.930781582,-0.793203621,2.595895607,-0.305560678,0.759939164,NA,0.5,5.3
Gm5258,0.313850306,1.896969133,3.013487727,0.629492901,0.529026415,NA,0.6,0.3
Gm5259,0.783310854,-1.434496098,2.966501348,-0.483564957,0.628694649,NA,0.3,1.8
Gm5267,0.141180936,2.059658844,3.023202765,0.681283726,0.495691979,NA,0.2,3.5
Gm5272,0.711905721,-0.629219719,1.650600598,-0.381206525,0.703050008,NA,0.5,1.7
Gm5274,1.018133918,-0.019374943,1.564434763,-0.012384628,0.990118749,NA,0.6,1.6
Gm5276,0.704305549,-0.800945925,1.481043925,-0.540798225,0.588646667,NA,0.4,1.7
Gm5277,1.133859578,-0.889638546,1.62215903,-0.548428686,0.583397584,NA,0.7,2.6
Gm5278,0.190916453,0.806786159,3.022006253,0.266970381,0.789491967,NA,0.2,0.4
Gm5292,0.517556618,0.574418126,2.56181258,0.224223321,0.822583538,NA,0.4,5.7
Gm5297,0.150754928,1.468542534,3.023378498,0.485728973,0.627159339,NA,0.2,4.1
Gm5300,0.427199701,0.632019275,2.661534523,0.237464241,0.812296658,NA,0.4,3
Gm5302,0.475673646,0.636068761,1.916822276,0.331835021,0.740013838,NA,0.5,0.8
Gm5305,0.131237514,0.033489506,3.022398248,0.011080441,0.991159268,NA,4.1,0.5
Gm5306,0.260928449,0.481387358,3.015679463,0.159628158,0.873173996,NA,0.2,0.5
Gm5311,0.227629739,0.362378537,3.021102239,0.119949114,0.904523458,NA,0.1,0.5
Gm5313,1.288479501,-1.022037549,1.720318093,-0.594098006,0.552446564,NA,4.3,12.1
Gm5327,0.223865734,1.19405484,3.023202701,0.39496354,0.692869796,NA,0.2,2.4
Gm5340,0.171819441,0.568598658,3.022712168,0.188108767,0.850791389,NA,0.1,0.4
Gm5342,1.707254807,2.936157723,2.091684276,1.403728926,0.160399585,NA,1.7,0.8
Gm5347,0,0,0,0,1,NA,1.3,0
Gm5350,0.192413874,-0.455288999,3.009145703,-0.151301746,0.879737692,NA,0,0.7
Gm5353,0.454108345,1.498598793,2.952026728,0.507650821,0.611698243,NA,0.4,0.4
Gm5356,0.256768549,0.109357552,3.015639051,0.036263475,0.971072273,NA,0.1,0.6
Gm5370,1.01979583,-0.217239366,1.683609323,-0.129031933,0.897332381,NA,0.5,1.7
Gm5380,0.625467046,-1.809362335,2.972683725,-0.608662913,0.542747894,NA,0.1,1.8
Gm5384,1.514470166,-2.413170192,1.797374164,-1.342608702,0.179398711,NA,3.5,4.7
Gm5387,0.260631473,-0.885606296,2.995873998,-0.295608659,0.76752896,NA,0,0.9
Gm5389,0.151399873,-0.156330597,3.018489785,-0.051790997,0.958695229,NA,0,0.6
Gm5391,0.479172622,-0.284396813,2.601953035,-0.109301286,0.912963526,NA,0.3,1.1
Gm5392,0.428641588,0.633622563,2.660243456,0.238182172,0.811739804,NA,0.3,0.6
Gm5395,0.173093795,-0.314127081,3.013742304,-0.104231566,0.916985584,NA,0,0.6
Gm5396,0.1774102,0.679978376,3.021815208,0.22502315,0.821961265,NA,0.2,0.4
Gm5415,0,0,0,0,1,NA,0,2.7
Gm5422,0.707544403,0.566342447,1.944704952,0.291222813,0.770880916,NA,0.6,1
Gm5425,0.184293296,1.185110663,3.023314449,0.39199054,0.695065204,NA,6.5,4.4
Gm5426,0.192256598,0.275353029,3.020176599,0.091171168,0.927356584,NA,0.1,2.4
Gm5432,0,0,0,0,1,NA,0,3.6
Gm5434,0.062375438,1.444198905,3.024778102,0.477456149,0.633037339,NA,0.1,2.6
Gm5436,1.515044643,-2.125590272,1.695913221,-1.253360282,0.210074619,NA,0.3,4.7
Gm5446,0.314709075,1.114851857,3.01270538,0.370050077,0.711345179,NA,0.4,0.5
Gm5449,0.125803852,1.444198905,3.024778102,0.477456149,0.633037339,NA,0.1,3.2
Gm5459,1.064997,-1.081696259,2.048728744,-0.527984128,0.597510353,NA,0.6,2.9
Gm5460,0,0,0,0,1,NA,0,3.8
Gm5464,0,0,0,0,1,NA,5.1,0
Gm5466,0.074084815,1.444198905,3.024778102,0.477456149,0.633037339,NA,5.2,0.1
Gm5470,0.199237303,2.203439852,3.016757481,0.730400062,0.46514568,NA,0.4,0.1
Gm5471,0.298941686,1.679813145,3.020092432,0.556212494,0.578065599,NA,0.3,0.2
Gm5481,0.72239457,0.616355899,1.791899644,0.343967867,0.730870452,NA,0.8,1.1
Gm5487,0.338530999,1.938473865,3.016449665,0.642634249,0.520461454,NA,0.3,2.8
Gm5492,0.368007498,2.088578573,3.014594322,0.692822433,0.488420992,NA,0.5,3.3
Gm5497,0.113232715,1.379574141,3.023953615,0.456215378,0.648235108,NA,0.2,2.1
Gm5525,1.856713074,3.674331946,1.816836105,2.022379418,0.04313717,NA,10.2,0.5
Gm5526,0.873068586,-0.733309436,2.136936567,-0.343159197,0.731478699,NA,0.5,1.8
Gm5527,0.513192025,-1.848108144,2.976828078,-0.620831333,0.534710605,NA,0,1.3
Gm5528,1.115872641,-0.138148506,1.094684953,-0.126199329,0.899574143,NA,0.8,2
Gm553,0,0,0,0,1,NA,0,2.4
Gm5533,0,0,0,0,1,NA,0,5.8
Gm5539,0,0,0,0,1,NA,0,4.4
Gm5555,0.200660717,0.881476691,3.021311581,0.291752991,0.77047549,NA,0.2,0.4
Gm5560,0.028110203,1.126524066,3.026154283,0.372262602,0.70969734,NA,2.1,4.8
Gm5561,0.970980845,0.923113838,1.70425201,0.541653366,0.588057321,NA,1.6,5
Gm5566,0.655192031,-0.303281186,2.773419026,-0.109352818,0.912922655,NA,0.6,4.5
Gm5576,0.951315565,0.799397902,1.880297212,0.425144438,0.670731385,NA,1.1,1.4
Gm5577,0.227612841,-0.679660183,3.001844744,-0.226414169,0.820879309,NA,0,0.7
Gm5605,0.28110203,-0.996701956,2.992984548,-0.33301273,0.739124674,NA,1.6,7.3
Gm5608,0.028959053,1.126524066,3.026154283,0.372262602,0.70969734,NA,0,3.9
Gm5611,0.626930253,-0.303686527,2.844905695,-0.106747485,0.91498931,NA,0.5,1.9
Gm5619,0.227729815,1.185111184,3.023314443,0.391990713,0.695065076,NA,0.2,0.3
Gm5620,0.444951063,-0.06051026,2.958130729,-0.020455573,0.983679952,NA,2.9,1
Gm5637,0.449085378,2.885491706,3.009492464,0.958796788,0.337661128,NA,0.6,3.7
Gm5652,1.445949086,-0.344550027,1.224966553,-0.281273008,0.778501012,NA,1,2.9
Gm5654,0.285107251,0.678669417,3.010658642,0.225422241,0.821650811,NA,0.3,0.6
Gm5673,0.408738746,0.597346828,2.678897984,0.222982298,0.823549284,NA,0.3,0.6
Gm568,0.020814813,1.126524066,3.026154283,0.372262602,0.70969734,NA,2.1,0.1
Gm5692,0,0,0,0,1,NA,3.6,0
Gm5706,0.385117242,0.045547324,2.989906369,0.015233696,0.987845739,NA,0.3,1
Gm5710,1.13473414,1.187690362,1.455272382,0.816129253,0.414426215,NA,1,1.1
Gm5711,0.17261116,0.845803102,3.022337093,0.279850684,0.779592065,NA,0.2,0.4
Gm5714,0.135430231,1.018395266,3.024208921,0.336747656,0.736307135,NA,0.2,0.3
Gm5732,0.890402405,0.610567812,1.716610657,0.355682175,0.722078595,NA,1.1,1.3
Gm5735,1.75277449,-2.715581543,2.107157957,-1.288741328,0.19748803,NA,0.4,12.8
Gm5738,0,0,0,0,1,NA,0,2.2
Gm5741,0.155187531,1.155663995,3.024778096,0.382065712,0.702412624,NA,0.1,3.7
Gm5745,0.537561123,-0.231943749,2.975652728,-0.077947183,0.937870067,NA,0.4,0.9
Gm5750,0.646963627,-0.109369824,1.964863124,-0.055662821,0.955610418,NA,0.4,1.3
Gm5759,0.208736345,0.846694904,3.020919998,0.280277169,0.779264866,NA,0.2,4.7
Gm5760,0.344887352,0.116107136,2.255895734,0.051468308,0.958952355,NA,3.2,0.8
Gm5766,0.503815507,0.954469183,2.289708845,0.416851769,0.676786833,NA,0.4,0.6
Gm5776,0.208955369,-0.573785841,3.005255586,-0.190927469,0.848582419,NA,0,0.8
Gm5777,0.288346411,-0.061825232,3.00205961,-0.020594272,0.98356931,NA,0.2,0.7
Gm5778,0.881605466,0.490714826,1.575996872,0.311367894,0.755520959,NA,0.8,1.4
Gm5786,1.462418013,0.327258579,1.950219722,0.167806004,0.866735899,NA,5.5,6
Gm5791,1.367483665,-0.480768361,1.586467216,-0.303043363,0.761856815,NA,0.5,2.5
Gm5834,0,0,0,0,1,NA,5.3,0
Gm5837,0.218616793,0.731003017,3.019834456,0.242067248,0.808728056,NA,0.2,0.5
Gm5839,0.299539799,-0.544781741,2.903324224,-0.187640683,0.851158332,NA,0.1,0.9
Gm5844,0.1416765,-0.054723883,3.021296576,-0.018112715,0.985548935,NA,0,0.5
Gm5845,0.698624675,-0.101906102,1.964093958,-0.051884535,0.958620697,NA,0.5,1.5
Gm5847,0,0,0,0,1,NA,3.8,0
Gm5854,0.261919061,1.185640751,3.023307809,0.392166735,0.694935021,NA,0.2,0.3
Gm5855,0.215278573,0.742914342,3.020093445,0.245990515,0.805689575,NA,0.2,0.5
Gm5865,0.763613243,-0.570127082,1.572773519,-0.36249789,0.71698,NA,0.5,1.8
Gm5867,0.028848966,1.126524066,3.026154283,0.372262602,0.70969734,NA,4.5,0.1
Gm5869,0.31487041,0.475198861,3.004182781,0.158179077,0.87431569,NA,0.3,0.6
Gm5870,0.520826359,-1.278724226,2.979270366,-0.429207178,0.66777246,NA,3.3,5
Gm5873,0.07282424,1.956644328,3.023953623,0.647048392,0.517600625,NA,0.2,1.9
Gm5876,0.315369414,0.47012631,3.003597669,0.156521066,0.875622315,NA,0.3,0.8
Gm5879,0.814305433,2.031222817,2.929724467,0.693315306,0.488111699,NA,0.5,2.2
Gm5881,0.657513655,-0.551565785,1.755310763,-0.314226858,0.753348746,NA,3.9,1.4
Gm5886,0,0,0,0,1,NA,8.1,0
Gm5896,0.193592165,1.362422679,3.020536764,0.451053169,0.651951229,NA,0.3,4.3
Gm5898,0.372956912,-0.640727616,2.99256502,-0.214106498,0.830464009,NA,0.1,0.9
Gm5904,0.039187325,0.837989154,3.026154276,0.276915543,0.781844958,NA,2.3,0.2
Gm5909,0.442995982,0.787822115,3.012941812,0.261479366,0.79372286,NA,0.3,0.5
Gm5910,0.258451231,1.390805466,3.020099626,0.460516419,0.645145589,NA,0.3,0.3
Gm5917,0.146769328,-0.11830382,3.019581446,-0.03917888,0.968747772,NA,0,0.5
Gm5921,1.373325746,1.041666753,1.277362657,0.815482391,0.41479624,NA,1.1,1.6
Gm5928,0.294119064,0.462505732,3.006938224,0.153812848,0.877757303,NA,0.3,0.6
Gm5962,0.560481735,-0.027779989,2.041935145,-0.013604736,0.989145326,NA,0.5,1.2
Gm5967,0.481808044,-0.993280811,2.979477973,-0.333374108,0.738851905,NA,0.2,1.4
Gm5974,0.567299171,-0.18467603,2.01997319,-0.09142499,0.927154905,NA,0.6,1.4
Gm5976,0.30531449,0.166655536,3.001640265,0.055521489,0.955723011,NA,0.3,0.8
Gm5977,0.252839611,2.804220994,3.013033118,0.930697036,0.352010303,NA,0.9,0
Gm5978,0.688021774,-0.098049482,1.670399795,-0.058698212,0.953192483,NA,0.4,1.2
Gm5981,1.814110644,-2.55231753,1.511064017,-1.689086301,0.091202893,NA,3.6,6
Gm5982,0.144795263,-0.104418574,3.01998682,-0.034575838,0.972417969,NA,0,0.5
Gm6012,1.927453588,-3.772855678,2.961929694,-1.273782995,0.202740333,NA,3.5,8
Gm6028,1.620025057,1.667181504,1.454689334,1.146073917,0.251764569,NA,2.1,1.5
Gm6032,0.09721746,1.732734015,3.024778107,0.572846653,0.566748528,NA,0.1,2.9
Gm6034,0.028110203,1.126524066,3.026154283,0.372262602,0.70969734,NA,3.7,0.1
Gm6043,0.317431764,0.114766713,2.557471301,0.044875074,0.964206885,NA,2.4,0.8
Gm6055,0.232549337,-0.7353892,3.000145607,-0.245117836,0.806365193,NA,0,1
Gm6060,1.502579188,0.278574872,1.272301518,0.218953502,0.826686269,NA,1.5,5.8
Gm6062,0.689149684,1.445927501,1.964008267,0.736212533,0.461601366,NA,0.7,0.6
Gm6068,0.233868841,1.296777697,3.021577954,0.429172345,0.667797807,NA,0.3,0.3
Gm6069,0.746384999,1.597484848,2.996670652,0.53308656,0.593973662,NA,0.4,4.1
Gm6071,0.309902331,1.5467554,3.01783188,0.512538624,0.608274096,NA,0.3,0.3
Gm6075,0.613784839,0.752950094,1.833864302,0.410581139,0.681379696,NA,0.5,0.7
Gm6112,0.236164054,0.58287641,3.022831272,0.192824659,0.84709629,NA,0.1,0.4
Gm6114,1.001623186,-0.065025402,1.567500793,-0.041483489,0.966910455,NA,0.8,4.6
Gm6129,1.386506368,-0.697936976,1.314193268,-0.531076359,0.595365866,NA,3.7,3
Gm6133,1.91016454,-1.12167394,1.073678393,-1.044701977,0.296160731,NA,3.3,4.7
Gm6139,0.280010549,1.350690594,3.014692831,0.448035893,0.654127293,NA,0.4,2.6
Gm6142,1.235531661,0.787549172,1.628247322,0.483679083,0.62861364,NA,2.3,1.7
Gm6153,0.196585292,0.752622359,3.021559692,0.249084061,0.803295758,NA,0.2,0.4
Gm6159,0.665930745,2.183758935,3.003009885,0.727190059,0.467109535,NA,1,0.4
Gm6169,0.14303834,-0.091875525,3.020356158,-0.030418772,0.975733074,NA,0,0.5
Gm6175,0.402709467,-0.258211111,2.698486688,-0.095687376,0.923768867,NA,0.2,0.9
Gm6185,1.069392059,4.331147315,2.985890072,1.450538101,0.146908522,NA,1.1,4.2
Gm6201,0.53556639,1.801249216,3.005641237,0.599289494,0.548979853,NA,1.2,4.2
Gm6211,0.50712204,3.43315168,3.00454393,1.142653181,0.253182616,NA,1.7,0
Gm6216,0.16043732,1.185110663,3.023314449,0.39199054,0.695065204,NA,0.2,3.2
Gm6218,0.494600306,0.818082382,2.897571347,0.282333818,0.777687557,NA,0.5,3
Gm6222,0.830876318,0.438013175,2.337542707,0.187381892,0.851361219,NA,0.4,0.9
Gm6230,0.726956416,-0.670790285,1.605139842,-0.417901461,0.676019164,NA,0.3,1.5
Gm6235,1.861881406,-0.343880696,1.137926387,-0.302199422,0.762500045,NA,1.7,9.4
Gm6240,0.519344414,1.091680293,2.286686724,0.47740702,0.633072317,NA,0.7,0.7
Gm6254,1.185552197,-0.624278079,2.952026103,-0.211474444,0.832517072,NA,1.5,8.1
Gm6257,0.136389653,1.475970004,3.023285367,0.488200691,0.625407696,NA,0.3,0.2
Gm6266,1.14157286,0.830613152,1.454892453,0.570910344,0.568060419,NA,5.4,4.5
Gm6274,0.286686917,-1.021780322,2.99236205,-0.341462799,0.732755206,NA,0,1
Gm6286,0.341470982,-0.08007236,3.001465755,-0.026677752,0.978716758,NA,0.2,0.8
Gm6291,0.169106303,-0.297501739,3.014242179,-0.098698685,0.921377513,NA,0,0.7
Gm6296,0.512490107,2.31721414,3.009418232,0.769987407,0.441307363,NA,1.2,3.6
Gm6298,0.396896817,-0.208002307,2.994134175,-0.069469935,0.944615563,NA,0.2,0.8
Gm6311,0.437016199,-1.155320258,2.981410217,-0.387507982,0.698380177,NA,0.1,8
Gm6317,1.469770338,-0.556231162,1.183556306,-0.469965948,0.638379346,NA,0.9,3.1
Gm6321,0.13150102,1.732734015,3.024778107,0.572846653,0.566748528,NA,3.2,0
Gm6333,0.117873316,0.211038598,3.023762117,0.069793387,0.944358111,NA,0,2.9
Gm6342,0.393967682,-0.015488023,2.203917896,-0.007027495,0.994392916,NA,0.4,1
Gm6344,0.151881309,0.58287641,3.022831272,0.192824659,0.84709629,NA,0.1,2.4
Gm6353,0.074763599,1.444198905,3.024778102,0.477456149,0.633037339,NA,2.9,2.7
Gm6363,1.749589956,1.542623222,1.739366152,0.886888146,0.375139124,NA,3.2,2
Gm6378,0.379764712,0.060229291,2.990498414,0.020140218,0.983931517,NA,0.4,0.9
Gm6382,0.342499841,1.938473865,3.016449665,0.642634249,0.520461454,NA,0.3,0.2
Gm6397,0.309026191,2.966655047,3.011372496,0.985150476,0.324550163,NA,1.1,0
Gm6426,0.768753277,0.685834506,1.520341204,0.451105649,0.651913406,NA,0.7,1.1
Gm6427,0,0,0,0,1,NA,0,1.6
Gm6428,0.233181723,-0.094648045,3.009133371,-0.031453589,0.974907804,NA,0.1,0.6
Gm6429,0.661481136,1.051298996,2.013922503,0.522015616,0.601659458,NA,0.5,0.8
Gm6433,0.471052715,0.345015905,2.321365444,0.148626278,0.881848537,NA,0.5,1
Gm6434,0.127077328,1.444198905,3.024778102,0.477456149,0.633037339,NA,3.3,0.1
Gm6436,0.60668084,1.351946098,1.996349368,0.67720917,0.49827325,NA,0.7,0.6
Gm6438,0.53345674,2.282886807,3.009710399,0.758507133,0.448147444,NA,0.8,0.3
Gm6441,0.450461339,0.474794632,2.349960706,0.202043647,0.839882602,NA,0.4,0.9
Gm6443,1.061935707,0.46441707,1.213114344,0.382830417,0.701845507,NA,5.4,1.7
Gm6444,1.181704095,0.698091889,1.50020301,0.465331615,0.641693998,NA,1.3,1.5
Gm6450,0.57911989,1.046973388,2.487639242,0.420870266,0.673849819,NA,0.4,2.8
Gm6451,0.13150102,1.732734015,3.024778107,0.572846653,0.566748528,NA,3.1,1.7
Gm6463,0.98321382,-0.118626717,1.306838637,-0.090773806,0.927672324,NA,0.8,1.8
Gm6465,0.210228542,-0.572274834,3.005306045,-0.190421483,0.848978865,NA,0,0.7
Gm6467,1.618432976,-3.518584786,2.96295956,-1.187523729,0.235021102,NA,0,5.3
Gm6474,1.321996623,3.713590875,2.981325762,1.245617276,0.212904937,NA,8.2,0.3
Gm6475,0.131953764,0.022400586,3.022317887,0.007411724,0.994086354,NA,0,0.5
Gm6477,1.505972504,-1.871106092,2.445221351,-0.765209289,0.444146929,NA,5.7,9.3
Gm6485,1.16987626,0.365251241,1.393857342,0.262043489,0.793287914,NA,0.9,1.9
Gm6496,0.633192529,-0.354907192,1.688325454,-0.210212546,0.833501788,NA,0.4,1.3
Gm6501,0.227812264,0.543228971,3.017734258,0.180012196,0.857142993,NA,0.2,3.9
Gm6517,0.651353304,-0.114783017,1.789644083,-0.064137343,0.948860867,NA,0.5,1.2
Gm6520,1.169858417,-1.075884342,1.401277289,-0.767788324,0.442612952,NA,0.6,8.4
Gm6540,0.539901359,-0.298010997,2.243878148,-0.132810686,0.894343103,NA,0.4,1.4
Gm6543,0.894913855,0.822239921,1.490593755,0.551619057,0.581209377,NA,0.7,1.2
Gm6552,1.372306918,-1.083547714,1.668937271,-0.649244122,0.516180597,NA,0.8,3.2
Gm6560,0.300438176,0.351160739,3.021020347,0.116239117,0.907463036,NA,0.1,0.5
Gm6565,0,0,0,0,1,NA,7.4,0
Gm6566,1.621570428,-3.523824426,2.818905517,-1.2500683,0.211274599,NA,0,6.6
Gm6569,0,0,0,0,1,NA,1.6,0
Gm6576,1.259227455,-0.390348434,1.253947785,-0.311295604,0.755575909,NA,3.3,7.7
Gm6581,1.364347607,-1.844479929,1.990078941,-0.92683757,0.354010875,NA,0.5,12.9
Gm6607,1.778574164,1.250472275,1.423052814,0.878725134,0.379550327,NA,2.7,2.1
Gm6610,0,0,0,0,1,NA,0,1.4
Gm6611,0.030032649,1.126524066,3.026154283,0.372262602,0.70969734,NA,3.2,0.1
Gm6621,0.808641135,2.99567859,2.573532754,1.164033597,0.244410397,NA,2.1,0.3
Gm6630,0.629466726,0.698488455,2.46618559,0.283226233,0.77700342,NA,0.6,3.3
Gm6634,0.707834184,-2.329311935,2.971103288,-0.783988879,0.433046636,NA,4.8,7.2
Gm6637,0.302421481,-1.119449671,2.990036711,-0.374393287,0.708111737,NA,0,4.4
Gm6640,0.176342964,-0.36911727,3.011935838,-0.122551505,0.902462258,NA,0,0.9
Gm6641,0.147454701,0.60937725,3.023055072,0.201576629,0.840247718,NA,0.1,0.4
Gm6658,0.762936996,3.859757059,2.996169639,1.288230482,0.197665744,NA,5.8,0
Gm6659,0.028959053,1.126524066,3.026154283,0.372262602,0.70969734,NA,0,2.6
Gm6682,0.235002473,0.680893983,3.019630139,0.225489199,0.821598727,NA,0.2,0.5
Gm6689,0.310576154,0.977239552,3.015063534,0.324119058,0.745847899,NA,0.4,0.5
Gm6702,0.708395379,-0.201434806,1.607106755,-0.125340028,0.900254364,NA,0.6,1.6
Gm6723,0.126930604,0.600341028,3.023618054,0.19855055,0.842614339,NA,0.1,0.4
Gm6733,0.747593444,2.838737048,2.999517227,0.946397981,0.343945635,NA,0.6,6
Gm6743,0.74446421,2.07537105,2.33313874,0.889518919,0.37372426,NA,0.8,5.6
Gm6758,0.139856688,0.621893423,3.023162019,0.205709591,0.837017766,NA,0.1,0.4
Gm6767,1.919583829,0.488489283,0.943954713,0.517492287,0.604812552,NA,1.8,2.8
Gm6771,0.76913987,-0.768565622,1.885642799,-0.40758813,0.68357608,NA,2.4,1.9
Gm6787,0.740803175,1.253378583,2.977510543,0.420948495,0.673792692,NA,4.1,3.4
Gm6794,0.252636196,1.185111184,3.023314443,0.391990713,0.695065076,NA,0.2,0.3
Gm6806,1.769121106,-3.64568913,2.962422138,-1.230644709,0.218455776,NA,0,5.2
Gm6808,0.728080687,-1.429223108,1.675338251,-0.853095253,0.393606484,NA,0.2,2.1
Gm6822,0,0,0,0,1,NA,0,1.8
Gm6851,0.449409913,1.146508386,2.372806685,0.483186596,0.628963252,NA,0.7,0.6
Gm6855,1.090343947,1.615757651,1.84742057,0.87460196,0.381790521,NA,0.8,0.9
Gm6869,0.679136423,0.519489707,2.170875013,0.239299685,0.81087321,NA,0.5,0.9
Gm6872,0.200696076,-0.50637906,3.007558453,-0.168368818,0.866293138,NA,0,0.7
Gm6881,0.730485694,1.815612726,1.911640189,0.949766978,0.342230668,NA,1,0.7
Gm6887,0.625151504,0.155311894,2.446732173,0.063477276,0.949386454,NA,0.5,3.4
Gm6900,0.084625903,0.549454242,3.026154269,0.181568484,0.855921384,NA,0,3.9
Gm6913,1.601568286,-0.359154771,1.156182288,-0.310638534,0.75607543,NA,1.3,3.1
Gm6916,0.159050566,1.091039048,3.02395361,0.360798871,0.718249807,NA,0.2,0.3
Gm6919,0.722517914,-2.356124856,2.970836677,-0.793084613,0.427728527,NA,0,6.8
Gm6921,0.793990381,0.53207713,1.94591156,0.273433357,0.784520114,NA,0.5,0.9
Gm6929,0.693728234,1.606915087,2.672857157,0.601197517,0.547708438,NA,0.7,3.8
Gm6931,0.783684956,0.195506809,2.340570328,0.08352956,0.933430474,NA,0.6,6.7
Gm6944,0.394484607,-0.202440163,2.40474935,-0.084183477,0.932910555,NA,0.2,0.9
Gm6967,0.407565374,-0.272771929,2.992393155,-0.091155111,0.927369343,NA,2.4,3.1
Gm6979,0.427763315,-0.749567395,2.989868097,-0.250702496,0.802044131,NA,0.1,1
Gm6981,1.299579072,-0.600385565,1.165105163,-0.5153059,0.606339277,NA,0.8,2.8
Gm6986,0.251196375,2.059055565,3.018746827,0.682089517,0.495182349,NA,0.4,0.1
Gm6987,0.468164303,0.1716834,2.932672561,0.058541619,0.953317212,NA,0.2,0.7
Gm6997,0.370118036,2.321738547,3.01204487,0.770818048,0.440814788,NA,0.6,0.2
Gm7002,0.558905916,-0.618640403,2.23780714,-0.276449383,0.782202932,NA,0.3,4
Gm7004,0.39902896,0.607865332,3.018715872,0.201365533,0.840412764,NA,0.2,0.5
Gm7008,0.8512621,-2.59225393,2.968689762,-0.873197989,0.382555171,NA,0,6.2
Gm7045,0.156749302,-0.225078073,3.016484957,-0.07461601,0.940520235,NA,3.3,0.8
Gm7059,0.15559745,0.58287641,3.022831272,0.192824659,0.84709629,NA,0.1,0.4
Gm7091,0.813969714,-0.147993378,1.592533257,-0.092929537,0.92595954,NA,0.7,1.6
Gm7099,0.28110203,-0.996701956,2.992984548,-0.33301273,0.739124674,NA,0,1
Gm7102,1.169830667,0.581363399,2.953755842,0.196821752,0.843967029,NA,0.5,5.6
Gm7106,0.207043868,-0.0864634,3.011285399,-0.02871312,0.977093392,NA,0.1,4.7
Gm7108,0.21627052,1.48258938,3.023202724,0.490403561,0.623848358,NA,4.2,0.2
Gm7118,1.101358784,0.379172836,1.402863882,0.270284837,0.78694113,NA,1.3,1.8
Gm7128,0.191840906,0.184046073,3.017758834,0.060987668,0.951369031,NA,0.1,0.5
Gm7132,0.288504702,1.192876989,3.016866192,0.395402684,0.692545729,NA,0.3,2.3
Gm7142,0,0,0,0,1,NA,0,3.7
Gm7150,0.224292414,-0.223158582,3.006884859,-0.074215872,0.940838617,NA,0.1,0.8
Gm7153,0.463124668,-1.714654093,2.978781026,-0.575622739,0.564870208,NA,3,4.8
Gm7172,1.064096522,-1.542017226,2.958239559,-0.521261783,0.60218442,NA,0.4,6.5
Gm7180,0.58458322,-1.01614395,2.976880606,-0.341345215,0.732843713,NA,0.2,1.6
Gm7189,1.69575662,-2.159150921,2.929504017,-0.737036341,0.46110025,NA,0.4,16.7
Gm7191,0.138121178,0.53209157,3.023034406,0.17601241,0.860284193,NA,0.1,0.4
Gm7192,0.028110203,1.126524066,3.026154283,0.372262602,0.70969734,NA,0,4.1
Gm7198,0.132034475,-0.019105064,3.021903194,-0.006322196,0.994955651,NA,0,0.5
Gm7203,0,0,0,0,1,NA,2.1,0
Gm7212,0.252189376,1.185110663,3.023314449,0.39199054,0.695065204,NA,0.2,0.3
Gm7222,1.731269,3.865326209,1.97232237,1.959784196,0.050021019,NA,3.6,0.4
Gm7239,0.03251612,1.126524066,3.026154283,0.372262602,0.70969734,NA,0,3.9
Gm7252,1.566151639,0.615074487,2.172479201,0.283121001,0.777084083,NA,1.2,6.3
Gm7253,0.425167766,-1.592003617,2.980740688,-0.53409665,0.593274667,NA,3.2,1.5
Gm7278,1.124053857,4.067328193,2.985400307,1.362406302,0.173069696,NA,1.1,0.1
Gm7289,0.427965726,2.571502236,3.012442644,0.853626953,0.393311719,NA,5.2,4
Gm7290,1.282814675,-0.477050117,1.209839313,-0.394308659,0.693353171,NA,0.7,2.6
Gm7292,0.163000554,-0.25497918,3.015545979,-0.084554897,0.932615258,NA,0,0.7
Gm7312,0.551401714,0.626027539,2.244890614,0.278867725,0.780346338,NA,0.5,0.8
Gm7324,0.478331481,0.33552264,3.010929759,0.111434894,0.911271491,NA,0.2,0.6
Gm7337,0,0,0,0,1,NA,6.1,0
Gm7351,1.559670693,1.11813487,1.206972027,0.926396673,0.354239872,NA,2.5,1.9
Gm7370,1.484228904,-0.7172778,1.231333732,-0.582521035,0.560215777,NA,0.9,3.3
Gm7393,0.237819709,0.955970677,3.021647254,0.316374016,0.751718637,NA,0.2,0.4
Gm7413,0.385975115,2.061069515,3.011765094,0.684339399,0.493760873,NA,0.7,3.2
Gm7429,0.402459108,0.366698046,2.720509298,0.13479022,0.892777739,NA,0.4,0.8
Gm7432,0.132571617,0.867129086,3.02477809,0.286675273,0.774360972,NA,0.1,4.6
Gm7435,0.12973358,1.444198905,3.024778102,0.477456149,0.633037339,NA,0.1,7.2
Gm7436,0.737331306,1.010022264,1.944363071,0.51946176,0.603438773,NA,0.6,4.5
Gm7450,0.202713368,-0.523232806,3.006972735,-0.174006502,0.861860353,NA,0,0.7
Gm7456,0.160727796,-0.227570871,3.016405966,-0.075444378,0.939861152,NA,0,0.6
Gm7467,0,0,0,0,1,NA,0,3.6
Gm7476,0.963355444,0.678756909,1.607724449,0.422184852,0.672890097,NA,0.7,1.2
Gm7481,0.786840944,-0.747600476,1.709537717,-0.437311484,0.661885468,NA,7,4.7
Gm7482,0.350699352,1.160156261,3.013216754,0.385022504,0.700220742,NA,0.4,0.5
Gm7488,0.298091159,-0.665388257,2.993447875,-0.222281558,0.824094708,NA,0.1,0.9
Gm7501,0.343806312,0.128488982,3.004249012,0.042769085,0.965885608,NA,4.4,0.7
Gm7502,1.605333783,-1.205515393,1.264239134,-0.953550132,0.340311409,NA,0.8,4
Gm7504,1.699089712,-0.507563189,1.688188549,-0.30065551,0.763677198,NA,1.3,8.9
Gm7507,1.937993687,0.077650388,0.905386954,0.085764863,0.931653339,NA,4.6,3.2
Gm7508,0.448253461,-0.302760753,2.620533658,-0.115534007,0.908021868,NA,0.3,1
Gm7511,0,0,0,0,1,NA,0,2.1
Gm7535,0.983593975,0.851622927,1.700125644,0.500917641,0.616429086,NA,0.8,1.2
Gm7536,0.3241685,2.227008117,3.016449692,0.738287837,0.460339556,NA,0.3,6.2
Gm7541,0.153786512,2.031286019,3.019150671,0.672800479,0.501074233,NA,2.4,0.1
Gm7545,0.019593663,1.126524066,3.026154283,0.372262602,0.70969734,NA,1.5,2.9
Gm7551,0.098967125,1.732734015,3.024778107,0.572846653,0.566748528,NA,0.1,2.8
Gm7559,0,0,0,0,1,NA,4,0
Gm7572,1.052731962,-0.321193143,1.704596123,-0.18842771,0.85054138,NA,1.3,6.2
Gm7577,0.029353866,1.126524066,3.026154283,0.372262602,0.70969734,NA,0,3.6
Gm7580,0.406021105,1.482589763,3.023202719,0.490403688,0.623848268,NA,2.4,7.6
Gm7582,0,0,0,0,1,NA,0,4
Gm7583,1.644991982,2.497149592,2.282024543,1.094269385,0.273836848,NA,2,0.8
Gm7588,0.232613059,0.530199461,3.01708841,0.175732159,0.860504369,NA,0.2,0.5
Gm7599,0.356096672,1.73502718,3.019264236,0.574652314,0.565526464,NA,0.3,0.2
Gm7609,0.04473095,1.732734015,3.024778107,0.572846653,0.566748528,NA,0.1,3.6
Gm7611,0.900363906,-0.642326687,1.581954857,-0.406033512,0.684717977,NA,3.6,2.2
Gm7614,1.507333621,-3.058342088,2.345719429,-1.303797057,0.192302786,NA,2.5,4.9
Gm7619,0.16786512,1.180007389,3.023378482,0.3902943,0.696318938,NA,0.2,2.5
Gm7621,0.608510977,1.808490858,2.450496695,0.738009915,0.460508424,NA,0.6,0.5
Gm7627,0.629749046,-0.625908867,2.41874395,-0.258774339,0.795809358,NA,0.2,1.2
Gm7633,0.494347282,-0.056476131,2.302329468,-0.024529996,0.980429858,NA,0.4,1
Gm7634,1.155457444,0.023191912,1.189998003,0.019489035,0.984450985,NA,0.7,5.8
Gm7638,1.701201537,0.261124977,1.468409786,0.17782841,0.858857735,NA,1.1,6.5
Gm7656,0.365783042,1.547257168,3.017824937,0.512706072,0.608156942,NA,0.3,0.3
Gm7657,0.154030813,0.568598658,3.022712168,0.188108767,0.850791389,NA,0.1,0.4
Gm7658,1.019997758,-0.411136715,1.445394612,-0.284445999,0.776068612,NA,0.7,2.1
Gm7665,0.744990852,0.064916709,1.799444975,0.036075962,0.971221789,NA,0.6,1.4
Gm7670,0.849614937,-0.972983232,1.332732649,-0.730066329,0.465349642,NA,0.5,2.3
Gm7688,0.187317531,1.37182628,3.020391074,0.454188298,0.649693305,NA,0.3,2.3
Gm7694,0,0,0,0,1,NA,0,4.9
Gm7709,0.439625875,-0.068469008,2.66944967,-0.02564911,0.979537215,NA,0.3,0.8
Gm7713,0.494842997,-0.155361558,2.278287151,-0.068192264,0.945632585,NA,0.3,0.9
Gm7722,1.290226452,0.415215335,1.155828716,0.359236043,0.719418515,NA,5.9,6.3
Gm7741,0.214407566,0.027425093,3.013080386,0.009102012,0.992737746,NA,0.1,0.6
Gm7763,0.548186515,0.481289116,2.024945209,0.237680068,0.812129244,NA,0.6,1
Gm7765,0.92602899,-0.650736716,1.433976511,-0.453798728,0.649973699,NA,0.7,2.5
Gm7778,0.070088974,0.837989154,3.026154276,0.276915543,0.781844958,NA,0,3.5
Gm7780,0.276702229,0.761404426,3.013040966,0.252702978,0.800497746,NA,3.9,0.5
Gm7783,0.222545123,1.771124303,3.023202742,0.585843708,0.557980549,NA,0.2,3.4
Gm7784,0.738147785,0.381997659,2.149745478,0.177694366,0.85896301,NA,0.4,1
Gm7785,0.149506804,0.58287641,3.022831272,0.192824659,0.84709629,NA,0.1,4.6
Gm7805,0.643434753,-1.770708329,2.972332749,-0.595730182,0.551355492,NA,0.1,6
Gm7816,0.436094958,1.084205613,3.014450666,0.359669383,0.71909439,NA,0.3,0.5
Gm7823,0.605045861,0.946131134,2.988776648,0.316561338,0.751576476,NA,0.4,0.7
Gm7831,1.506948315,-2.017236314,1.778572103,-1.134188662,0.256715419,NA,0.3,4.3
Gm7833,1.504891245,-0.336117802,1.186276182,-0.283338574,0.77691731,NA,1.2,10.6
Gm7847,0.654170984,1.019892931,2.17944018,0.467960966,0.639812504,NA,0.6,0.7
Gm7851,0.158650557,-0.159596672,3.018397273,-0.052874641,0.95783179,NA,0,0.5
Gm7857,0.426731229,1.930027864,3.013125831,0.640540081,0.52182154,NA,2,0.3
Gm7858,0.170019472,2.078405397,3.018469574,0.688562646,0.491098534,NA,0.4,0.1
Gm7859,0.802914459,0.744378935,2.100734905,0.354342156,0.723082479,NA,0.8,1
Gm7863,0.30068192,1.217133416,3.01683944,0.403446534,0.68661976,NA,0.3,0.4
Gm7871,0,0,0,0,1,NA,0,2.3
Gm7879,0.582814752,-2.055958556,2.974121615,-0.691282611,0.489387957,NA,0,7.2
Gm7882,0.752441498,2.835276155,2.999587205,0.945222113,0.344545492,NA,0.7,0.3
Gm7899,1.599218875,0.304360163,1.862980526,0.163372702,0.870224995,NA,2.1,2.5
Gm7908,0.199469016,1.725256082,3.019408719,0.57138872,0.567736174,NA,0.3,4.1
Gm7926,0.298282839,-0.303728283,2.933362359,-0.103542708,0.917532255,NA,0.2,0.8
Gm7927,0.151942155,0.568598658,3.022712168,0.188108767,0.850791389,NA,0.1,0.4
Gm7936,0.818516934,0.549295775,1.885182329,0.291375411,0.770764219,NA,0.9,1.1
Gm7940,0.44459336,0.930272412,2.97191572,0.313021128,0.75426461,NA,0.5,0.6
Gm7952,0.733469451,-0.785526396,1.748227074,-0.44932744,0.653195466,NA,0.5,1.8
Gm7962,0.48819567,-0.024510005,2.562140361,-0.009566222,0.992367375,NA,0.3,1.1
Gm7964,0.480919365,1.855631066,3.00904495,0.616684396,0.537442916,NA,3.2,0.4
Gm7967,0.832211655,0.984127113,2.969753629,0.33138342,0.740354887,NA,4.1,0.9
Gm7973,0,0,0,0,1,NA,2.2,0
Gm7984,0.084787275,1.444198905,3.024778102,0.477456149,0.633037339,NA,0.1,2.7
Gm7985,0.320788861,0.827174527,3.007944139,0.274996639,0.783318821,NA,0.4,2.6
Gm7990,0.699848328,-0.806789375,1.742801886,-0.462926613,0.643416971,NA,0.3,5.2
Gm7993,0.039187325,0.837989154,3.026154276,0.276915543,0.781844958,NA,0,3.8
Gm8000,0.72496552,-2.370051398,2.970700132,-0.797809033,0.424981319,NA,1.8,11.1
Gm8004,0.70939777,1.37199062,2.376883895,0.577222397,0.563789229,NA,0.5,5.1
Gm8013,0.561534427,-1.988278708,2.974960794,-0.668337785,0.503917999,NA,0,1.8
Gm8019,1.195502763,-0.506189798,1.361723483,-0.371727303,0.710095894,NA,0.8,2.5
Gm8054,1.564250509,0.084715105,1.387245249,0.061067144,0.951305736,NA,2.3,2.8
Gm8055,1.006244064,0.966319464,1.381273132,0.699586086,0.484185835,NA,4,1.1
Gm8058,0.346139636,-0.405720037,2.992018153,-0.135600794,0.892136878,NA,0.2,0.9
Gm8075,0,0,0,0,1,NA,2.8,3.8
Gm8079,0.325756002,-0.154867461,2.99589122,-0.051693286,0.958773087,NA,0.2,1.1
Gm8087,0.233835589,0.285379107,3.020366231,0.094484935,0.924723949,NA,0.1,0.5
Gm8093,0.160225302,0.211038275,3.023762114,0.06979328,0.944358196,NA,5.4,0.4
Gm8097,0.154059124,0.760643188,3.022485577,0.251661478,0.801302735,NA,0.2,0.4
Gm8101,0.322078983,2.172399963,3.013633344,0.720857422,0.470997242,NA,0.7,0.2
Gm8109,0.464632215,0.954636614,2.613518113,0.365268796,0.714910769,NA,0.3,0.5
Gm8118,0.896722446,1.509166236,2.091591344,0.721539722,0.470577511,NA,1.9,0.8
Gm8121,0.926366025,-1.427594736,2.333012392,-0.611910482,0.540596986,NA,0.4,2.6
Gm8132,0.165275197,0.47792795,3.022588002,0.158118787,0.874363197,NA,0.1,0.4
Gm8141,0.202168979,0.909802486,3.021254838,0.301133977,0.763312333,NA,0.2,0.4
Gm8145,1.300803702,-1.147757373,1.745145472,-0.657685787,0.510740057,NA,0.7,3.1
Gm8152,0.075780243,1.595465763,3.024208929,0.527564662,0.597801525,NA,0.2,2
Gm816,0.705054187,1.108475358,2.404733115,0.460955668,0.644830412,NA,0.6,0.9
Gm8162,0.367455009,0.10909114,2.992296518,0.036457329,0.970917702,NA,0.4,0.9
Gm8168,0.251600735,0.867129086,3.02477809,0.286675273,0.774360972,NA,0.1,4
Gm8171,0.174667554,0.351164438,3.02102035,0.116240342,0.907462065,NA,0.1,2.5
Gm8174,0.848092544,0.093087895,1.436108551,0.064819539,0.948317684,NA,0.8,1.6
Gm8185,0.451131974,1.688139374,2.948299869,0.572580622,0.566928683,NA,0.5,2.9
Gm8199,0.205251982,0.111347687,3.015702945,0.036922631,0.970546695,NA,0.1,0.6
Gm8200,0.176282501,1.179120647,3.023389629,0.389999567,0.696536867,NA,0.2,0.3
Gm8210,0.048925016,0.837989154,3.026154276,0.276915543,0.781844958,NA,7.6,0.2
Gm8217,0.805126034,0.714307389,1.921482278,0.371748101,0.710080408,NA,0.8,1.3
Gm8225,0.619117243,0.374597647,2.502163937,0.149709474,0.880993833,NA,0.7,1
Gm8233,0,0,0,0,1,NA,1.4,0
Gm8234,0,0,0,0,1,NA,4.8,0
Gm8238,0.289500434,0.722474363,3.011919481,0.239871739,0.810429691,NA,0.3,0.5
Gm8242,0.354673026,0.883069534,3.013801161,0.293008559,0.76951561,NA,0.3,3.4
Gm8245,0.145194649,-0.107198434,3.019905371,-0.035497282,0.971683213,NA,0,0.5
Gm8255,1.449204385,0.411798263,2.427300119,0.1696528,0.865283196,NA,0.6,1.9
Gm8258,0.07819726,1.444198905,3.024778102,0.477456149,0.633037339,NA,0.1,4
Gm826,0,0,0,0,1,NA,0,1.8
Gm8268,0.409368696,0.94232924,3.008689445,0.313202561,0.754126773,NA,0.4,0.6
Gm8288,0.456185709,-1.031585215,2.983745413,-0.345734998,0.72954188,NA,0.1,1.3
Gm8290,0.790313874,0.693709346,1.79025227,0.38749251,0.698391629,NA,4.5,0.9
Gm8291,0.075814069,0.549454242,3.026154269,0.181568484,0.855921384,NA,2.6,0.3
Gm8302,0.475736702,1.191265638,2.327621173,0.511795326,0.608794262,NA,0.6,0.6
Gm8304,0.288321048,0.521214234,3.016825719,0.17276909,0.862832934,NA,0.2,0.5
Gm8317,0.161698464,0.734142238,3.022261732,0.242911536,0.808073929,NA,0.2,0.4
Gm8321,0.220249804,1.19405484,3.023202701,0.39496354,0.692869796,NA,0.2,0.3
Gm8326,1.0970221,2.854709821,1.984690872,1.438364967,0.150330527,NA,5.5,0.5
Gm8341,0.326672399,0.936303498,3.021478761,0.309882535,0.756650285,NA,3.8,0.4
Gm8343,0.272586026,-0.951969664,2.994121728,-0.317946213,0.750525737,NA,0,1
Gm8353,0.304770596,1.276179454,3.015691962,0.423179645,0.672164197,NA,0.4,2.5
Gm8355,0.436040903,0.689308735,3.019524895,0.228283839,0.819425587,NA,2.8,0.5
Gm8357,1.102785818,-0.233080372,1.279784194,-0.182124746,0.855484829,NA,1.1,2.2
Gm8358,0.481505978,0.569135247,2.330396386,0.244222507,0.807058497,NA,0.6,0.9
Gm8365,0.79343983,-0.088774641,2.118281546,-0.041908802,0.9665714,NA,0.4,1.4
Gm8371,0.468947402,0.866541904,2.995629537,0.289268714,0.772375752,NA,0.6,2.9
Gm8375,0.557245147,1.738516081,2.518030846,0.69042684,0.489925803,NA,1.1,0.5
Gm8407,1.008236276,-2.83679664,2.966805708,-0.956178772,0.338981923,NA,3.1,9.9
Gm8412,0.718341611,-1.173037217,1.97831441,-0.59294782,0.553216073,NA,0.4,2.1
Gm8419,0.673863778,0.136005534,1.771811574,0.076760721,0.938813899,NA,0.5,1.3
Gm8423,0.068166528,0.837989154,3.026154276,0.276915543,0.781844958,NA,0,4
Gm8425,1.519251839,-3.069145077,2.962163592,-1.036115995,0.300148031,NA,2,5.1
Gm8449,0.270592564,-0.960134785,2.993911547,-0.320695776,0.748440949,NA,0,3.8
Gm8483,0.142181952,0.609377238,3.023055072,0.201576625,0.840247721,NA,0.1,0.4
Gm8488,0,0,0,0,1,NA,1.8,0
Gm8494,0.73364944,0.712988155,2.398940789,0.297209568,0.766306518,NA,0.4,0.7
Gm8518,0.900806722,1.355292328,1.750302885,0.774318742,0.438742323,NA,0.8,0.8
Gm8520,0.112880565,1.668109235,3.023953619,0.551631885,0.581200586,NA,0.2,3.9
Gm8526,1.388495297,0.842063639,1.233625549,0.682592574,0.494864328,NA,1.3,1.8
Gm8529,0.817882489,-0.073138991,1.464814274,-0.049930556,0.960177727,NA,0.6,1.6
Gm8534,0.456584565,1.942302955,2.908718658,0.667752087,0.504291855,NA,0.6,0.3
Gm8543,0.166345453,1.272316778,3.021976932,0.42102134,0.673739499,NA,0.3,0.3
Gm8557,1.167492871,1.932452994,1.573906403,1.227806806,0.2195195,NA,1,0.8
Gm8580,1.231097536,-3.124725379,2.964958833,-1.053884912,0.291935611,NA,0,4.3
Gm8586,0.258637477,0.129205915,3.008302782,0.042949771,0.965741574,NA,2.5,0.6
Gm8596,0.434558942,-0.940427494,2.966143729,-0.317053919,0.751202689,NA,0.1,1.2
Gm8599,0.588426883,-0.534564849,2.22824275,-0.239904224,0.810404506,NA,0.3,1.2
Gm8601,0.119783168,1.848948635,3.021984179,0.611832665,0.540648475,NA,0.3,3.8
Gm8609,0.433854468,-1.156722283,2.957721994,-0.391085533,0.695734014,NA,0.1,1.5
Gm8624,1.399661775,-0.105956016,1.272475188,-0.083267648,0.933638724,NA,1.1,6.3
Gm8643,1.130456355,1.169620058,1.579093082,0.740691015,0.458880808,NA,0.8,1.1
Gm8648,0.509895799,-0.295747392,2.258792634,-0.130931626,0.895829396,NA,0.2,1
Gm8649,0.334751717,-0.506932025,2.991543164,-0.169455026,0.865438745,NA,0.2,0.9
Gm8659,0.686563998,-0.16684576,1.752397539,-0.095209995,0.924148031,NA,0.5,1.5
Gm8661,0.577862705,-1.171346957,2.781507229,-0.421119508,0.673667817,NA,3.2,1.7
Gm8662,0.754171953,1.099011184,1.755331487,0.62609894,0.531250047,NA,3.5,0.9
Gm8667,0.227497332,-0.228840184,3.006710536,-0.076109815,0.939331731,NA,0.1,0.7
Gm8681,0.029353866,1.126524066,3.026154283,0.372262602,0.70969734,NA,0,3.3
Gm8696,0,0,0,0,1,NA,0,3.6
Gm8702,0.427365788,2.571320854,3.012444529,0.853566208,0.393345389,NA,0.5,0.1
Gm8712,0.25897191,-0.872856314,2.996219841,-0.291319182,0.770807218,NA,3.4,3.1
Gm8722,0.18825803,1.65095781,3.020536783,0.546577621,0.584668947,NA,0.3,0.2
Gm8741,0.265301606,1.185111184,3.023314443,0.391990713,0.695065076,NA,0.2,0.3
Gm8748,0.519089669,-0.968887186,2.527250015,-0.383376073,0.701440941,NA,0.1,1.1
Gm8762,0.146043499,-0.113196582,3.019730125,-0.037485662,0.970097772,NA,0,0.5
Gm8768,0.16466344,1.641473744,3.020684589,0.543411169,0.586846737,NA,0.3,0.2
Gm8778,0.03251612,1.126524066,3.026154283,0.372262602,0.70969734,NA,3.5,0.1
Gm8795,0.813049965,-1.176814896,2.592327633,-0.453960711,0.649857105,NA,0.3,9.6
Gm8806,0.170758234,2.078405397,3.018469574,0.688562646,0.491098534,NA,0.4,0.1
Gm8807,0.217450535,-0.003860108,3.012139338,-0.001281517,0.998977498,NA,2.5,5.2
Gm8814,1.326044394,-3.23641182,2.964335628,-1.091783194,0.274928408,NA,0,6.5
Gm8824,0.921998526,-0.58488502,1.379249026,-0.424060492,0.671521698,NA,5.9,2.2
Gm8837,0.456748757,1.835791821,3.017824961,0.608316203,0.542977777,NA,0.3,0.2
Gm8840,0.604764054,0.339907729,1.690925273,0.201018776,0.840683893,NA,0.7,1.1
Gm8858,0.319989901,0.992944071,3.014837945,0.329352386,0.741889352,NA,0.3,0.5
Gm8860,0.645689153,0.940531009,1.978953496,0.475266858,0.634596779,NA,0.5,4.4
Gm8870,0.230951714,0.154648641,3.011783972,0.051347853,0.959048337,NA,0.2,0.6
Gm8879,0.490432418,-1.797415147,2.97754891,-0.60365596,0.5460724,NA,0,5
Gm8880,0.254774823,0.887110301,3.021240856,0.293624489,0.769044861,NA,2.3,0.4
Gm8883,0,0,0,0,1,NA,3.2,0
Gm8885,0.041629625,0.837989154,3.026154276,0.276915543,0.781844958,NA,1.9,5.9
Gm8888,0.288956359,0.674485574,3.010110031,0.224073395,0.822700194,NA,0.3,0.6
Gm8890,0,0,0,0,1,NA,2.1,0
Gm8900,0.274212959,1.185110663,3.023314449,0.39199054,0.695065204,NA,0.2,0.3
Gm8906,0.313116649,2.961558871,3.011421978,0.983442006,0.325389945,NA,0.7,0
Gm8907,0.793294907,-1.193153653,1.552867956,-0.768354868,0.442276386,NA,0.3,2
Gm8909,0.48413638,-0.799113967,2.563357667,-0.311745012,0.755234317,NA,0.2,1.3
Gm8919,0.595357605,0.520396586,2.485635363,0.209361596,0.834165971,NA,0.4,0.8
Gm8924,0.124888875,0.011098855,3.022236547,0.003672398,0.997069857,NA,0,0.6
Gm8925,1.318827569,-0.082474625,1.18459864,-0.069622421,0.944494191,NA,5.1,2.4
Gm8940,0.248727454,-0.380958706,3.001661614,-0.12691594,0.89900693,NA,0.1,0.8
Gm8955,0.353036691,-0.12277487,2.492411962,-0.049259461,0.960712526,NA,0.3,0.9
Gm8957,1.837974858,-1.173476899,1.239912658,-0.946419001,0.343934918,NA,1.1,5.5
Gm8963,0.214673495,1.185110663,3.023314449,0.39199054,0.695065204,NA,0.2,0.3
Gm8971,0.242782467,-0.787521449,2.998613424,-0.262628535,0.792836904,NA,0,0.9
Gm8976,0.404430605,-0.26350372,2.992619726,-0.088051187,0.929835993,NA,0.2,1
Gm8984,0.431917333,-0.245170965,2.993134702,-0.081911103,0.934717405,NA,0.2,1.1
Gm8989,0.13436085,-0.032142853,3.021746934,-0.010637176,0.991512922,NA,0,0.5
Gm8993,0.170688345,1.155663995,3.024778096,0.382065712,0.702412624,NA,0.1,2
Gm8996,0.192141934,1.797736926,3.018357802,0.595601,0.551441808,NA,0.4,0.2
Gm9001,0.153683614,-0.135697346,3.019078774,-0.044946607,0.964149868,NA,0,0.5
Gm9002,0.607591071,0.056957422,1.834026421,0.031055944,0.975224924,NA,0.4,1.1
Gm9005,0.176126861,0.340075514,3.020939951,0.112572749,0.910369291,NA,0.1,0.5
Gm9006,0.190279379,0.270750963,3.020080461,0.089650248,0.928565153,NA,0.1,0.5
Gm9008,0.312183834,-1.145423288,2.989444012,-0.383155959,0.70160413,NA,0,1.1
Gm9022,1.13650461,1.261863479,1.565440999,0.8060754,0.420199375,NA,0.9,5
Gm9042,0.42122724,0.610528028,3.002987311,0.203306896,0.838895166,NA,0.3,0.6
Gm9057,0.296901374,2.515542577,3.016449717,0.833941492,0.404313955,NA,0.3,3.7
Gm9077,0,0,0,0,1,NA,3,4.6
Gm9081,1.513262528,1.312085034,1.169428758,1.121988001,0.261867542,NA,1.5,1.6
Gm9083,0.467281586,-0.949206463,2.640987746,-0.35941343,0.71928583,NA,4.8,1.4
Gm9102,0.698875936,1.380641822,2.407887895,0.573382932,0.566385444,NA,0.5,0.6
Gm9104,0.567558257,-1.131012158,2.975098003,-0.380159631,0.703826924,NA,2.1,4.8
Gm9118,0.718600152,2.124825123,2.643626969,0.803753762,0.421539198,NA,1.3,0.6
Gm9120,0.226930945,0.58287641,3.022831272,0.192824659,0.84709629,NA,0.1,0.4
Gm9127,0.303045918,0.013006668,3.001059437,0.004334025,0.996541959,NA,0.2,0.7
Gm9132,0.384828342,-0.112491527,2.741297798,-0.041035865,0.967267304,NA,0.3,0.9
Gm9142,0.584254548,0.002895928,2.209246856,0.001310822,0.998954116,NA,0.3,3.4
Gm9143,0.586800087,0.012190647,1.832961618,0.006650792,0.994693475,NA,2.9,1
Gm9162,1.263779381,0.047873969,1.292507601,0.037039603,0.970453428,NA,0.8,2
Gm9164,0.729291109,-1.195782904,2.347558521,-0.509372991,0.610490805,NA,5.2,2.1
Gm9166,0.264188541,-0.904026763,2.995379642,-0.301807073,0.762799138,NA,0,0.9
Gm9167,0.723874811,0.713399397,2.393558725,0.298049674,0.765665251,NA,0.4,0.9
Gm9169,0.191673406,0.198190458,3.01816791,0.065665816,0.947643889,NA,0.1,0.5
Gm9173,0.153994416,1.091039048,3.02395361,0.360798871,0.718249807,NA,0.2,0.3
Gm9202,0.264215178,-0.309596352,3.002115231,-0.103126072,0.917862913,NA,0.1,0.7
Gm9204,0.716401206,-0.511116447,1.401629462,-0.364658749,0.715366154,NA,0.5,1.7
Gm9207,0.177921291,1.640659761,3.020697315,0.543139411,0.587033819,NA,0.3,0.2
Gm9211,1.212617268,0.396483272,1.3085108,0.303003438,0.761887241,NA,1.3,1.8
Gm9234,0.433204599,1.484755146,3.007407236,0.493699399,0.621518489,NA,0.7,0.5
Gm9237,0,0,0,0,1,NA,0,2.5
Gm9264,1.286526894,0.616247606,2.222637093,0.277259661,0.781580732,NA,1,1.8
Gm9267,0.186901982,0.278293768,3.020238183,0.092142987,0.926584435,NA,0.1,0.5
Gm9274,0.04473095,1.732734015,3.024778107,0.572846653,0.566748528,NA,0.1,2.9
Gm9280,1.212575503,0.290789555,1.200926746,0.242137629,0.808673522,NA,0.8,1.9
Gm9294,0.953647647,0.147045957,1.428387433,0.102945429,0.918006282,NA,1,1.7
Gm9311,0.11583621,0.211038275,3.023762114,0.06979328,0.944358196,NA,4.1,0.4
Gm9318,0.317532576,1.844333121,3.014080094,0.61190581,0.540600077,NA,0.6,0.3
Gm9321,0,0,0,0,1,NA,0,3.9
Gm9333,0.323267113,0.958361325,3.019182121,0.317424152,0.750921783,NA,3.6,3.6
Gm9341,0.715248316,-0.160227997,1.759215735,-0.09107922,0.927429644,NA,0.7,1.5
Gm9347,0.285483693,1.329093243,3.014669479,0.440875278,0.659303292,NA,0.4,0.4
Gm9349,0.050168678,0.837989154,3.026154276,0.276915543,0.781844958,NA,0,4.2
Gm9351,1.171030626,0.93328621,1.312073387,0.71130641,0.47689438,NA,1.1,1.4
Gm9358,0.618738086,-0.147998589,1.999020377,-0.074035558,0.940982092,NA,0.6,1.4
Gm9367,1.111323111,0.296798273,1.253913768,0.236697515,0.812891463,NA,0.9,4.6
Gm9368,0.44305935,-0.276747923,2.356729385,-0.117428808,0.906520256,NA,0.3,1
Gm9370,0.139846349,0.211038587,3.023762117,0.069793383,0.944358114,NA,0,3.2
Gm9372,0.657696977,-0.260958148,1.653790662,-0.157793942,0.874619172,NA,0.6,1.5
Gm9378,0.47536775,0.128690498,2.604530883,0.049410241,0.960592367,NA,0.3,0.8
Gm9379,0.307698657,1.19405484,3.023202701,0.39496354,0.692869796,NA,0.2,0.3
Gm9381,1.612398007,-1.63389156,1.606634961,-1.016965023,0.309170069,NA,0.8,4.3
Gm9385,1.427992197,-1.09368362,2.466974278,-0.443329965,0.657527085,NA,0.7,10.6
Gm9392,0.502986663,0.166572406,2.884171307,0.057753992,0.953944586,NA,0.3,4.5
Gm9395,0.240669439,0.250378301,3.012223625,0.083120755,0.933755523,NA,0.2,0.6
Gm9400,0,0,0,0,1,NA,0,3.8
Gm9402,0.341425776,0.816088427,3.015433104,0.270637218,0.786670068,NA,0.3,0.5
Gm9403,1.16192373,-1.709197788,1.81398601,-0.94223317,0.346073275,NA,4.1,10.8
Gm9409,1.744694781,-0.105787327,1.024245714,-0.103283154,0.917738246,NA,5.6,6.8
Gm9423,0.067931605,0.837989154,3.026154276,0.276915543,0.781844958,NA,2.7,0.2
Gm9435,0.356840576,1.26250289,3.015880533,0.418618336,0.675495087,NA,0.3,0.4
Gm9436,0.507223743,0.154796335,2.909192514,0.053209382,0.957565081,NA,0.4,1
Gm9439,1.341648444,-0.884334711,1.294386407,-0.683207663,0.494475631,NA,0.7,2.9
Gm9442,0.30728133,1.391278251,3.02009241,0.460674066,0.645032464,NA,0.3,0.3
Gm9451,0.141024046,-0.039953997,3.021604456,-0.013222775,0.989450059,NA,0,0.5
Gm9457,0.5478208,1.32940799,3.005907248,0.44226514,0.658297354,NA,0.6,0.5
Gm9499,0.465652245,0.014588573,1.905139971,0.007657481,0.993890274,NA,0.3,0.9
Gm9506,0.329450588,0.906277277,3.010211167,0.301067675,0.76336289,NA,0.4,0.5
Gm9512,0.162922187,1.091039048,3.02395361,0.360798871,0.718249807,NA,0.2,4.8
Gm9514,0.616084753,1.513109702,2.999110983,0.504519409,0.613896426,NA,0.6,0.6
Gm9516,0.200724704,0.900857955,3.021366663,0.298162407,0.765579213,NA,0.2,0.4
Gm9517,0.160844747,0.52871329,3.022384835,0.174932485,0.861132685,NA,0.1,0.4
Gm9520,0.890704122,4.064860252,2.991715368,1.358705542,0.174239915,NA,0.9,0
Gm9521,0.335810793,0.667001979,3.019362519,0.220908213,0.825163902,NA,0.2,2.4
Gm9530,0.062455007,1.444198905,3.024778102,0.477456149,0.633037339,NA,3.1,0.1
Gm9531,1.052448482,-1.303004105,2.041068985,-0.638392977,0.523217902,NA,0.5,2.9
Gm9613,0.050847462,0.837989154,3.026154276,0.276915543,0.781844958,NA,4.4,0.2
Gm9614,0.417001391,2.095769173,3.014509839,0.695227179,0.486912942,NA,0.4,0.2
Gm9621,0.358035151,0.209751168,2.790648508,0.075162159,0.940085692,NA,0.3,0.7
Gm9633,0.760274798,0.154460233,1.767760989,0.087376197,0.930372489,NA,4.1,6.2
Gm9644,0.106004163,0.279338845,3.02432724,0.092363961,0.926408872,NA,0,2.5
Gm9645,1.86909213,0.945940802,1.190367142,0.794663065,0.426809523,NA,2,2.3
Gm9658,0.967357035,-1.23318415,1.416426427,-0.870630572,0.383955898,NA,0.4,2.6
Gm9661,0.202631143,-0.520645427,3.007062234,-0.173140888,0.862540686,NA,0,0.7
Gm9687,0.206198875,1.42710887,3.019551699,0.472622764,0.636482339,NA,0.3,0.3
Gm9694,0.661063367,-2.236292061,2.972067331,-0.75243654,0.451788579,NA,0,6
Gm9703,1.152224885,0.139484826,1.158218418,0.120430503,0.90414213,NA,0.9,1.9
Gm9706,0.028959053,1.126524066,3.026154283,0.372262602,0.70969734,NA,4,0.1
Gm9711,0.142295361,0.546228681,3.023153347,0.180681765,0.856617373,NA,0.1,0.4
Gm9712,0.042861344,1.732734015,3.024778107,0.572846653,0.566748528,NA,0.1,1.7
Gm9719,1.01866431,0.500525657,1.442332969,0.34702504,0.728572507,NA,0.9,5.9
Gm9722,1.074466206,-2.284976971,2.835374579,-0.805881871,0.420310965,NA,0.2,11.5
Gm9725,0.489408126,-1.794445686,2.977591918,-0.602649972,0.546741569,NA,6.3,13.2
Gm9727,0.291731936,1.327838522,3.014685993,0.44045666,0.659606396,NA,2.5,0.4
Gm973,0.228452747,-0.717884028,3.000672405,-0.239241054,0.810918671,NA,0,1.1
Gm9732,0,0,0,0,1,NA,0,3.6
Gm9754,0,0,0,0,1,NA,3.4,0
Gm9761,0.227634019,-0.685646943,3.001659125,-0.228422654,0.81931768,NA,6.2,4.8
Gm9762,0.421984209,0.962049032,3.006269283,0.320014257,0.748957523,NA,2.9,0.6
Gm9774,1.657287526,-0.767192714,1.113709357,-0.688862592,0.490909742,NA,0.9,3.6
Gm9785,0.799644651,-2.502709757,2.969463076,-0.842815584,0.399331591,NA,0,2.8
Gm9790,0.754053067,-1.072820201,1.694702496,-0.633043383,0.526705313,NA,2.6,2
Gm9800,1.232484634,1.348145984,1.64325088,0.820413974,0.411980152,NA,1.2,1.2
Gm9803,1.230774856,2.85892079,2.161175225,1.322854694,0.185883705,NA,1.3,3.3
Gm9812,0.656247186,2.682222638,3.002444791,0.893346198,0.371671805,NA,0.6,3.6
Gm9825,0.149205621,-0.06600071,3.021017528,-0.021847179,0.98256986,NA,0,0.6
Gm9828,1.033669966,-2.419444519,2.966132137,-0.815690066,0.414677422,NA,0.1,9
Gm9889,0.518103031,-1.263066827,2.979531946,-0.423914511,0.671628161,NA,4,4.6
Gm9892,1.609866527,0.937009406,1.011698396,0.926174649,0.354355225,NA,1.5,4.7
Gm9895,0,0,0,0,1,NA,0,2
Gm9903,0.080112651,0.837989154,3.026154276,0.276915543,0.781844958,NA,3.7,0.2
Gm9905,0,0,0,0,1,NA,0,1.4
Gm9918,0,0,0,0,1,NA,0,3.8
Gm9922,0.165248929,0.189756108,3.019561739,0.062842268,0.949892107,NA,0.1,0.7
Gm9926,0.912780826,4.104256531,2.990786688,1.372299986,0.16997007,NA,1,0
Gm9936,0,0,0,0,1,NA,0,2.1
Gm9949,0,0,0,0,1,NA,0,1.8
Gm9951,0.042861344,1.732734015,3.024778107,0.572846653,0.566748528,NA,2.6,0
Gm9958,0.508258776,-1.856972765,2.976704585,-0.623835087,0.532735894,NA,0,2.3
Gm9967,0.596665951,3.249530538,3.002617462,1.082232612,0.279149181,NA,3.5,0.1
Gm9974,0.335818736,-1.23290682,2.987523311,-0.412685255,0.679837229,NA,4.8,3.5
Gm9985,0.166518501,-0.293313207,3.014368985,-0.097305011,0.922484177,NA,0,0.8
Gmpr,0.646145673,3.705146082,2.999501075,1.235254127,0.21673594,NA,9.2,3.4
Gna14,0.05618658,1.884001011,3.024208933,0.622973165,0.533302156,NA,1.9,0
Gnai1,0.246667906,1.771124303,3.023202742,0.585843708,0.557980549,NA,0.2,1.5
Gnat2,0.318739368,-1.161805669,2.989075532,-0.388683945,0.697509961,NA,0,4.1
Gnaz,0.16042332,0.373044265,3.021180599,0.123476321,0.901729924,NA,3.5,3
Gnb3,0.040056325,1.126524066,3.026154283,0.372262602,0.70969734,NA,0,1.9
Gng4,0,0,0,0,1,NA,0,1.3
Gng7,0.144344538,1.179120647,3.023389629,0.389999567,0.696536867,NA,0.2,0.3
Gnmt,0.428613441,3.23919909,3.008471163,1.07669275,0.281617552,NA,1,1.6
Gnpnat1,0,0,0,0,1,NA,0,3.1
Gp1ba,0.703493838,-2.31840561,2.97121315,-0.780289226,0.435220653,NA,7.6,6.9
Gp5,0.202713368,-0.523232806,3.006972735,-0.174006502,0.861860353,NA,0,0.7
Gpat2,0.492303894,-1.802750901,2.977471851,-0.605463625,0.544870987,NA,0,5.1
Gpat3,0.538175171,-1.936397154,2.975631055,-0.650751763,0.515206743,NA,3.5,2.2
Gpc1,1.931503793,0.927629282,2.836774331,0.327001437,0.743666798,NA,3.1,3.2
Gpc4,0.666795034,-2.245135485,2.971973,-0.75543603,0.449987402,NA,0,2.8
Gpd1,0.057447156,1.393414388,3.024981103,0.460635733,0.64505997,NA,2.8,0.1
Gper1,0,0,0,0,1,NA,2.4,0
Gpihbp1,0,0,0,0,1,NA,4,3.5
Gpld1,0,0,0,0,1,NA,0,6.1
Gpr150,0.385035975,3.139093203,3.009791582,1.042960324,0.296966669,NA,0.9,0
Gpr161,0.042781775,1.732734015,3.024778107,0.572846653,0.566748528,NA,0.1,3.5
Gpr176,0,0,0,0,1,NA,1.6,0
Gpr179,0.187252823,1.733664673,3.01928433,0.574197222,0.565834349,NA,3.4,4.4
Gpr182,0.492303894,-1.802750901,2.977471851,-0.605463625,0.544870987,NA,0,4.4
Gpr26,0.172355032,-0.309296529,3.013886978,-0.102623798,0.918261554,NA,0,0.6
Gpr3,0.711968841,-2.335219324,2.971044125,-0.785992811,0.431871699,NA,0,5.9
Gpr4,1.252418657,-0.779730205,2.955263161,-0.263844593,0.791899672,NA,4.3,6.6
Gpr52,0.160349985,1.444198905,3.024778102,0.477456149,0.633037339,NA,0.1,1.5
Gpr75,1.298110538,4.609907965,2.980812002,1.546527578,0.121977205,NA,1.3,0
Gpr82,1.165629505,-3.050895134,2.965397994,-1.02883159,0.303558819,NA,7.5,10.4
Gpr83,0,0,0,0,1,NA,0,2.7
Gpr84,0.168559741,2.497824176,3.016680679,0.828004168,0.407668139,NA,0.6,0
Gpr85,0.354154853,-1.315092465,2.985820677,-0.440445896,0.65961419,NA,3.3,3.9
Gprc5a,1.185924404,-1.61110402,2.187667484,-0.736448309,0.461457914,NA,0.4,4.2
Gprin1,0,0,0,0,1,NA,0,1.6
Gpx3,1.129603113,-3.003468279,2.965692143,-1.012737713,0.311185459,NA,0,4.8
Gpx7,0.668379506,2.70481262,3.002049542,0.900988669,0.367594345,NA,1.3,3.3
Gramd2,0.162580601,-0.225356596,3.016476125,-0.074708563,0.940446595,NA,2.2,0.5
Gria1,0.104074063,0.152429095,3.023295467,0.050418193,0.959789139,NA,0,0.5
Gria2,0,0,0,0,1,NA,0,2.6
Gria4,0,0,0,0,1,NA,6.5,5.7
Grifin,1.616585939,-2.699534315,2.299723174,-1.173851856,0.240454369,NA,0.3,5.2
Grik2,0,0,0,0,1,NA,0,3.5
Grin3a,0.21553029,-0.640714402,3.003070977,-0.213353066,0.831051585,NA,0,1.1
Grip1,0,0,0,0,1,NA,0,3
Grm2,0,0,0,0,1,NA,0,3.4
Grm8,0.252839611,2.804220994,3.013033118,0.930697036,0.352010303,NA,0.9,0
Grrp1,0.400563254,-1.485950437,2.982573286,-0.498210872,0.61833542,NA,0,1
Gsdmc4,0,0,0,0,1,NA,0,3.9
Gsdmcl-ps,0,0,0,0,1,NA,0,3.8
Gsg1,0.09721746,1.732734015,3.024778107,0.572846653,0.566748528,NA,0.1,1.3
Gspt2,0,0,0,0,1,NA,4.2,4.2
Gsta3,0.228962938,-0.722738311,3.000525692,-0.240870562,0.809655438,NA,0,1.1
Gstp2,0.239582408,-0.761369629,2.999375231,-0.253842741,0.799617052,NA,0,0.8
Gstt4,0.259640692,-0.880403656,2.996014751,-0.293858251,0.768866221,NA,0,0.9
Gtf2a1l,0.21553029,-0.640714402,3.003070977,-0.213353066,0.831051585,NA,0,1.1
Gtpbp4-ps3,0.278502876,-0.05687436,3.010372354,-0.018892799,0.984926624,NA,0.1,0.6
Gucy1b2,0,0,0,0,1,NA,1.6,3.8
Gucy2g,0,0,0,0,1,NA,0,3.2
Gulp1,0,0,0,0,1,NA,2.6,0
Gxylt2,0.391533864,-0.347721914,2.986972071,-0.116412844,0.907325356,NA,0.3,3.6
H2afy3,0,0,0,0,1,NA,1.8,0
H2al1m,0.313132318,-1.150731689,2.989324153,-0.384947109,0.700276603,NA,0,1.1
H2-Bl,0.787185811,-1.56564762,2.404837443,-0.651040936,0.515020062,NA,0.2,11.6
H2-M11,0.241383981,2.764496214,3.013466519,0.917380763,0.35894315,NA,0.8,0
H2-T3,0.096276731,0.549454242,3.026154269,0.181568484,0.855921384,NA,0,4.5
H3f3aos,0.134989526,-0.036549529,3.021675146,-0.012095784,0.990349196,NA,0,0.5
Hacd1,0,0,0,0,1,NA,3.9,0
Haghl,1.919522057,1.645040336,2.267903929,0.725357152,0.468232952,NA,1.9,7
Hal,0,0,0,0,1,NA,1.4,0
Hand2os1,0,0,0,0,1,NA,0,2.9
Hap1,0.497476787,1.935068339,3.007386306,0.643438568,0.519939564,NA,3.7,0.4
Hapln1,0.030032649,1.126524066,3.026154283,0.372262602,0.70969734,NA,0,3.6
Has1,0.098967125,1.732734015,3.024778107,0.572846653,0.566748528,NA,0.1,3.4
Has2,0.45339442,2.241031691,3.01007565,0.744510089,0.45656794,NA,6.3,4.6
Has2os,0.213908875,2.658314477,3.014680925,0.881789663,0.377890563,NA,0.5,0
Has3,0.456947497,1.649939612,3.016449637,0.546980659,0.584392019,NA,4.8,0.3
Hbb-bt,1.869630577,-1.217816098,2.872724479,-0.423923737,0.671621432,NA,1.6,4.4
Hc,0,0,0,0,1,NA,2.5,0
Hcar2,1.396338509,1.295608209,2.942512531,0.440306777,0.659714933,NA,10.7,4.9
Hdac9,0.581620085,2.476756065,3.006320729,0.823849578,0.410025033,NA,4.7,0.3
Hecw1,1.261804176,-3.158358605,2.964766077,-1.065297741,0.286741215,NA,3.1,8.2
Hemgn,0.771500883,-1.659857627,2.968671975,-0.559124632,0.576076665,NA,0.2,8.7
Hepacam2,0,0,0,0,1,NA,0,3.5
Hes7,0.268164439,-0.9306376,2.994676365,-0.310763998,0.755980041,NA,0,1
Hesx1,0.443424599,-1.16827551,2.981176971,-0.391883985,0.695143937,NA,0.1,1
Hey1,1.027385293,-2.863554989,2.966618188,-0.965259028,0.334415088,NA,0,8.1
Hey2,0,0,0,0,1,NA,1.8,0
Heyl,0.385035975,3.139093203,3.009791582,1.042960324,0.296966669,NA,0.9,0
Hgd,0,0,0,0,1,NA,3.9,0
Hgf,0.395594689,-1.487855333,2.982539181,-0.498855251,0.617881361,NA,24,1.4
Hgfac,0,0,0,0,1,NA,0,2.2
Hhipl1,0.126397326,0.211038275,3.023762114,0.06979328,0.944358196,NA,4,0.4
Hif3a,0.145703688,-0.138707553,3.018992352,-0.045944983,0.963354101,NA,0,0.7
Hils1,0,0,0,0,1,NA,2.5,0
Hipk4,0.174293885,0.168903119,3.019000307,0.055946705,0.955384264,NA,0.1,3
Hist1h2ag,0.313116649,2.961558871,3.011421978,0.983442006,0.325389945,NA,3.6,0
Hist1h2ah,0.300029409,2.927924546,3.011752703,0.972166321,0.330967812,NA,0.7,0
Hist1h2bb,0.145008063,1.732734015,3.024778107,0.572846653,0.566748528,NA,1.8,3
Hist1h2be,1.851804077,-0.564256033,2.85243992,-0.197815221,0.843189637,NA,5.7,3.9
Hist1h2bh,1.268128685,-3.165497138,2.964725738,-1.067720058,0.285646808,NA,0,9.2
Hist1h2bn,0,0,0,0,1,NA,0,3.3
Hist1h2bp,1.60612244,4.590366167,2.976739886,1.542078362,0.123054552,NA,1.2,0.1
Hist1h3b,1.676212359,-3.569969187,2.962736595,-1.204956658,0.228220034,NA,0,5.8
Hist1h3d,0.289590526,-1.037533793,2.991976422,-0.346772049,0.728762578,NA,0,4.1
Hist1h3f,0,0,0,0,1,NA,2.1,0
Hist1h3g,0.656279002,-1.679506201,2.973448231,-0.564834519,0.572186326,NA,0.1,6.8
Hist1h3h,0.624444377,-2.154825878,2.972963863,-0.724807289,0.468570263,NA,0,6.2
Hist1h3i,0.183395413,-0.381842712,3.011513592,-0.126794285,0.899103219,NA,0,4.6
Hist1h4a,0,0,0,0,1,NA,0,5.3
Hist1h4f,0.186697931,0.21946729,3.018790379,0.072700407,0.942044524,NA,0.1,0.6
Hist1h4h,0.14630144,0.47792795,3.022588002,0.158118787,0.874363197,NA,0.1,5.3
Hist1h4j,0.180100661,-0.36098539,3.012207555,-0.119840809,0.904609254,NA,1.9,0.6
Hist3h2bb-ps,0.32681297,-1.226406065,2.987662116,-0.410490215,0.68144638,NA,0,5.4
Hk1os,1.296874734,-2.772870988,2.963754861,-0.935593906,0.349482313,NA,1.8,14
Hmcn1,0.042861344,1.732734015,3.024778107,0.572846653,0.566748528,NA,0.1,3.5
Hmcn2,0,0,0,0,1,NA,3,2.5
Hmgb1-ps1,0.36028751,1.19405484,3.023202701,0.39496354,0.692869796,NA,0.2,4.6
Hmgb1-ps2,0.177393287,1.187434843,3.023285352,0.392763072,0.694494481,NA,0.3,0.3
Hmgb1-ps3,0.028110203,1.126524066,3.026154283,0.372262602,0.70969734,NA,0,3.4
Hmgb1-ps4,0.155674884,0.532091575,3.023034406,0.176012411,0.860284192,NA,0.1,0.4
Hmgb1-ps5,1.617935122,4.947676017,2.701082046,1.831738516,0.066990387,NA,3.3,6.3
Hmgb1-rs17,0.082684798,0.549454242,3.026154269,0.181568484,0.855921384,NA,0,4.4
Hmgn3,0.969294235,-0.732077293,2.95733991,-0.247545874,0.804485793,NA,12.4,2.1
Hmx2,0,0,0,0,1,NA,0,1.6
Hnmt,0.611567629,3.458005657,3.004075554,1.151104756,0.249689142,NA,0.6,0
Hoga1,0,0,0,0,1,NA,0,3.3
Homer2,1.187343058,-3.077686899,2.965236036,-1.037923073,0.299305871,NA,0,11.1
Hormad2,0,0,0,0,1,NA,1.6,4.7
Hotairm1,0,0,0,0,1,NA,3.6,0
Hoxa10,0.790962878,-2.493886822,2.969541887,-0.839822072,0.401008156,NA,0,8.1
Hoxa11,0.02809329,1.681949511,3.024981108,0.55601984,0.578197292,NA,1.9,0
Hoxa13,0,0,0,0,1,NA,4.2,0
Hoxa5,0,0,0,0,1,NA,0,1.7
Hoxa9,0.311549456,2.180306008,3.013545352,0.723501973,0.469371542,NA,0.7,6.5
Hoxb13,0,0,0,0,1,NA,4.4,0
Hoxb5,0,0,0,0,1,NA,3.8,0
Hoxb6,0.280932901,2.888664355,3.012148004,0.959004787,0.337556334,NA,1,0
Hoxc4,0.28110203,-0.996701956,2.992984548,-0.33301273,0.739124674,NA,0,1
Hoxc9,0.424542885,-1.595919001,2.980675548,-0.535421912,0.592358142,NA,15,1.8
Hoxd4,0,0,0,0,1,NA,0,4.5
Hoxd9,0.224746321,2.712104267,3.014055364,0.899818994,0.368216584,NA,0.8,0
Hp,1.521139963,-0.955927989,2.63520177,-0.362753243,0.716789222,NA,1.1,4.1
Hpca,0,0,0,0,1,NA,2.6,0
Hpn,0,0,0,0,1,NA,4,3.5
Hr,0,0,0,0,1,NA,1.9,0
Hrc,0,0,0,0,1,NA,0,2.3
Hrct1,0.196653031,2.610702923,3.015252934,0.865832147,0.386582217,NA,0.7,0
Hrh4,0,0,0,0,1,NA,2.2,11.7
Hs3st6,0,0,0,0,1,NA,0,1.6
Hs6st2,0,0,0,0,1,NA,2.9,0
Hsbp1l1,0.048925016,0.837989154,3.026154276,0.276915543,0.781844958,NA,2.6,3.2
Hsd17b2,0.523163972,-1.881334137,2.976369057,-0.632090343,0.527327845,NA,0,1.5
Hsd3b3,0.156749302,-0.225078073,3.016484957,-0.07461601,0.940520235,NA,0,0.8
Hsf4,0.912912618,-1.693940066,1.645072077,-1.029705683,0.303148187,NA,0.3,2.9
Hspa12a,1.229085612,-2.177814464,2.960135492,-0.735714453,0.461904492,NA,0.4,4.6
Hspb1,0.812903003,-2.522975126,2.96928386,-0.849691456,0.39549665,NA,0,6.5
Hspb8,0.155831696,-0.115263024,3.019669909,-0.038170736,0.969551553,NA,8.3,0.6
Hspd1-ps3,0.611635269,0.528826741,2.013123973,0.262689605,0.79278983,NA,0.6,0.9
Hspe1-ps1,0.95258176,1.948172308,1.702820674,1.144085421,0.252588213,NA,1.1,0.7
Hspe1-ps2,0.14227931,0.867129086,3.02477809,0.286675273,0.774360972,NA,3.5,0.3
Hspe1-ps5,0.117142023,0.265201602,3.024208348,0.087692901,0.930120762,NA,1.4,0.4
Htr2a,0,0,0,0,1,NA,0,3.8
Htr5b,0,0,0,0,1,NA,0,1.8
Htr7,0,0,0,0,1,NA,0,4
Htra2,0.755515996,-1.89539416,2.970916675,-0.637982942,0.523484784,NA,1.5,5.5
Htra4,0.48784953,-1.787074781,2.977699053,-0.60015292,0.548404327,NA,2,5.4
Hus1b,1.172280797,-0.755919785,2.952985455,-0.255984933,0.797962471,NA,4.9,7
Hyal3,0.477788887,-0.303974351,2.979131022,-0.102034569,0.918729236,NA,0.5,6.3
Hydin,0.778608562,-2.462793713,2.969823479,-0.82927276,0.406950081,NA,0,6.1
Icam5,0.868007989,-2.626839148,2.968403629,-0.884933276,0.376192619,NA,1.7,7.2
Ict1os,0.72578628,-2.368680232,2.970713517,-0.797343877,0.425251345,NA,9.7,3.3
Idi1,0.550221999,-1.963162479,2.975282288,-0.659823939,0.509366819,NA,4.1,5.3
Ido1,0,0,0,0,1,NA,0,2.3
Ifi203-ps,1.106967233,-2.144440127,2.964318229,-0.72341765,0.469423331,NA,3.6,4.2
Ifit1bl2,0.305843124,-1.111051861,2.990230622,-0.371560592,0.710220034,NA,0,1
Ifitm5,0.467790198,2.05207448,3.008347441,0.682126822,0.495158762,NA,0.9,0.4
Ifitm6,1.045345911,3.671373468,2.987589192,1.228874933,0.219118701,NA,8.7,2.4
Ifitm7,0.338736554,1.19405484,3.023202701,0.39496354,0.692869796,NA,0.2,0.3
Ifnb1,0,0,0,0,1,NA,0,3.4
Ifrd2,0.663849363,3.049993408,3.001083825,1.016297307,0.309487831,NA,2,0.2
Ift122,0.684336037,3.10694709,2.999930508,1.03567302,0.300354713,NA,5.2,3.3
Igdcc4,1.595088696,4.888613879,2.976606303,1.642344799,0.100518568,NA,1.1,0
Igf1,1.544356431,-3.448363553,2.963277353,-1.163699223,0.244545924,NA,0,4.3
Igf2bp1,0.597265174,-2.078100143,2.973855448,-0.698789897,0.484683343,NA,2.3,1.9
Igfbp2,0.293538655,-1.056137087,2.991526341,-0.353042884,0.724056291,NA,0,1
Igfbp5,0.5133813,3.435244675,3.004504194,1.143364913,0.252887114,NA,11.4,3.4
Igfbp6,0.419329028,-1.098199609,2.982463666,-0.36821894,0.712709989,NA,15.6,5.9
Ighg1,0.864889518,3.651549061,3.000602292,1.216938703,0.223627539,NA,0.5,0
Ighv1-5,0,0,0,0,1,NA,0,1.6
Ighv1-82,0,0,0,0,1,NA,3.7,0
Ighv6-3,0.545116419,-1.942918823,2.975545482,-0.652962233,0.513780626,NA,0,1.6
Ighv6-4,0,0,0,0,1,NA,0,15.1
Ighv8-16,0.385035975,3.139093203,3.009791582,1.042960324,0.296966669,NA,0.9,0
Igkj1,1.932736852,-3.774457479,2.961923764,-1.274326343,0.202547784,NA,0,6.2
Igkj2,0.168174247,-0.143546933,3.018853771,-0.047550144,0.962074766,NA,0,0.5
Igkv1-131,0,0,0,0,1,NA,0,3.4
Iglc2,0.450628755,0.222891883,2.99507053,0.074419577,0.940676531,NA,0.3,0.6
Iglc3,0,0,0,0,1,NA,3.6,0
Iglv2,0,0,0,0,1,NA,0,5
Iglv3,0,0,0,0,1,NA,4.6,0
Igsf23,0.844414485,-2.577446021,2.968814373,-0.868173519,0.385299349,NA,0,2.6
Igsf9,0.630301175,-1.078346147,2.970647159,-0.363000414,0.716604575,NA,0.4,5.9
Ihh,1.595088696,4.888613879,2.976606303,1.642344799,0.100518568,NA,1.1,0
Il11,0.062375438,1.444198905,3.024778102,0.477456149,0.633037339,NA,4,2.2
Il12b,0,0,0,0,1,NA,0,5.9
Il13,1.015056443,4.222602139,2.988139806,1.413120675,0.157620245,NA,0.7,0
Il17a,0,0,0,0,1,NA,2.6,0
Il17f,0,0,0,0,1,NA,2.2,0
Il17rb,0.477805965,2.795631948,3.013125886,0.927817839,0.353502069,NA,3,2.8
Il17rc,0.176801977,-0.338954883,3.012951155,-0.112499296,0.910427528,NA,4.1,0.6
Il17re,0.747045909,-2.4053106,2.970360225,-0.809770674,0.418071991,NA,4.3,7.5
Il18,0.839755913,0.396787185,2.9639366,0.133871684,0.893504041,NA,7.6,1.4
Il1bos,0,0,0,0,1,NA,0,3.1
Il1r1,0,0,0,0,1,NA,5.8,0
Il23a,0,0,0,0,1,NA,9.8,0
Il27,0,0,0,0,1,NA,3,0
Il3,0.791012227,3.806488063,2.997386667,1.269935609,0.204107568,NA,0.8,1.4
Il33,0.206619714,-0.548775763,3.006097738,-0.182554198,0.855147825,NA,0,6.8
Il4i1,0.920902147,-2.713201755,2.967718225,-0.914238331,0.360591627,NA,0,8.9
Il7,1.769877278,5.087488005,2.974055832,1.710622897,0.087150749,NA,10.7,2.8
Impg1,0,0,0,0,1,NA,0,1.7
Impg2,0.868771578,-2.621949724,2.968443667,-0.883274206,0.377088137,NA,0,6.6
Ina,0.028110203,1.126524066,3.026154283,0.372262602,0.70969734,NA,1.5,0.1
Inava,0,0,0,0,1,NA,3.1,0
Inha,0.430315797,2.172598895,3.010694817,0.721627075,0.470523788,NA,0.8,4.5
Inhbe,0.170620994,-0.196337774,3.017370012,-0.065069174,0.948118924,NA,0,0.5
Inka1,0,0,0,0,1,NA,0,4
Ino80dos,0.310909932,-1.141496267,2.98953294,-0.381830972,0.702586744,NA,3.3,12.5
Inpp5a,1.73895748,-2.798358076,2.516775825,-1.111882135,0.266188831,NA,0.2,5.4
Insyn2a,0.039187325,0.837989154,3.026154276,0.276915543,0.781844958,NA,0,3
Intu,1.652157952,4.311543662,2.976606269,1.448476309,0.147483887,NA,8.8,8
Ip6k3,0,0,0,0,1,NA,6.5,2.2
Iqank1,0.340717834,-1.27312441,2.986678163,-0.426267693,0.669912796,NA,0,1.2
Iqcd,0,0,0,0,1,NA,4.2,0
Iqck,0.581459465,3.258395677,3.002460654,1.085241757,0.277814594,NA,4.7,0.1
Iqsec2,0.693875509,3.778755216,2.998037486,1.260409596,0.207521642,NA,1.7,0
Irak3,1.027049073,-2.858879465,2.966650705,-0.963672421,0.335210186,NA,0,11.3
Irgc1,0,0,0,0,1,NA,2,0
Irx1,0,0,0,0,1,NA,2.9,0
Irx2,0,0,0,0,1,NA,4.2,2.2
Irx5,0.675149904,3.700881903,2.999587272,1.233797042,0.217278542,NA,0.7,0
Islr,0.873580756,-1.071643842,2.960637506,-0.361963881,0.717379022,NA,0.7,2.9
Itga10,0.516855334,0.443652855,2.981720135,0.148790911,0.881718623,NA,0.6,5.3
Itga7,0.343164887,0.098084114,2.995295516,0.032746056,0.973877096,NA,0.4,3.8
Itga8,0.876658797,-2.628724169,2.968388229,-0.885572899,0.375847721,NA,0,2.4
Itgad,1.12399817,-0.975054745,2.954280448,-0.330048133,0.741363593,NA,0.7,11.8
Itgb1bp2,0.803790489,-2.50447494,2.969447366,-0.843414491,0.39899667,NA,3.3,7.8
Itgb2l,0,0,0,0,1,NA,0,2.1
Itgb4,0.03251612,1.126524066,3.026154283,0.372262602,0.70969734,NA,8.6,2.7
Itgbl1,0.08556355,2.044726305,3.023389672,0.676302603,0.49884854,NA,3.9,1.7
Itpa-ps1,0.097754257,0.549454242,3.026154269,0.181568484,0.855921384,NA,3.6,0.3
Itpa-ps3,0,0,0,0,1,NA,2.1,0
Iyd,0,0,0,0,1,NA,0,1.8
Jakmip2,0.020814813,1.126524066,3.026154283,0.372262602,0.70969734,NA,4.5,0.1
Jmjd7,1.881214764,-0.850544799,2.492040267,-0.341304597,0.732874288,NA,1.5,4.6
Jph1,1.100443999,-2.962918107,2.965951393,-0.998977298,0.317805689,NA,0,8.3
Jph4,0,0,0,0,1,NA,3,0
Jsrp1,0,0,0,0,1,NA,0,6
Jup,0.579990514,1.788740576,3.004094061,0.595434277,0.551553219,NA,4.4,3.8
K230015D01Rik,0.280949814,2.515685629,3.013033107,0.834934612,0.403754525,NA,0.9,3.6
Kalrn,0,0,0,0,1,NA,0,2.8
Katnal2,0.09721746,1.732734015,3.024778107,0.572846653,0.566748528,NA,3.4,0
Kazald1,0.612349655,3.630290646,3.001029924,1.209681589,0.226401097,NA,1.5,0
Kbtbd13,0.771412106,-2.450859207,2.969933175,-0.825223688,0.409244607,NA,0,2.7
Kbtbd4,0.145703688,-0.138707553,3.018992352,-0.045944983,0.963354101,NA,0,0.7
Kbtbd8,0.142769339,0.04470739,3.022480103,0.014791624,0.988198422,NA,2.5,3
Kcnab3,0.834108977,4.005822555,2.993045173,1.338376912,0.180773601,NA,1.7,0
Kcnd1,0.468620501,3.263010392,3.007961996,1.084791097,0.27801419,NA,9.1,1.9
Kcng2,0.042781775,1.732734015,3.024778107,0.572846653,0.566748528,NA,4.4,0
Kcnh2,0.990680383,3.006270813,2.989791202,1.005511961,0.314650393,NA,4.5,0.4
Kcnh4,0,0,0,0,1,NA,2.7,0
Kcnh7,0.757515438,-2.418964387,2.970230802,-0.814402835,0.415414215,NA,0,2.2
Kcnip4,0.0894619,2.059658844,3.023202765,0.681283726,0.495691979,NA,4.3,5.6
Kcnj10,0.628609079,-2.152332206,2.972992107,-0.723961628,0.469089293,NA,0,2.1
Kcnj11,0.704492773,-2.319234663,2.971204769,-0.780570456,0.435055173,NA,0,5.8
Kcnj13,0,0,0,0,1,NA,4.8,3.2
Kcnj9,0.224746321,2.712104267,3.014055364,0.899818994,0.368216584,NA,0.8,0
Kcnk1,0.019593663,1.126524066,3.026154283,0.372262602,0.70969734,NA,3.5,0.1
Kcnk10,0.351063636,1.194055222,3.023202696,0.394963667,0.692869702,NA,0.2,0.3
Kcnk13,1.12899692,-0.290510566,2.952131566,-0.098407053,0.921609075,NA,6,1.9
Kcnmb3,0.967376767,2.73186124,2.989061587,0.913952811,0.360741642,NA,6.1,4.5
Kcnq3,0.209007642,1.504764283,3.018420756,0.498527013,0.618112635,NA,0.5,0.3
Kcnq4,0,0,0,0,1,NA,0,4.2
Kcnt1,1.236104766,4.579497205,2.981320738,1.536063244,0.12452287,NA,8.1,0
Kcnu1,0.137155639,-0.07713362,3.02073704,-0.025534702,0.979628469,NA,0,0.7
Kcp,0.208944233,-0.573041632,3.005280423,-0.190678257,0.848777675,NA,0,4.7
Kctd12b,0.176123193,-0.334257489,3.01311113,-0.110934338,0.911668416,NA,0,0.6
Kctd14,0.639001333,-1.587020248,2.972142213,-0.533965111,0.593365672,NA,0.2,5.8
Kctd21,0.818374042,-1.965678763,2.9701704,-0.661806731,0.508095092,NA,4.4,7.8
Kctd8,0.085847053,0.549454242,3.026154269,0.181568484,0.855921384,NA,0,2
Kdf1,0,0,0,0,1,NA,0,5.7
Kif17,0,0,0,0,1,NA,2.3,0
Kif19a,1.223696562,-1.638731063,2.956095152,-0.554356669,0.579334774,NA,2.9,8.7
Kif1a,0.412311684,-1.546197298,2.981515902,-0.518594349,0.604043651,NA,4.1,1.4
Kif21a,0.252839611,2.804220994,3.013033118,0.930697036,0.352010303,NA,3.4,0
Kif26a,0.085808135,0.549454242,3.026154269,0.181568484,0.855921384,NA,2.6,0.3
Kif26b,1.013109493,-1.499079439,2.9591198,-0.5065964,0.612438035,NA,0.6,8.1
Kif3c,1.3697405,2.810806956,2.97123082,0.946007606,0.344144707,NA,1.3,0.6
Kif5a,0.069219974,0.549454242,3.026154269,0.181568484,0.855921384,NA,2.6,0.3
Kirrel,0.792402521,3.619121772,2.995111384,1.208342966,0.226915368,NA,2.4,0.1
Kirrel3,0,0,0,0,1,NA,2.7,2.5
Kirrel3os,0.195096721,-0.459764941,3.009005136,-0.15279633,0.878558892,NA,0,0.6
Klc3,0,0,0,0,1,NA,0,2.7
Klhdc8a,0,0,0,0,1,NA,2.7,0
Klhl10,1.055291616,2.055962416,2.971247944,0.691952491,0.488967165,NA,7.3,5
Klhl11,0.832837507,-0.849316367,2.965584717,-0.286390863,0.774578772,NA,4.3,6
Klhl23,0,0,0,0,1,NA,1.6,0
Klhl29,0.21553029,-0.640714402,3.003070977,-0.213353066,0.831051585,NA,3.2,4.4
Klhl31,1.055283694,2.742573107,2.457653546,1.11593154,0.26445144,NA,1.2,0.5
Klhl32,0,0,0,0,1,NA,0,5.7
Klhl33,0.425543561,-1.593235148,2.980720181,-0.534513491,0.592986318,NA,0,1.5
Klhl35,0.553183013,0.079903271,2.975606269,0.02685277,0.978577164,NA,3.1,3.7
Klhl4,0.898985284,4.131877875,2.990150019,1.381829624,0.167024021,NA,5.2,0
Klk1b10-ps,0,0,0,0,1,NA,0,1.3
Klk1b9,0,0,0,0,1,NA,0,3.2
Klk7,0,0,0,0,1,NA,0,6.8
Klk9,0,0,0,0,1,NA,0,4.1
Klra4,0.294626296,2.541108348,3.012761524,0.843448221,0.398977813,NA,0.6,3.7
Klra8,0.20194276,-0.518107536,3.00715014,-0.172291875,0.863208072,NA,0,0.7
Klrb1,1.045595481,-2.891812544,2.966423885,-0.974848051,0.329635638,NA,0,4.3
Klrb1a,1.264773093,-1.208613847,2.952285764,-0.409382405,0.68225905,NA,4,10.8
Klrg2,0.372286849,2.749669745,3.010694835,0.913300715,0.361084406,NA,0.8,0.1
Krt1,0.195096721,-0.459764941,3.009005136,-0.15279633,0.878558892,NA,0,0.6
Krt14,0.33603198,0.365481498,3.006914841,0.121547006,0.903257785,NA,2,0.6
Krt2,0,0,0,0,1,NA,0,3.8
Krt20,0,0,0,0,1,NA,4.3,0
Krt222,0.195948861,-0.441627918,3.009577348,-0.146740843,0.883336579,NA,0,2.8
Krt42,0,0,0,0,1,NA,2.7,0
Krt5,0,0,0,0,1,NA,0,3.3
Ksr2,0.382279035,-1.437151298,2.983462342,-0.481705862,0.630014911,NA,1.8,1.3
L3mbtl1,0,0,0,0,1,NA,2.1,2.9
Lactbl1,0.566647764,-1.99755716,2.974843425,-0.671483125,0.501912806,NA,0,5.3
Lad1,0.721258522,0.779841433,2.973924473,0.262226374,0.793146921,NA,4.3,0.9
Lama2,0.369460426,3.072195716,3.010383839,1.020532889,0.3074758,NA,0.8,4.7
Large1,0.480936747,1.750205289,3.008058186,0.581838908,0.560675194,NA,11.9,0.5
Large2,0,0,0,0,1,NA,0,3.3
Lat2,0.812195021,-2.523658375,2.969277861,-0.849923279,0.395367742,NA,2.9,8.2
Lbp,0.451432001,2.947773899,3.008533471,0.979804256,0.327182751,NA,1.5,2.6
Lbx1,0,0,0,0,1,NA,0,3.2
Lcat,0.235123952,-0.763905977,2.99930075,-0.254694691,0.798958917,NA,0,1.2
Lcn2,0.227612841,-0.679660183,3.001844744,-0.226414169,0.820879309,NA,0,3.1
Lct,0,0,0,0,1,NA,0,3.2
Ldb2,0,0,0,0,1,NA,0,2.6
Leap2,0,0,0,0,1,NA,0,3.5
Lefty1,0,0,0,0,1,NA,6.5,0
Lekr1,1.671592421,5.000306899,2.975131599,1.680701082,0.09282099,NA,6.7,5.6
Lgals7,0.935936661,1.136013544,2.911586,0.390170012,0.696410835,NA,4,0.9
Lgi1,0,0,0,0,1,NA,0,2.8
Lgr4,0,0,0,0,1,NA,3.5,3
Lgr6,0,0,0,0,1,NA,0,5.3
Lhfp,0.274311278,-0.982571373,2.993340026,-0.328252509,0.742720749,NA,29.4,5.1
Lhfpl5,0.0819691,1.155663995,3.024778096,0.382065712,0.702412624,NA,0.1,3.6
Lhx4,0.776305931,3.551908827,2.996605895,1.185310632,0.235894651,NA,1.9,3.2
Lhx6,1.012298053,3.257964985,2.990340185,1.08949644,0.275935024,NA,1.1,0.3
Lhx9,0.603070029,0.578265031,2.015049027,0.286973182,0.774132855,NA,0.6,1.1
Lilra5,0.08427987,2.053039984,3.023285402,0.67907581,0.497089829,NA,0.3,2.5
Lilra6,0,0,0,0,1,NA,4.5,1.9
Lims2,1.780785167,4.761282936,2.97451283,1.60069336,0.109444853,NA,2.7,2.8
Lingo1,0.08325925,0.316813566,3.024647333,0.104743969,0.916578972,NA,0,2.9
Lipo3,1.222266119,-3.11352147,2.965024044,-1.050083043,0.293679934,NA,0,4.3
Lipt1,0.793329114,0.115322621,2.966676149,0.038872669,0.968991907,NA,3.5,6.8
Lipt2,0.072841153,1.444198905,3.024778102,0.477456149,0.633037339,NA,1.9,0.1
Lix1,0,0,0,0,1,NA,3.2,0
Llph-ps1,0.201221671,0.948819713,3.021585765,0.314013828,0.753510536,NA,0.2,0.4
Llph-ps2,0.723321376,1.215735167,2.673510429,0.454733654,0.649300866,NA,1,0.8
Lman1l,0.340281165,-0.247703096,2.993304576,-0.082752386,0.93404843,NA,0.2,3.6
Lmo1,1.212570165,2.674713097,2.975027896,0.899054795,0.368623475,NA,6.9,3
Lmo7,0.060065298,0.837989154,3.026154276,0.276915543,0.781844958,NA,8.4,0.2
Lmod3,0.042861344,1.732734015,3.024778107,0.572846653,0.566748528,NA,0.1,3
Lncbate6,1.126586295,-2.364712836,2.964080691,-0.797789629,0.42499258,NA,3.5,10.9
Lncppara,0.402115921,-0.828543412,2.984206055,-0.277642829,0.781286551,NA,0.2,1.3
Lnx1,0.180195894,-0.362232239,3.012165797,-0.120256408,0.904280035,NA,0,0.6
Lonrf2,0,0,0,0,1,NA,0,4.4
Lonrf3,0,0,0,0,1,NA,3.8,3.1
Loxhd1,0,0,0,0,1,NA,2.3,0
Loxl1,1.066636063,-0.930591185,2.955354758,-0.314883072,0.752850435,NA,20.7,6.5
Loxl2,0.835375206,2.496858301,2.997173711,0.833070933,0.404804726,NA,5.2,3.3
Loxl4,0,0,0,0,1,NA,0,4.1
Lpar2,1.801395438,-2.379739787,1.434338384,-1.6591202,0.097091574,NA,4.5,5.5
Lpar3,0,0,0,0,1,NA,0,2.5
Lpar5,1.100705451,-2.590748752,2.964907466,-0.873804253,0.382224864,NA,0.1,5
Lpin3,0.028959053,1.126524066,3.026154283,0.372262602,0.70969734,NA,0,1.9
Lpl,0.179079776,1.155663995,3.024778096,0.382065712,0.702412624,NA,6.8,0.2
Lrat,0,0,0,0,1,NA,0,4.1
Lrfn1,1.325047215,-0.181626577,2.946279313,-0.061646082,0.950844678,NA,0.7,10.6
Lrfn3,1.876474964,-3.731823455,2.962083882,-1.259864205,0.207718353,NA,2.6,6
Lrfn5,0.20194276,-0.518107536,3.00715014,-0.172291875,0.863208072,NA,0,0.7
Lrg1,0.360638819,2.71521198,3.011017239,0.901759028,0.367184889,NA,0.8,4.6
Lrig3,0.499555502,-1.835215696,2.977009029,-0.616462926,0.537589034,NA,3.7,6.3
Lrmda,0.280932901,2.888664355,3.012148004,0.959004787,0.337556334,NA,1,2.8
Lrp11,0.168661218,-0.284899309,3.014624775,-0.094505728,0.924707432,NA,0,8.8
Lrp2,0,0,0,0,1,NA,0,1.4
Lrp4,0.096890658,0.549454242,3.026154269,0.181568484,0.855921384,NA,0,2.1
Lrrc19,0,0,0,0,1,NA,2.6,0
Lrrc23,0.723383563,3.78878221,2.997800797,1.263853894,0.206282473,NA,0.8,2.2
Lrrc27,1.535669849,1.239235638,2.922650344,0.424010912,0.671557855,NA,7.2,5.4
Lrrc46,0,0,0,0,1,NA,0,2
Lrrc4c,0.042781775,1.732734015,3.024778107,0.572846653,0.566748528,NA,1.8,0
Lrrc71,0.761070183,-2.420694996,2.970214484,-0.814989964,0.415078055,NA,0,5.7
Lrrc8dos,0,0,0,0,1,NA,4.9,2.1
Lrrd1,0.289590526,-1.037533793,2.991976422,-0.346772049,0.728762578,NA,4.1,1
Lrrn4,0.30919532,-0.729812819,2.991798343,-0.243937838,0.807278964,NA,0.1,1
Lrrn4cl,0.576979315,-2.031781032,2.974416924,-0.683085487,0.494552826,NA,0,6.7
Lum,1.086509779,3.733063039,2.986312857,1.250057585,0.211278512,NA,8.3,0.2
Luzp2,0,0,0,0,1,NA,0,4.4
Luzp4,0,0,0,0,1,NA,2.2,4.2
Ly6f,0.197933024,1.282527769,3.021809645,0.424423746,0.671256806,NA,0.3,0.3
Ly6k,1.020172653,0.752065483,2.956324532,0.254392058,0.799192686,NA,5.7,1.4
Lynx1,0.691320863,0.065483628,2.972615254,0.022028962,0.982424853,NA,0.4,5.2
Lypd6,0.257168065,2.802553983,3.013051083,0.930138224,0.352299522,NA,0.6,0
Lyplal1,0.39844078,3.170636664,3.009521202,1.053535248,0.292095749,NA,1,0
Lyz1,0.050847462,0.837989154,3.026154276,0.276915543,0.781844958,NA,4.4,0.2
M1ap,0,0,0,0,1,NA,6.3,0
Mab21l2,0.405206563,-1.521989907,2.981935521,-0.510403359,0.609768904,NA,0,4
Macrod2,0,0,0,0,1,NA,0,2.1
Mag,1.016847457,0.592330231,2.300222769,0.257509942,0.796785142,NA,1.4,5.8
Mageh1,1.702811756,-1.350251235,2.946623407,-0.458236785,0.646782335,NA,1,9.7
Mall,1.855773825,-1.750462898,2.947333113,-0.59391417,0.552569521,NA,0.8,6.3
Mamdc2,0.263002039,2.059658844,3.023202765,0.681283726,0.495691979,NA,0.2,2.7
Mamdc4,0.171445376,2.493230051,3.01674099,0.826464738,0.408540513,NA,0.4,6.3
Mamstr,0,0,0,0,1,NA,0,1.9
Man2c1os,1.056318204,-1.749062218,2.959900299,-0.590919302,0.554574493,NA,0.5,9.9
Mansc1,0.240008552,-0.791865342,2.998488176,-0.264088199,0.791711957,NA,0,5.7
Mansc4,0.141661941,0.211038275,3.023762114,0.06979328,0.944358196,NA,3.8,4.5
Maoa,0.028848966,1.126524066,3.026154283,0.372262602,0.70969734,NA,0,9.6
Map10,1.073031964,-2.924171677,2.966205983,-0.985828932,0.324217066,NA,0,7.5
Map2k3os,0.086546897,0.549454242,3.026154269,0.181568484,0.855921384,NA,2.8,3
Map3k13,0.375559624,-0.917430948,2.986082469,-0.307235636,0.758664022,NA,0.1,5.2
Map3k15,0.08427987,2.053039984,3.023285402,0.67907581,0.497089829,NA,0.3,4
Map3k19,0.086546897,0.549454242,3.026154269,0.181568484,0.855921384,NA,3.4,0.3
Map3k6,0,0,0,0,1,NA,3,0
Map3k9,0.561865803,3.546931019,3.002460672,1.181341375,0.237467137,NA,4.6,3.8
Map6d1,0.042861344,1.732734015,3.024778107,0.572846653,0.566748528,NA,3.6,0
Mapk13,0.061365086,0.837989154,3.026154276,0.276915543,0.781844958,NA,0,4.3
Mapk15,0.476871335,-1.757709511,2.978131299,-0.590205513,0.555052877,NA,0,1.8
Mapkapk5,1.083516191,-2.94033923,2.966098923,-0.991315296,0.321531647,NA,0,3.7
Mapt,0,0,0,0,1,NA,0,3.8
Marco,0,0,0,0,1,NA,0,1.6
Mark1,0,0,0,0,1,NA,0,2.3
Marveld3,0,0,0,0,1,NA,0,2
Mas1,0.178923799,2.522222608,3.016363315,0.836179977,0.403053661,NA,0.4,1.5
Masp2,0,0,0,0,1,NA,2.6,0
Mast1,0.429516091,-1.615505228,2.980352306,-0.542051765,0.587782846,NA,0,1.9
Matn1,0.040056325,1.126524066,3.026154283,0.372262602,0.70969734,NA,3.7,0.1
Mblac1,0.117561976,0.055368366,3.022558419,0.018318378,0.985384867,NA,0,0.6
Mboat2,1.005292681,1.425147322,2.963497002,0.480900545,0.630587186,NA,1.8,0.8
Mboat4,0.28223274,-0.991834895,2.993106601,-0.331373061,0.740362711,NA,1.6,3.6
Mc5r,0.04473095,1.732734015,3.024778107,0.572846653,0.566748528,NA,0.1,3.5
Mcmdc2,0.240261191,-0.765220677,2.999262194,-0.255136306,0.798617824,NA,0,4.4
Mcpt8,0.296901374,2.515542577,3.016449717,0.833941492,0.404313955,NA,3,0
Mctp1,0.743657846,0.64669087,2.970906079,0.217674626,0.827682635,NA,1,1.4
Mdga1,0.628595203,-0.025409174,2.970575936,-0.008553619,0.993175283,NA,0.9,1.5
Mdga2,0,0,0,0,1,NA,0,3.8
Mdm4-ps,0.463054962,2.12954995,3.01109874,0.707233516,0.479421373,NA,0.9,0.3
Me3,0.070971547,1.444198905,3.024778102,0.477456149,0.633037339,NA,0.1,2.2
Mef2b,0.392595417,0.10958308,2.989156591,0.0366602,0.970755943,NA,0.5,5.9
Mefv,1.452034896,-3.359665181,2.963701449,-1.13360446,0.256960501,NA,1.5,9.7
Meg3,0.058125939,1.393414388,3.024981103,0.460635733,0.64505997,NA,2.2,0.1
Megf6,0.864988141,-2.6198051,2.968461272,-0.882546498,0.377481346,NA,0,3.7
Mei1,0.171445376,2.493230051,3.01674099,0.826464738,0.408540513,NA,0.4,2.2
Meis1,1.513576616,3.027553849,2.360051719,1.282833687,0.199550349,NA,7.7,0.6
Meltf,0.019593663,1.126524066,3.026154283,0.372262602,0.70969734,NA,0,3.4
Mesp2,0.187333313,-0.443618735,3.009514198,-0.14740543,0.88281202,NA,0,0.9
Met,0.637478735,-2.168305908,2.972812024,-0.729378747,0.465770015,NA,5.4,6
Mettl4-ps1,0,0,0,0,1,NA,0,2.4
Mettl5os,1.037867421,4.236263777,2.987847552,1.417831299,0.156240024,NA,4.1,4
Mfap2,0,0,0,0,1,NA,0,1.9
Mfap5,0.224746321,2.712104267,3.014055364,0.899818994,0.368216584,NA,3.7,0
Mfsd9,0,0,0,0,1,NA,0,3.8
Mgam,0,0,0,0,1,NA,0,3.7
Mgarp,1.7880806,1.784349093,2.85245558,0.625548424,0.531611177,NA,7.7,1.3
Mgat3,0.624444377,-2.154825878,2.972963863,-0.724807289,0.468570263,NA,1.9,8.7
Mgat4d,0,0,0,0,1,NA,2.6,0
Mgll,0.117415462,0.211038275,3.023762114,0.06979328,0.944358196,NA,5,2.4
Mgmt,0,0,0,0,1,NA,3.9,3.7
Mgp,1.076830384,4.350356732,2.985508739,1.457157594,0.145072883,NA,1.8,0
Micall2,1.730328069,4.707287,2.975188666,1.582181007,0.113608255,NA,9,3.5
Mid1-ps1,0,0,0,0,1,NA,0,6.9
Mif-ps3,0.741039303,-2.068875091,2.96984375,-0.696627589,0.486035886,NA,0.1,2.4
Mill2,0.526585259,1.111587918,3.01251923,0.368989484,0.712135563,NA,0.3,0.6
Mindy4,1.578012237,4.878901282,2.976739903,1.639008257,0.10121154,NA,1.2,0
Mipepos,0,0,0,0,1,NA,0,2.7
Mir103-2,0,0,0,0,1,NA,0,3.6
Mir1195,0,0,0,0,1,NA,0,2.4
Mir124-2hg,0.17481625,0.298570489,3.020525069,0.098847214,0.92125958,NA,0.1,0.5
Mir124a-1hg,0.314734047,-0.239143782,2.99658921,-0.079805327,0.936392087,NA,0.2,0.9
Mir130a,0,0,0,0,1,NA,0,2.6
Mir133a-1hg,0.042861344,1.732734015,3.024778107,0.572846653,0.566748528,NA,2.9,3.3
Mir1904,0.470599525,3.340420862,3.00635994,1.111118073,0.26651753,NA,1.1,0
Mir1970,1.525906972,-3.434496892,2.963341952,-1.158994456,0.246458445,NA,0,5.3
Mir27a,0.80765199,-2.514687578,2.969356848,-0.846879545,0.397062265,NA,0,2.6
Mir296,0.739354277,-0.144271812,2.965041418,-0.048657604,0.961192163,NA,1,1.8
Mir3091,0.583304759,3.52907026,3.002777529,1.175268639,0.239887257,NA,0.6,5.3
Mir3096,0,0,0,0,1,NA,5.1,0
Mir30c-1,0,0,0,0,1,NA,0,3.2
Mir3109,1.347781229,-2.789607615,2.963656032,-0.941272397,0.346565285,NA,0.1,8.3
Mir32,0,0,0,0,1,NA,2.3,0
Mir326,0.335122526,-0.515603915,2.991323457,-0.172366487,0.863149418,NA,0.2,1
Mir342,0,0,0,0,1,NA,0,2.3
Mir3471-2,0,0,0,0,1,NA,4,0
Mir3473d,0,0,0,0,1,NA,0,3.9
Mir3473g,0,0,0,0,1,NA,0,3.4
Mir423,0,0,0,0,1,NA,4.6,0
Mir450-1,0,0,0,0,1,NA,2.9,0
Mir496b,0,0,0,0,1,NA,3,3.7
Mir503,0,0,0,0,1,NA,4.4,0
Mir5104,0.09721746,1.732734015,3.024778107,0.572846653,0.566748528,NA,0.1,3.2
Mir5118,0,0,0,0,1,NA,2.3,0
Mir5125,0.489841567,-1.808847587,2.977384147,-0.607529125,0.54349982,NA,0,5.3
Mir5128,1.645855856,-3.542873584,2.96285318,-1.19576414,0.231788614,NA,2.6,5.4
Mir5620,1.520852296,4.864947928,2.976933384,1.634214576,0.102213803,NA,6.1,0
Mir5622,1.315010197,4.612137403,2.980775115,1.547294655,0.12179221,NA,1,0
Mir599,0,0,0,0,1,NA,3.5,10.2
Mir6240,0.245207313,1.391278251,3.02009241,0.460674066,0.645032464,NA,0.3,0.3
Mir6398,0,0,0,0,1,NA,0,2.2
Mir6910,0.097968313,0.194508577,3.023628819,0.064329515,0.948707852,NA,0,0.5
Mir6924,0.282827818,-1.024001156,2.992307421,-0.342211214,0.732191946,NA,1.3,1.4
Mir6929,0,0,0,0,1,NA,0,1.6
Mir6984,0.428613441,3.23919909,3.008471163,1.07669275,0.281617552,NA,1,1.9
Mir7073,0,0,0,0,1,NA,0,1.5
Mir7086,0.162580601,-0.225356596,3.016476125,-0.074708563,0.940446595,NA,0,0.5
Mir709,0,0,0,0,1,NA,4.1,0
Mir7119,0,0,0,0,1,NA,0,2.5
Mir744,0,0,0,0,1,NA,3.5,3
Mir763,0.09721746,1.732734015,3.024778107,0.572846653,0.566748528,NA,9.7,0
Mir7656,0.240337953,-0.737038949,3.000096282,-0.245671765,0.805936331,NA,0,0.6
Mir7682,0.03251612,1.126524066,3.026154283,0.372262602,0.70969734,NA,0,3.1
Mir8091,0,0,0,0,1,NA,0,3.2
Mir8103,0,0,0,0,1,NA,4.5,0
Mir8116,0.234830924,-0.734155094,3.000182541,-0.244703475,0.806686037,NA,0,0.8
Mir875,0,0,0,0,1,NA,0,3.6
Mirlet7f-2,0,0,0,0,1,NA,3.8,0
Mkln1os,1.007776425,-2.535141343,2.965858046,-0.854775011,0.392675715,NA,0.1,13
Mkrn2os,0,0,0,0,1,NA,1.6,0
Mkrn3,0.282334971,0.144689501,3.005439958,0.048142536,0.961602647,NA,7.2,0.7
Mkx,0,0,0,0,1,NA,5.4,4
Mlip,0,0,0,0,1,NA,9.7,0
Mlph,0.097968313,0.194508577,3.023628819,0.064329515,0.948707852,NA,0,0.5
Mm2pr,0,0,0,0,1,NA,0,2.2
Mmp13,0.313557087,-0.609658273,2.993372347,-0.203669374,0.838611876,NA,5.5,17.9
Mmp16,0.020814813,1.126524066,3.026154283,0.372262602,0.70969734,NA,4.4,2.9
Mmp17,0.452972605,1.453211831,3.00535274,0.483541187,0.628711523,NA,1.1,0.5
Mmp19,0.80303783,2.559525038,2.995929991,0.854334062,0.39291992,NA,1.6,0.4
Mmp20,0,0,0,0,1,NA,0,3.4
Mmp21,0,0,0,0,1,NA,1.5,0
Mmp28,0.214306721,2.65965382,3.014665085,0.882238572,0.377647807,NA,0.5,0
Mmp8,0,0,0,0,1,NA,4.8,0
Mmrn1,0,0,0,0,1,NA,0,2.3
Mmrn2,1.926880987,4.884421971,2.973061333,1.642893107,0.100405052,NA,2.8,0.1
Mn1,0.196653031,2.610702923,3.015252934,0.865832147,0.386582217,NA,5.1,1.9
Mogat1,1.060949849,4.320170264,2.986110203,1.446755133,0.147965517,NA,5.5,3.4
Morc1,0,0,0,0,1,NA,0,2.2
Morc4,0.86732914,-1.602051597,2.968951203,-0.539601862,0.589471632,NA,0.2,15.7
Morn4,0.315216627,-0.767327184,2.990870702,-0.256556455,0.797521194,NA,0.1,4
Mpc1,0.44255664,1.353706526,3.010430212,0.449672117,0.652946879,NA,3.4,0.6
Mpc1-ps,0.430671839,3.243574194,3.008377019,1.078180751,0.2809531,NA,1,1.4
Mpdz,0.52507281,0.209475841,2.978536011,0.070328457,0.943932233,NA,0.8,1
Mpig6b,0.614018468,3.281883293,3.002049577,1.093214222,0.274299754,NA,1.3,0.1
Mpp3,0.210032684,-0.579495344,3.005065308,-0.192839518,0.847084654,NA,0,0.8
Mpp4,0.227836675,-0.693109272,3.001428777,-0.230926443,0.817371947,NA,0,0.8
Mpped2,0.667942456,-0.944107592,2.968259622,-0.318067727,0.750433563,NA,2.6,9.7
Mpzl2,0.168661218,-0.284899309,3.014624775,-0.094505728,0.924707432,NA,0,0.6
Mrap2,0,0,0,0,1,NA,4.1,0
Mrgpra6,0,0,0,0,1,NA,3.4,2.9
Mrgprb1,0,0,0,0,1,NA,6.8,0
Mrgprb2,0.905193454,0.367341913,2.973201985,0.123550944,0.901670836,NA,0.4,1
Mrgprb9-ps,0,0,0,0,1,NA,4.6,0
Mroh5,0,0,0,0,1,NA,1.9,0
Mrpl53,0,0,0,0,1,NA,0,2.5
Mrps18b,0.637099157,-2.174603178,2.972741572,-0.73151437,0.464465031,NA,2.9,5.4
Mrps34,0.877610549,-0.459407108,2.93346788,-0.156608876,0.875553107,NA,5.9,1.8
Mrps36-ps2,0.315284049,1.938614539,3.01303309,0.643409641,0.519958329,NA,0.9,4.4
Mrto4-ps2,0,0,0,0,1,NA,0,2.7
Mrvi1,0.955124093,-2.761318916,2.967353693,-0.930566155,0.352078029,NA,0,3.9
Ms4a13,0,0,0,0,1,NA,2.9,0
Ms4a2,1.210845325,4.46673084,2.983301023,1.49724443,0.134329668,NA,0.7,0
Msantd1,1.323693021,0.103611057,2.94531814,0.035178222,0.971937627,NA,0.7,2.5
Msantd3,0.500433838,3.053826654,3.006320772,1.015802,0.309723683,NA,4.2,0.1
Msh4,0.416620924,-1.560554644,2.981270297,-0.523452921,0.600659105,NA,0,4.5
Msi1,0,0,0,0,1,NA,0,1.6
Mslnl,0,0,0,0,1,NA,0,2.8
Mst1,0,0,0,0,1,NA,0,3.7
Mst1r,0,0,0,0,1,NA,0,2.4
Mterf1b,1.648423641,-2.036960965,2.951474571,-0.690150268,0.490099694,NA,0.8,4.8
Mtss1l,0.383620012,0.50636731,2.995901613,0.169020006,0.865780905,NA,2.5,0.6
mt-Te,0.335035597,-0.45432577,2.997675252,-0.151559369,0.879534482,NA,0.1,1.1
mt-Tf,0,0,0,0,1,NA,2.8,3.9
mt-Ti,0.261091398,-0.315452427,3.001926971,-0.105083312,0.916309701,NA,4,4.6
mt-Tl2,0,0,0,0,1,NA,0,2.6
mt-Tv,0.207807697,0.734495547,3.01999347,0.243210972,0.807841968,NA,0.3,0.5
Muc13,0.536339872,3.492113698,3.00344503,1.162702717,0.244950139,NA,4.7,0
Muc16,0.576979315,-2.031781032,2.974416924,-0.683085487,0.494552826,NA,0,5.1
Muc20,0,0,0,0,1,NA,0,2.9
Muc3,0.556163075,3.523006605,3.002885945,1.173206931,0.240712833,NA,1.3,0
Muc4,0,0,0,0,1,NA,3.5,0
Muc6,0.914953757,4.140035793,2.98996422,1.384643925,0.166161373,NA,2.5,4
Mup-ps22,1.30507257,4.593668445,2.981082369,1.540939792,0.12333144,NA,0.9,1.4
Musk,0,0,0,0,1,NA,2.3,0
Mybpc3,0.874904778,1.136064806,2.969009881,0.382640965,0.701985992,NA,0.6,1
Mycl,1.039451735,4.335538168,2.985802473,1.452051235,0.14648736,NA,7.8,2.5
Mycn,0,0,0,0,1,NA,0,1.5
Myct1,0.684667538,3.761931318,2.998375995,1.254656295,0.209603558,NA,1.6,1.3
Myh11,1.218495508,-3.112229653,2.965031595,-1.049644684,0.293881505,NA,4.6,5.1
Myh7b,0.730425543,3.856575399,2.996241129,1.287137861,0.198046241,NA,6.9,3.7
Myl1,0.342890753,3.039705998,3.010680965,1.009640687,0.312667469,NA,0.8,0
Myl10,0.280225136,-0.99175295,2.993108659,-0.331345455,0.74038356,NA,0,3.7
Myo15,0,0,0,0,1,NA,0,4.1
Myo18b,0.430671839,3.243574194,3.008377019,1.078180751,0.2809531,NA,1,0
Myo1a,0,0,0,0,1,NA,0,2.3
Myo3a,0,0,0,0,1,NA,2.5,0
Myo5b,0.646590869,-2.206111865,2.972393615,-0.742200445,0.457965899,NA,0,9.8
Myo5c,0,0,0,0,1,NA,0,3.2
Myom1,0.060065298,0.837989154,3.026154276,0.276915543,0.781844958,NA,2.2,2.4
Myorg,0.687880711,3.440871494,2.999015221,1.147333788,0.251243695,NA,1.5,1.8
Myoz3,0.128447559,0.022400427,3.022317886,0.007411671,0.994086396,NA,0,0.5
Myrf,0.723121406,2.089542641,2.997824575,0.697019652,0.485790496,NA,4.8,0.5
N4bp2os,0.919800097,3.843342729,2.990149991,1.285334428,0.198675444,NA,7.5,0.1
Nanog,0.768241684,3.153429903,2.99899348,1.051496085,0.293030807,NA,0.7,0.2
Nanos2,0,0,0,0,1,NA,3.6,0
Nanos3,0.641632489,-1.501671847,2.975835156,-0.504621986,0.613824365,NA,0.1,2
Nat8b-ps,0,0,0,0,1,NA,0,1.6
Nat8l,0,0,0,0,1,NA,0,2.8
Ncam1,0.237915501,1.945151878,3.016363289,0.64486658,0.519013651,NA,26.7,3.3
Ncam2,0.2143055,1.742750851,3.019150654,0.577232159,0.563782635,NA,0.3,0.2
Ncan,0.59446933,2.905220297,3.003625138,0.967237975,0.333425082,NA,1.2,3.2
Nckap5,0,0,0,0,1,NA,2.9,0
Ncr3-ps,0.209875671,0.673751339,3.023613782,0.222829828,0.823667952,NA,0.1,0.4
Nctc1,0.166518501,-0.293313207,3.014368985,-0.097305011,0.922484177,NA,1.4,0.8
Ndrg4,0.280932901,2.888664355,3.012148004,0.959004787,0.337556334,NA,1,4.8
Ndufa11b,0.372619778,2.218979326,3.013121336,0.736438755,0.461463727,NA,0.4,0.2
Ndufa4l2,0.295866933,-1.07655862,2.991038796,-0.359928003,0.718900975,NA,0,1.2
Ndufb4c,0.028848966,1.126524066,3.026154283,0.372262602,0.70969734,NA,0,1.6
Ndufs6b,1.737375352,2.487990981,1.562858367,1.591949107,0.11139614,NA,3.7,1.1
Necab3,0.174282795,2.050715888,3.023314498,0.678300551,0.49758115,NA,0.2,1.8
Nectin1,0.028848966,1.126524066,3.026154283,0.372262602,0.70969734,NA,5.6,7
Nectin2,0,0,0,0,1,NA,0,6.7
Nectin3,1.621896867,2.281826481,2.946044074,0.774539153,0.438612024,NA,14.1,1
Nectin4,0.299647706,-1.084452365,2.990852172,-0.362589758,0.716911362,NA,4,4.2
Negr1,0.48535053,-1.307440859,2.978797854,-0.438915604,0.66072269,NA,0.1,1.1
Nek10,0,0,0,0,1,NA,1.6,2.3
Neurl1a,0.286828524,-1.005261709,2.992770874,-0.335896649,0.736948804,NA,0,0.8
Neurod2,0,0,0,0,1,NA,0,2.8
Neurod6,0.972174599,4.19306993,2.988780794,1.402936588,0.160635749,NA,1,0
Nfasc,1.395425946,0.479280818,1.381312274,0.346974994,0.728610105,NA,0.9,1.9
Nfe2l3,1.289844193,3.954306466,2.982147345,1.325992987,0.18484202,NA,1.4,2.1
Ngb,0.020814813,1.126524066,3.026154283,0.372262602,0.70969734,NA,3.7,4.7
Ngef,0.162580601,-0.225356596,3.016476125,-0.074708563,0.940446595,NA,0,0.5
Ngf,0.02809329,1.681949511,3.024981108,0.55601984,0.578197292,NA,0.1,3.9
Nhej1,1.268790179,-1.142160417,2.952146787,-0.386891472,0.698836555,NA,0.9,6.5
Nhlrc1,0.422940556,-1.581652517,2.980913744,-0.530593185,0.595700719,NA,0,1.4
Nid1,0.31015626,1.296777697,3.021577954,0.429172345,0.667797807,NA,7,13.7
Nim1k,1.798948149,-2.308386873,2.951889561,-0.782003129,0.434212735,NA,4,5.2
Ninl,1.762809857,-0.082113976,2.933200366,-0.02799467,0.977666402,NA,6.7,4
Nipa1,1.773044427,0.780836074,2.929381307,0.266553238,0.789813164,NA,14.9,6.7
Nkain2,0.473261356,1.175427315,2.99830691,0.392030352,0.695035787,NA,1,0.7
Nkapl,0.870946819,-2.624682145,2.968421275,-0.884201365,0.376587521,NA,0,6.6
Nkx2-3,0.212492912,-0.570546697,3.005363837,-0.189842804,0.849432313,NA,0,0.6
Nlrp12,0,0,0,0,1,NA,0,6
Nlrp1a,0,0,0,0,1,NA,0,3.2
Nlrp6,0.196653031,2.610702923,3.015252934,0.865832147,0.386582217,NA,0.7,0
Nme9,0,0,0,0,1,NA,2.5,0
Nmur1,0,0,0,0,1,NA,0,3.8
Nnat,0.257424404,-0.868686376,2.996333585,-0.289916443,0.771880162,NA,0,3.4
Nnmt,0,0,0,0,1,NA,0,3.9
Nodal,0,0,0,0,1,NA,0,2.4
Nos1,0,0,0,0,1,NA,0,3
Nos1ap,0,0,0,0,1,NA,0,4
Nos3,0.820118721,-2.53913468,2.969142736,-0.85517434,0.392454639,NA,3.6,2.9
Notch3,0.322106646,-1.190219693,2.988446155,-0.398273762,0.690428399,NA,0,1.1
Nova1,1.329452375,-0.245296521,1.229008929,-0.199588885,0.841802122,NA,1.1,2.7
Nox1,0.257168065,2.802553983,3.013051083,0.930138224,0.352299522,NA,0.6,0
Nphp4,1.10965744,-2.099158781,2.964656861,-0.708061297,0.478907193,NA,4.3,9.1
Nphs1,0,0,0,0,1,NA,2.6,2.2
Nphs2,0.345955807,2.059658844,3.023202765,0.681283726,0.495691979,NA,4.7,0
Npl,0.796616307,-1.364480548,2.965262023,-0.460155135,0.645404871,NA,0.3,6.4
Npm2,0.112440812,0.211038275,3.023762114,0.06979328,0.944358196,NA,0,3.1
Npr1,1.110686769,-1.415718506,2.956418341,-0.478862712,0.632036299,NA,0.5,2.4
Npr2,0.360506929,-1.331926893,2.98548358,-0.446134389,0.655500173,NA,0,0.9
Npr3,0.490193188,3.051885568,3.006359919,1.015143113,0.310037613,NA,4.4,0.1
Nqo1,1.556801132,4.840099408,2.977282506,1.625676904,0.104018406,NA,0.9,2.3
Nr1d1,1.476751419,-1.431249251,2.35956517,-0.606573308,0.544134118,NA,0.8,4.2
Nr1h3,0.931587838,-2.720968664,2.967658562,-0.916873895,0.359208725,NA,5,3
Nr2f1,0.318739368,-1.161805669,2.989075532,-0.388683945,0.697509961,NA,27.8,3.8
Nr3c2,0.710210745,2.784706577,3.000628093,0.928041227,0.353386185,NA,1.4,4.9
Nr5a2,0,0,0,0,1,NA,0,4.5
n-R5s136,0,0,0,0,1,NA,0,1.9
n-R5s161,0,0,0,0,1,NA,0,5
n-R5s162,0,0,0,0,1,NA,2.2,0
n-R5s183,0.686888815,-2.291480723,2.97148793,-0.771155992,0.440614475,NA,3.1,7.3
n-R5s200,0,0,0,0,1,NA,0,4.2
n-R5s25,0.059649988,0.837989154,3.026154276,0.276915543,0.781844958,NA,0,3.3
n-R5s39,0.975483604,-2.786462125,2.967167969,-0.939098209,0.347680324,NA,0,7
n-R5s64,0,0,0,0,1,NA,3,0
Nrap,0.87004838,3.996859072,2.993228291,1.335300446,0.181778033,NA,0.6,0
Nrarp,0.691911614,2.979424421,3.011249229,0.98943136,0.322452137,NA,9.2,2.8
Nrbp2,0.926331829,-2.234119981,2.967630595,-0.752829542,0.451552352,NA,0.1,6.3
Nrcam,0,0,0,0,1,NA,0,3.9
Nrg1,0,0,0,0,1,NA,3.1,0
Nrg2,0,0,0,0,1,NA,0,1.3
Nrip2,0.235123952,-0.763905977,2.99930075,-0.254694691,0.798958917,NA,2.8,1.2
Nrtn,0,0,0,0,1,NA,1.7,0
Nrxn2,0,0,0,0,1,NA,0,1.3
Nsa2-ps2,0.309509129,0.909802486,3.021254838,0.301133977,0.763312333,NA,0.2,0.4
Nsg1,0.100961248,1.155663995,3.024778096,0.382065712,0.702412624,NA,1.9,2.7
Nthl1,1.215978051,4.545859652,2.981895759,1.524486441,0.127387242,NA,7.3,1.6
Ntn3,1.547676717,4.893072956,2.976545261,1.64387655,0.100201705,NA,4.3,0
Ntng2,0.041629625,0.837989154,3.026154276,0.276915543,0.781844958,NA,0,2.1
Ntrk1,0,0,0,0,1,NA,0,3.3
Ntrk2,0,0,0,0,1,NA,0,2.3
Nuak1,1.094814887,-1.994189011,2.961386604,-0.673397053,0.500694723,NA,2.9,4.2
Nudt10,0.410954117,-1.541605936,2.981594956,-0.517040698,0.605127749,NA,0,5.8
Nudt12,0,0,0,0,1,NA,0,3.5
Nudt15,1.372913136,-1.578274517,2.674257922,-0.590172886,0.555074748,NA,0.6,4
Nudt17,0.777615104,0.350455217,2.967042219,0.11811602,0.90597573,NA,0.9,5.1
Nudt6,0,0,0,0,1,NA,8.4,4
Nupr1l,0,0,0,0,1,NA,5.6,0
Nutf2,0.348582228,-1.304711373,2.986030496,-0.436938395,0.662156026,NA,0,1.2
Nutf2-ps1,1.796558745,1.202436814,1.098494853,1.094622165,0.273682201,NA,1.6,2
Nwd2,0.743725191,-2.391645816,2.970490978,-0.805134853,0.420741865,NA,0,6.2
Nxf2,0.104074063,0.152429095,3.023295467,0.050418193,0.959789139,NA,0,0.5
Nxnl2,1.769858864,-3.647491089,2.962414853,-1.231256009,0.218227129,NA,0,5.7
Nxpe1-ps,0,0,0,0,1,NA,0,3.5
Nxpe2,0,0,0,0,1,NA,2.9,0
Nxpe4,0,0,0,0,1,NA,5.6,2
Nxpe5,0.983265155,4.257489164,2.987398773,1.425149264,0.154114059,NA,6.7,1.7
Nyap1,0.067280616,1.104879266,3.024981098,0.365251626,0.714923584,NA,0.1,5.4
Oas1e,0.020814813,1.126524066,3.026154283,0.372262602,0.70969734,NA,0,3.4
Oas1g,0.755033925,-1.345935754,2.966945052,-0.45364364,0.650085338,NA,0.3,4.7
Oaz3,0.165610076,-0.263324921,3.015287191,-0.087329964,0.930409237,NA,0,2.7
Obox4-ps32,0,0,0,0,1,NA,3.1,0
Obscn,1.623029553,-3.523163325,2.96293937,-1.18907709,0.234409333,NA,0,5.5
Ocstamp,1.447883295,-2.994544909,2.962534126,-1.010805203,0.312109672,NA,0.1,9.2
Oit3,0.620705669,-2.133038156,2.973212279,-0.717418723,0.47311577,NA,0,6.2
Olfr1038-ps,0.042781775,1.732734015,3.024778107,0.572846653,0.566748528,NA,0.1,4.2
Olfr1051,0,0,0,0,1,NA,0,2.2
Olfr1065,0,0,0,0,1,NA,0,2
Olfr1090,0,0,0,0,1,NA,4.6,0
Olfr112,0,0,0,0,1,NA,0,2.9
Olfr1124,1.454334343,-0.375540377,1.076457288,-0.348866956,0.727189194,NA,0.9,3
Olfr1152,0.293033755,-1.053769697,2.991583299,-0.352244812,0.724654673,NA,0,1
Olfr1162,0,0,0,0,1,NA,0,4.2
Olfr1181,0,0,0,0,1,NA,0,3.7
Olfr1191-ps1,0.362622019,1.649939612,3.016449637,0.546980659,0.584392019,NA,0.3,0.3
Olfr1220,0.260631473,-0.885606296,2.995873998,-0.295608659,0.76752896,NA,0,0.9
Olfr1225,0,0,0,0,1,NA,5.5,0
Olfr1247,0,0,0,0,1,NA,0,2.3
Olfr1258,0.390193441,-1.461168726,2.983021061,-0.489828498,0.624255263,NA,3.2,1.2
Olfr1259,0.725040317,3.651549061,3.000602292,1.216938703,0.223627539,NA,0.5,0
Olfr1262,1.556801132,4.840099408,2.977282506,1.625676904,0.104018406,NA,0.9,0
Olfr1277,0,0,0,0,1,NA,0,3
Olfr1293-ps,0.315471638,1.935542764,3.013066208,0.642383084,0.52062448,NA,0.6,0.3
Olfr1318,0.035415485,1.126524066,3.026154283,0.372262602,0.70969734,NA,1.5,0.1
Olfr1369-ps1,0.202636926,-0.505924558,3.007574323,-0.16821681,0.866412717,NA,0,0.6
Olfr1372-ps1,0.198676954,-0.030718489,3.013061126,-0.01019511,0.99186562,NA,1.8,0.6
Olfr1373,0.260128961,-0.873463025,2.996203302,-0.291523284,0.770651139,NA,0,0.8
Olfr1384,0.337119482,3.039139384,3.010686203,1.00945073,0.31275852,NA,1.2,0
Olfr1431,0.195936627,-0.505972622,3.007572642,-0.168232885,0.866400071,NA,0,1
Olfr1444,0.664095388,2.140751314,3.003864034,0.71266585,0.476052553,NA,0.5,0.4
Olfr1446,0,0,0,0,1,NA,0,5.2
Olfr157,1.280623966,-2.708836631,2.964143707,-0.913868185,0.360786113,NA,3.4,8
Olfr17,0,0,0,0,1,NA,0,2.9
Olfr177,0.028848966,1.126524066,3.026154283,0.372262602,0.70969734,NA,0,3.9
Olfr186,0,0,0,0,1,NA,0,2.1
Olfr188-ps1,1.036004908,2.030546112,2.03510195,0.997761371,0.318395086,NA,0.9,4.6
Olfr250,0,0,0,0,1,NA,0,4.2
Olfr275,0,0,0,0,1,NA,0,2.3
Olfr299,0,0,0,0,1,NA,2.5,0
Olfr348,0,0,0,0,1,NA,0,5.2
Olfr362,0,0,0,0,1,NA,0,3.4
Olfr384,0,0,0,0,1,NA,2.1,0
Olfr390,0,0,0,0,1,NA,0,4.6
Olfr411,0,0,0,0,1,NA,0,4.3
Olfr482,0.079127731,0.549454242,3.026154269,0.181568484,0.855921384,NA,0,3.5
Olfr49,0,0,0,0,1,NA,4.1,0
Olfr524,0.02809329,1.681949511,3.024981108,0.55601984,0.578197292,NA,0.1,2.9
Olfr528-ps1,0,0,0,0,1,NA,0,2.2
Olfr54,0,0,0,0,1,NA,3,0
Olfr544,0,0,0,0,1,NA,3.9,0
Olfr553,0,0,0,0,1,NA,3.3,0
Olfr557,0.871416293,-2.627024496,2.968402114,-0.884996168,0.376158698,NA,0,7.2
Olfr558,0,0,0,0,1,NA,0,2.7
Olfr56,0.253234201,0.888374308,3.015631036,0.294589855,0.768307213,NA,0.3,0.6
Olfr568,0,0,0,0,1,NA,0,5
Olfr57,0,0,0,0,1,NA,4,0
Olfr60,1.800316041,5.105579318,2.973840476,1.71683026,0.08601019,NA,4.1,0
Olfr607,0.468522139,-1.74185437,2.97836833,-0.58483511,0.558658594,NA,0,2.2
Olfr701,0,0,0,0,1,NA,2.8,0
Olfr732,0,0,0,0,1,NA,0,3
Olfr754-ps1,0,0,0,0,1,NA,0,3.9
Olfr756-ps1,0.11583621,0.211038275,3.023762114,0.06979328,0.944358196,NA,4.8,4.1
Olfr787,0.048442628,0.837989154,3.026154276,0.276915543,0.781844958,NA,3.4,0.2
Olfr810,0.289590526,-1.037533793,2.991976422,-0.346772049,0.728762578,NA,2.8,1
Olfr816,0.402578549,3.176104833,3.009474897,1.055368442,0.29125685,NA,0.9,0
Olfr822,0,0,0,0,1,NA,0,2.8
Olfr856-ps1,0.117561976,0.055368366,3.022558419,0.018318378,0.985384867,NA,0,0.6
Olfr898,0.061869986,0.837989154,3.026154276,0.276915543,0.781844958,NA,3.4,0.2
Olfr905,0.452297763,2.593373737,3.009522815,0.861722571,0.388840202,NA,1.4,0.2
Olfr912,0.195096721,-0.459764941,3.009005136,-0.15279633,0.878558892,NA,0,2.6
Olfr920,1.353952673,-3.261362405,2.964202854,-1.100249398,0.271223473,NA,2.1,12.3
Olfr921,0.030032649,1.126524066,3.026154283,0.372262602,0.70969734,NA,0,4.8
Olfr943,0,0,0,0,1,NA,0,3.4
Olig3,0,0,0,0,1,NA,6.4,0
Olr1,0.971816449,-2.78109967,2.96720731,-0.937278518,0.34861531,NA,2.3,6.8
Onecut2,1.610314195,4.94632628,2.975830358,1.662166752,0.096479344,NA,12.5,2.7
Opn3,0,0,0,0,1,NA,0,4.4
Oprd1,0,0,0,0,1,NA,0,2.4
Orm2,0.028110203,1.126524066,3.026154283,0.372262602,0.70969734,NA,0,3.3
Osbpl10,0.11647892,0.106726912,3.022942966,0.035305632,0.971836033,NA,0,0.5
Osbpl1a,0.702905038,0.673475397,2.973900821,0.226461956,0.820842145,NA,5,1
Osbpl6,0,0,0,0,1,NA,0,1.7
Oser1,0.332437217,-0.861061795,2.988654118,-0.28811022,0.77326237,NA,2.3,1.5
Otx1,1.927133938,-3.770981637,2.961936642,-1.2731473,0.202965777,NA,0,6.7
Ovol2,0.250929901,-0.269853212,3.003412867,-0.089848857,0.928407323,NA,0.1,5.3
Oxgr1,0,0,0,0,1,NA,0,3.1
Oxt,1.333276385,-3.236941548,2.964332785,-1.091962942,0.27484939,NA,0,4
P2rx1,0,0,0,0,1,NA,0,2.9
P2rx3,0.55076488,-1.951075849,2.97543899,-0.655727056,0.511999757,NA,0,4.3
P3h2,0.271750696,-0.964917639,2.99378898,-0.322306497,0.747220512,NA,0,1.3
Pabpc4l,0,0,0,0,1,NA,0,8.3
Pacsin3,0.527989689,0.884879391,2.988389495,0.296105776,0.767149303,NA,3.8,5.4
Padi3,0.096449986,1.732734015,3.024778107,0.572846653,0.566748528,NA,2.5,0
Padi4,1.028672259,4.311158021,2.986292149,1.443649116,0.148837702,NA,6.6,0
Pafah1b1-ps1,0.353198216,1.709183303,3.015696045,0.566762458,0.57087558,NA,0.4,0.3
Pafah1b1-ps2,0.165242143,2.0947769,3.018237622,0.694039755,0.487657278,NA,0.4,0.1
Pafah2,0.1690577,0.99073323,3.021949988,0.327845674,0.743028351,NA,4.7,3.7
Pam16,0.667700822,3.008561413,3.001786654,1.002256909,0.316219529,NA,0.9,2.3
Panx3,0,0,0,0,1,NA,0,2.8
Paqr5,0.145703688,-0.138707553,3.018992352,-0.045944983,0.963354101,NA,0,3.2
Pard3b,0.04473095,1.732734015,3.024778107,0.572846653,0.566748528,NA,0.1,4.6
Pard6b,0.080112651,0.837989154,3.026154276,0.276915543,0.781844958,NA,2.3,0.2
Pard6g,0.550794867,-0.174563905,2.980406314,-0.058570506,0.953294203,NA,4.6,4.3
Pate2,1.142396095,0.436309396,2.95029464,0.147886719,0.882432169,NA,5.4,6.8
Pawr,0.429653192,0.855638907,3.020808155,0.283248344,0.776986472,NA,0.2,5.7
Pax3,0.136651023,-0.047724477,3.021442123,-0.015795264,0.987397726,NA,3.3,0.5
Pax5,0,0,0,0,1,NA,2.1,0
Pax8,0.042781775,1.732734015,3.024778107,0.572846653,0.566748528,NA,0.1,3
Pax9,1.635979214,-3.177157822,2.961659843,-1.072762569,0.283377659,NA,0.1,4.9
Pcbp3,0.784377275,-2.47365361,2.969724441,-0.832957286,0.40486882,NA,2,2.7
Pcdh10,0.028110203,1.126524066,3.026154283,0.372262602,0.70969734,NA,2.6,2.3
Pcdh7,0,0,0,0,1,NA,0,6.6
Pcdh9,0,0,0,0,1,NA,3.1,0
Pcdhb17,0.019593663,1.126524066,3.026154283,0.372262602,0.70969734,NA,2.2,0.1
Pcdhb21,0,0,0,0,1,NA,2.2,0
Pcdhb22,0.461679671,2.963377712,3.008198297,0.985100522,0.324574697,NA,6.2,3.8
Pcdhga2,0.205477059,-0.54146419,3.006346655,-0.180107038,0.857068538,NA,0,0.7
Pcdhga6,0,0,0,0,1,NA,0,4.3
Pcdhgb4,0,0,0,0,1,NA,0,4.4
Pcdhgc3,0,0,0,0,1,NA,4,0
Pcna-ps2,1.479530215,0.295347225,1.175371498,0.251279893,0.801597719,NA,1.2,2.3
Pcsk1,0.029353866,1.126524066,3.026154283,0.372262602,0.70969734,NA,0,1.6
Pcsk2,0,0,0,0,1,NA,0,2.7
Pcsk5,0.09754836,0.549454242,3.026154269,0.181568484,0.855921384,NA,4.1,0.3
Pde3a,0,0,0,0,1,NA,3.5,0
Pde5a,1.711357748,-0.416950118,2.937353072,-0.141947565,0.887121423,NA,7.1,8.4
Pde6a,0.035415485,1.126524066,3.026154283,0.372262602,0.70969734,NA,0,2
Pde6b,0,0,0,0,1,NA,3,3.6
Pde6h,0,0,0,0,1,NA,1.5,1.7
Pde7b,0.94119905,4.18566685,2.988943474,1.400383408,0.161398536,NA,5.9,2.9
Pdgfd,0.166518501,-0.293313207,3.014368985,-0.097305011,0.922484177,NA,4.4,0.8
Pdgfrl,0.02809329,1.681949511,3.024981108,0.55601984,0.578197292,NA,0.1,1.6
Pdia5,1.08090797,4.383612315,2.984860107,1.468615666,0.141937063,NA,11.9,3.2
Pdxk-ps,0,0,0,0,1,NA,0,3.7
Pdzd4,1.732252258,0.51471715,2.849629317,0.180626002,0.856661145,NA,2.6,11.2
Pdzd9,0.38886984,2.979424421,3.011249229,0.98943136,0.322452137,NA,0.4,6.3
Pdzk1,0.195096721,-0.459764941,3.009005136,-0.15279633,0.878558892,NA,0,0.6
Pdzrn3,0,0,0,0,1,NA,2.7,0
Peak1os,1.913934721,5.175479409,2.973032869,1.740808002,0.081717239,NA,3.5,4.2
Peg10,0.057697932,0.837989154,3.026154276,0.276915543,0.781844958,NA,2.3,3.4
Peg3,0,0,0,0,1,NA,0,1.3
Peli3,0,0,0,0,1,NA,0,4.3
Pelo,0.995407599,0.547849678,2.957736485,0.185225993,0.853051782,NA,8.8,4.1
Pemt,1.729739058,0.44393161,2.587197672,0.171587821,0.863761583,NA,1.6,16.5
Pfkfb2,0.183962711,2.352853027,3.018671109,0.779433381,0.435724467,NA,4.1,4.3
Pgam2,0.771706948,0.28079139,2.966750863,0.094646097,0.924595934,NA,0.9,4.6
Pgam5,1.73880621,2.286318707,2.94352866,0.776727177,0.437319749,NA,4.8,3.9
Pgf,0,0,0,0,1,NA,1.9,4.4
Pgm5,0,0,0,0,1,NA,0,2.4
Pgpep1l,0,0,0,0,1,NA,1.8,0
Phactr1,0.641726625,3.684584661,2.999918949,1.22822807,0.219361364,NA,7.3,0
Phactr3,0.168661218,-0.284899309,3.014624775,-0.094505728,0.924707432,NA,0,0.6
Pheta2,0.967443237,4.223480255,2.988120941,1.413423465,0.15753125,NA,6,0
Phka1,0.314627889,0.655701502,3.019281098,0.2171714,0.828074773,NA,2.9,0.6
Phkg1,1.113620851,4.386781877,2.98479904,1.469707614,0.14164096,NA,1.1,5.3
Phyhd1,0,0,0,0,1,NA,0,2.3
Phyhipl,0,0,0,0,1,NA,0,3.2
Pi15,0.520370315,-1.893650894,2.976201543,-0.636264335,0.524604147,NA,3.5,8.2
Piezo2,0.419316544,-0.030824125,2.999000942,-0.010278131,0.991799382,NA,0.2,4.2
Pigh,0.019593663,1.126524066,3.026154283,0.372262602,0.70969734,NA,1.8,2.3
Pih1d2,0.04473095,1.732734015,3.024778107,0.572846653,0.566748528,NA,0.1,7.6
Pik3c2b,0.450183823,-1.216170395,2.980332436,-0.408065349,0.683225699,NA,1.9,6.7
Pik3r3,0.953917211,-2.200307735,2.966078544,-0.741823826,0.458194083,NA,5.7,6.8
Pip5kl1,0.16997495,1.715264112,3.019557387,0.568051503,0.569999997,NA,0.3,4.3
Pir,0,0,0,0,1,NA,3.1,0
Pisd-ps2,0.042781775,1.732734015,3.024778107,0.572846653,0.566748528,NA,0.1,1.3
Piwil2,1.955743439,-0.386428445,2.14167597,-0.180432732,0.85681286,NA,5.4,10.1
Pkd1l1,0,0,0,0,1,NA,0,2.1
Pkd1l2,0.337322436,-1.259282753,2.986966417,-0.421592538,0.673322454,NA,0,1.2
Pkhd1l1,0.241502371,-0.167301594,3.006836785,-0.055640398,0.955628282,NA,0.1,3.9
Pkia,0.035415485,1.126524066,3.026154283,0.372262602,0.70969734,NA,2.3,0.1
Pkib,0.846470925,1.151319381,2.969469326,0.3877189,0.698224068,NA,9.6,5.5
Pkp2,0.056203493,1.393414388,3.024981103,0.460635733,0.64505997,NA,3.3,0.1
Pla2g10,1.157399835,4.446135424,2.983679243,1.490151944,0.136184289,NA,1.2,0
Pla2g3,0,0,0,0,1,NA,3.5,0
Pla2g4b,0.02809329,1.681949511,3.024981108,0.55601984,0.578197292,NA,2.4,0
Pla2g4c,0.209593547,-0.551941179,3.005990356,-0.183613756,0.854316471,NA,2.3,4.6
Platr21,0,0,0,0,1,NA,4.1,0
Platr27,0,0,0,0,1,NA,0,1.4
Platr32,0.260631473,-0.885606296,2.995873998,-0.295608659,0.76752896,NA,0,0.9
Platr9,0.268385699,2.834983425,3.012705057,0.941009283,0.346700102,NA,0.6,0
Plcd3,1.573798119,-1.723984494,2.950247998,-0.584352398,0.558983246,NA,1,5.3
Plce1,0.130594053,0.56738674,3.023333253,0.187669268,0.851135922,NA,4.6,4.6
Pld6,0.608140105,-2.107508349,2.973508139,-0.708761588,0.478472439,NA,2.7,6.5
Plekhb1,0,0,0,0,1,NA,0,5.1
Plekhh1,0,0,0,0,1,NA,2.5,0
Plekhh2,0,0,0,0,1,NA,0,2.8
Plet1,0,0,0,0,1,NA,3.5,0
Plg,0,0,0,0,1,NA,0,3.7
Plk-ps1,0.257424404,-0.868686376,2.996333585,-0.289916443,0.771880162,NA,6.2,0.9
Pln,0,0,0,0,1,NA,5.6,2.5
Plp1,1.639410607,4.970794118,2.975510454,1.670568527,0.094806933,NA,3.6,3.5
Plpp1,0,0,0,0,1,NA,0,1.4
Plppr2,0.056220406,0.837989154,3.026154276,0.276915543,0.781844958,NA,3.5,4.5
Plscr2,0,0,0,0,1,NA,8.8,3.8
Pltp,0,0,0,0,1,NA,0,2.8
Plxna2,0.374666626,-1.423967919,2.983707669,-0.477247799,0.633185678,NA,2.4,4.8
Plxna4os1,0.469200139,2.042243833,3.008264295,0.678877796,0.497215296,NA,0.9,0.4
Plxnb3,0.512935681,-1.854278942,2.976742033,-0.622922282,0.533335595,NA,0,1.5
Pmepa1os,0,0,0,0,1,NA,0,1.3
Pnck,1.751004694,-3.631807175,2.962478563,-1.225935344,0.220223007,NA,0,5.6
Pnldc1,0.351958952,-0.527318091,2.995596514,-0.176031081,0.860269525,NA,0.1,0.9
Pnliprp2,0.694743566,3.412346654,2.99958725,1.1376054,0.255285291,NA,0.7,0.1
Pnma1,0.19443492,2.059658844,3.023202765,0.681283726,0.495691979,NA,4,2.4
Pnpla1,0.389570338,-1.453652397,2.983158381,-0.487286363,0.626055411,NA,0,1.1
Pnpla3,0.158174683,-0.182719824,3.017747903,-0.060548405,0.951718865,NA,0,0.5
Polr2k-ps,1.797731162,-3.671993996,2.962316692,-1.239568344,0.215135095,NA,2.8,7.1
Pomc,1.172430329,1.498269126,2.954278757,0.507152253,0.612047994,NA,7.6,1.2
Pomgnt2,0.309026191,2.966655047,3.011372496,0.985150476,0.324550163,NA,1.1,3.4
Pou2af1,0.84198119,-1.557671064,2.96943043,-0.524568971,0.599882862,NA,0.2,5.3
Pou3f1,0.040056325,1.126524066,3.026154283,0.372262602,0.70969734,NA,0,4.4
Pou3f3,0.100410613,0.17748754,3.023492951,0.058702813,0.953188819,NA,0,4.5
Pou4f1,0.078940752,1.104879574,3.024981096,0.365251729,0.714923508,NA,0.1,4.7
Pparg,0.288489658,-1.03230328,2.992103999,-0.345009158,0.730087486,NA,0,1
Ppargc1a,0,0,0,0,1,NA,2.1,0
Ppef2,0.539817918,0.840989899,2.985986315,0.281645597,0.778215273,NA,6,0.8
Ppfia2,0.260128961,-0.873463025,2.996203302,-0.291523284,0.770651139,NA,0,0.8
Ppfia3,0,0,0,0,1,NA,3.1,2
Ppfibp2,0,0,0,0,1,NA,0,3.4
Ppil6,0,0,0,0,1,NA,0,3.7
Ppl,0.537048908,-1.929115019,2.975727061,-0.648283589,0.516801547,NA,0,1.9
Ppp1r13l,0.21639929,-0.635160003,3.00324852,-0.21149099,0.832504162,NA,14.4,1
Ppp1r14a,1.609049192,4.306693617,2.976672873,1.446814548,0.147948871,NA,9.9,0.2
Ppp1r14c,0.588343337,-1.493125107,2.975957378,-0.501729332,0.615857929,NA,0.1,6.1
Ppp1r1a,0.959644276,1.117715692,2.961850772,0.377370698,0.70589814,NA,5.4,5.9
Ppp4r4,0.097968313,0.194508577,3.023628819,0.064329515,0.948707852,NA,0,0.5
Prap1,0,0,0,0,1,NA,2.3,0
Prdx2-ps1,0.569110582,1.205638159,2.48455497,0.485253163,0.627496775,NA,0.7,0.7
Prelid3a,0.247908397,-0.795612825,2.998380435,-0.265347524,0.790741757,NA,0,0.7
Prelp,0.164392521,1.475969662,3.023285372,0.488200577,0.625407776,NA,0.3,0.2
Prex2,0.173288016,0.748279954,3.022380704,0.247579649,0.804459658,NA,0.2,0.4
Prickle2,0,0,0,0,1,NA,0,4.1
Prkaa2,0,0,0,0,1,NA,0,4
Prkag2os1,1.152996731,1.506209258,2.955790082,0.509579238,0.610346272,NA,6.5,5
Prkcz2,0.178927704,0.719864474,3.022142605,0.238196726,0.811728516,NA,8,0.4
Prm1,0.02809329,1.681949511,3.024981108,0.55601984,0.578197292,NA,3.7,0
Prmt8,0.248427653,-0.809435734,2.997985391,-0.269993222,0.787165468,NA,0,0.8
Prob1,0.084330609,0.549454242,3.026154269,0.181568484,0.855921384,NA,0,4.6
Proca1,0.437880394,-1.266299447,2.980549873,-0.424854306,0.670942887,NA,0.1,5.3
Prom1,1.233770539,4.567976578,2.98151621,1.532098521,0.125498125,NA,2.8,0
Prox2os,0.03251612,1.126524066,3.026154283,0.372262602,0.70969734,NA,3.5,3
Prr15,0.954493407,2.949366433,2.008026341,1.468788717,0.141890105,NA,1.4,0.4
Prr16,0.421399352,3.236309183,3.008533494,1.075709873,0.282057031,NA,4.8,0
Prr18,0,0,0,0,1,NA,0,3.9
Prr22,0,0,0,0,1,NA,0,2.3
Prr33,0.260631473,-0.885606296,2.995873998,-0.295608659,0.76752896,NA,0,0.9
Prrt3,0.087666784,0.549454242,3.026154269,0.181568484,0.855921384,NA,2.5,4.4
Prrx2,0.063508775,1.393414388,3.024981103,0.460635733,0.64505997,NA,4.1,0.1
Prss33,0.654381982,-2.210731064,2.972343236,-0.743767085,0.457017396,NA,0,2.1
Prss48,0.393306062,3.170444675,3.009522831,1.053470884,0.292125232,NA,1.4,0
Prtn3,0.040056325,1.126524066,3.026154283,0.372262602,0.70969734,NA,0,2.8
Prx,0.414601063,2.852095744,3.00977826,0.947609922,0.343328073,NA,4.3,0.1
Prxl2b,1.344652909,-2.518091719,2.647254121,-0.951208915,0.341498334,NA,2,4.7
Psd,1.733695528,-1.969037079,2.949991787,-0.667472054,0.504470654,NA,2.9,5.2
Psg-ps1,0.337322436,-1.259282753,2.986966417,-0.421592538,0.673322454,NA,0,1.2
Psma8,0,0,0,0,1,NA,4.3,0
Psmb11,0.131727572,0.022400581,3.022317887,0.007411722,0.994086355,NA,3.1,0.5
Psmb6-ps2,0.300263066,1.139147386,3.016412582,0.377649726,0.705690819,NA,0.3,0.4
Psors1c2,0.030032649,1.126524066,3.026154283,0.372262602,0.70969734,NA,2.7,0.1
Pstpip2,0,0,0,0,1,NA,3.6,0
Ptch2,0,0,0,0,1,NA,0,3.4
Ptcra,0,0,0,0,1,NA,4.2,1.7
Pter,0.365212772,3.106867383,3.010073646,1.032156601,0.301998762,NA,4.8,0
Ptger1,0.95396211,2.777565542,2.989418102,0.929132509,0.352820419,NA,4.5,0.5
Ptgir,0.028110203,1.126524066,3.026154283,0.372262602,0.70969734,NA,3.5,0.1
Ptgs2os,0,0,0,0,1,NA,0,1.4
Ptgs2os2,0.537446419,-1.922327206,2.975816984,-0.645983008,0.51829036,NA,4,1.6
Ptk7,0.104074063,0.152429095,3.023295467,0.050418193,0.959789139,NA,0,0.5
Ptn,1.11260772,2.581654443,2.016477822,1.280279116,0.20044699,NA,1,0.5
Ptpn14,1.581051291,1.133690783,2.935016023,0.386263916,0.699301222,NA,2.8,2.4
Ptprb,0.534638275,3.143811421,3.004559207,1.04634697,0.295400867,NA,4.3,1.6
Ptprg,1.886529389,-0.733927799,2.543257213,-0.28857789,0.772904418,NA,1.7,3.6
Ptpru,0.140551015,-0.07502764,3.020789946,-0.024837093,0.980184905,NA,0,7.8
Pus3,0.042861344,1.732734015,3.024778107,0.572846653,0.566748528,NA,2.1,5.3
Pxt1,0,0,0,0,1,NA,0,1.4
Pycr1,1.398945782,4.72205483,2.979023763,1.585101431,0.11294329,NA,9.9,0
Pygo1,0.156749302,-0.225078073,3.016484957,-0.07461601,0.940520235,NA,0,0.8
Pyroxd2,0,0,0,0,1,NA,4.9,7.6
R74862,0.02809329,1.681949511,3.024981108,0.55601984,0.578197292,NA,2.2,5.9
Rab11fip4os1,0,0,0,0,1,NA,0,2.5
Rab13,1.583432349,1.325400297,2.915154667,0.454658654,0.649354831,NA,7.8,5
Rab15,0,0,0,0,1,NA,3.8,0
Rab25,0.222152401,1.504764283,3.018420756,0.498527013,0.618112635,NA,0.5,2
Rab27b,1.349427543,1.718001383,2.948344408,0.582700372,0.560095023,NA,11,6.8
Rab30,0,0,0,0,1,NA,6.1,0
Rab33a,0,0,0,0,1,NA,0,3.9
Rab36,0,0,0,0,1,NA,4.3,0
Rab42,0,0,0,0,1,NA,3,0
Rab44,0.458955106,-1.244687184,2.97984261,-0.417702324,0.676164773,NA,5.1,1.8
Rad21l,0,0,0,0,1,NA,0,4.1
Radx,0.252132851,1.482589763,3.023202719,0.490403688,0.623848268,NA,0.2,5
Raet1d,0,0,0,0,1,NA,3.8,2.1
Rai2,0,0,0,0,1,NA,6.3,0
Ramp2,1.912120272,-3.471855418,2.371005122,-1.464296887,0.143112847,NA,15.7,7
Ranbp3l,0,0,0,0,1,NA,0,3.3
Rap1gap,0.770390227,3.913418575,2.994986374,1.306656554,0.19132938,NA,1.8,1.8
Rapgef3,0.415832594,2.690890189,3.011249208,0.893612585,0.37152921,NA,0.4,1.6
Rapgef4os1,0.480895611,-0.828542656,2.979809023,-0.278052268,0.780972236,NA,0.2,1.4
Rarres1,0.368098407,3.107416078,3.010068793,1.032340551,0.301912611,NA,1.1,1.3
Rasd1,0.117561976,0.055368366,3.022558419,0.018318378,0.985384867,NA,1.8,3.8
Rasgef1c,1.383501641,-0.836349346,2.948157164,-0.283685468,0.776651432,NA,4.4,7.7
Rasgrf1,0.408647525,-1.533754894,2.981730713,-0.514384108,0.606983468,NA,0,1.4
Rasip1,0.940505588,-0.477601946,2.95783331,-0.161470203,0.871723078,NA,1.2,2.6
Rasl2-9,0.147832363,1.018395266,3.024208921,0.336747656,0.736307135,NA,0.2,3.5
Rax,0.330830137,1.969377336,3.012705025,0.653690726,0.513311079,NA,0.6,0.3
Rbfa,0.452482977,0.901468934,2.995026498,0.300988634,0.763423162,NA,0.6,0.8
Rbfox1,0.02809329,1.681949511,3.024981108,0.55601984,0.578197292,NA,3.1,0
Rbm11,0.176123193,-0.334257489,3.01311113,-0.110934338,0.911668416,NA,0,3.2
Rbm3os,1.847889191,-3.710649426,2.73094667,-1.358741079,0.17422865,NA,4.1,6.4
Rbm3-ps,0.152792431,-0.032508861,3.021740975,-0.010758321,0.991416267,NA,0,0.5
Rbm42,0.288489658,-1.03230328,2.992103999,-0.345009158,0.730087486,NA,0,1
Rbm44,0.681757663,3.41151506,2.999604088,1.13732178,0.255403793,NA,1.4,5.2
Rbm6-ps1,0.402237644,1.354105362,3.009811193,0.449897112,0.65278463,NA,0.5,0.5
Rbm8a2,1.057621057,-0.0606558,1.807469888,-0.033558401,0.973229295,NA,0.8,6.4
Rbms3,0,0,0,0,1,NA,2.2,0
Rbpms2,0.128584032,2.29347378,3.019540424,0.75954399,0.44752721,NA,8,0
Rd3,0,0,0,0,1,NA,0,4.5
Rdh5,1.432873693,2.112340234,2.634125574,0.801913263,0.422603134,NA,6.9,0.9
Rec114,0.618424466,-2.132661548,2.973216606,-0.717291012,0.473194552,NA,0,5.9
Reep6,0.299472425,2.926467015,3.011767199,0.971677696,0.331210916,NA,0.7,1.5
Reln,0,0,0,0,1,NA,0,2.9
Rep15,0.26418479,-0.904111198,2.99537739,-0.301835489,0.762777476,NA,2.9,0.9
Rergl,0,0,0,0,1,NA,6.9,0
Retn,0,0,0,0,1,NA,0,2.8
Retnla,0,0,0,0,1,NA,0,3.3
Rfx4,0,0,0,0,1,NA,0,2
Rgl3,0.5133813,3.435244675,3.004504194,1.143364913,0.252887114,NA,4,0
Rgr,0,0,0,0,1,NA,0,4.6
Rgs17,0.091769447,1.668109235,3.023953619,0.551631885,0.581200586,NA,0.2,4.5
Rgs18,1.556801132,4.840099408,2.977282506,1.625676904,0.104018406,NA,0.9,5.2
Rgs4,0,0,0,0,1,NA,0,4.6
Rgs9,0.529675066,-1.91772154,2.975878238,-0.644422045,0.519301793,NA,3.7,5.4
Rgs9bp,0,0,0,0,1,NA,1.5,0
Rhbdf1,0.91434151,2.07190683,2.984522505,0.694217191,0.487546013,NA,20.6,0.6
Rhbdl2,0.868049876,4.029536805,2.992565949,1.346515624,0.178136285,NA,0.9,0
Rhbdl3,0.096449986,1.732734015,3.024778107,0.572846653,0.566748528,NA,0.1,5.5
Rhobtb1,0.907642191,4.139133618,2.989984717,1.3843327,0.166256606,NA,2.6,3.4
Rhod,0.254521838,2.277140147,3.015810156,0.755067471,0.4502085,NA,5.8,0.1
Rhou,0.579618755,0.591447506,2.978969314,0.198540986,0.84262182,NA,1.1,5.7
Rhov,0.215626234,-0.605682916,3.004202036,-0.201611912,0.840220132,NA,0,0.7
Rhox4e,0.224881624,-0.675426784,3.001976468,-0.22499403,0.821983919,NA,0,0.8
Rhpn2,0.149780919,1.155663995,3.024778096,0.382065712,0.702412624,NA,0.1,2.7
Ric3,0,0,0,0,1,NA,0,1.9
Rimbp2,0.44061958,-1.625115807,2.98019528,-0.545305141,0.585543669,NA,0,1.1
Rims2,1.209520686,-2.059458908,2.959391827,-0.695906128,0.486487619,NA,2.7,8.1
Rln3,0.373061199,-1.402927321,2.98410383,-0.470133548,0.638259607,NA,0,1.3
Rmrp,0.800887611,1.671529701,2.982298953,0.560483616,0.575149612,NA,3.8,3.9
Rn7s1,0.96726584,4.154729741,2.989632111,1.389712709,0.164616134,NA,0.7,0
Rn7s6,0,0,0,0,1,NA,0,3
Rnasek,0.308140874,-1.13338915,2.989717309,-0.379095758,0.704616756,NA,0,1.2
Rnaset2a,0,0,0,0,1,NA,3.8,3.6
Rnaset2b,0.933069994,-2.249975653,2.967494771,-0.758207116,0.448327002,NA,0.1,6.5
Rnd1,0.692801938,-1.965829255,2.970911112,-0.661692383,0.508168387,NA,0.1,2.1
Rnd2,0,0,0,0,1,NA,5.3,6.7
Rnf150,1.715557765,2.866023409,2.955983835,0.969566672,0.332262532,NA,8.7,4
Rnf151,0,0,0,0,1,NA,0,3.1
Rnf17,0,0,0,0,1,NA,0,3.9
Rnf180,1.919426542,-3.414087422,2.960678164,-1.153143717,0.248851401,NA,0.1,6.5
Rnf208,0.577696153,-1.299099365,2.97893415,-0.436095361,0.662767542,NA,0.1,6.1
Rnf225,0.199580046,-0.486937634,3.008160785,-0.16187221,0.871406487,NA,9.3,2.9
Rnf24,0.715072344,-2.335409812,2.971042221,-0.78605743,0.431833843,NA,4.7,2.2
Rnf39,0,0,0,0,1,NA,2.7,0
Rnft2,1.82705863,4.781884317,2.974261444,1.607755205,0.107888803,NA,1.5,0.1
Rnls,0.990593404,-0.385760678,2.956826319,-0.130464436,0.89619899,NA,1.3,6
Rnu12,0.491292719,0.582380405,2.997383727,0.194296246,0.845943925,NA,0.3,0.7
Rnu1a1,0,0,0,0,1,NA,0,1.9
Rnu2-10,0.5133813,3.435244675,3.004504194,1.143364913,0.252887114,NA,1.2,0
Rnu3b1,0,0,0,0,1,NA,0,4.8
Rnu3b3,0.253494046,2.082582887,3.014665064,0.690817335,0.48968034,NA,0.5,0.2
Rny1,1.293069338,-3.196060454,2.96455526,-1.078091037,0.280993131,NA,0,9.6
Rny3,0,0,0,0,1,NA,3.5,0
Robo4,0.233297832,-0.712197885,3.000844878,-0.237332456,0.812398885,NA,1.9,0.7
Ropn1l,0.520257922,-1.877599185,2.976420133,-0.630824649,0.528155185,NA,2.5,4.5
Ror1,0,0,0,0,1,NA,0,5.7
Ros1,0,0,0,0,1,NA,0,7.4
Rp31-ps19,0.942399075,-2.177112034,2.834383361,-0.768107823,0.442423129,NA,0.1,2.5
Rpl10a-ps2,0.630721857,1.436129529,2.753393225,0.521585335,0.601959076,NA,0.8,0.7
Rpl10a-ps3,0.463739531,-0.927847339,2.980638283,-0.311291492,0.755579035,NA,0.2,1.2
Rpl10-ps1,0.182248184,0.832489285,3.02075748,0.27558958,0.782863314,NA,0.3,0.5
Rpl10-ps2,0.663372873,1.178136478,1.67888265,0.701738432,0.482842301,NA,0.8,0.8
Rpl10-ps4,0.762486097,-0.804445142,2.695468114,-0.298443576,0.765364635,NA,0.5,2
Rpl10-ps6,0.381806633,1.469445141,3.01290316,0.487717349,0.625750062,NA,0.6,0.4
Rpl12-ps2,0.312948545,1.536028161,3.012939381,0.509810509,0.610184222,NA,0.5,4.2
Rpl13-ps2,0.158731061,-0.115263117,3.019669906,-0.038170767,0.969551528,NA,0,0.6
Rpl13-ps3,1.139680015,-0.454121935,1.22001034,-0.372227939,0.709723146,NA,0.8,5.2
Rpl13-ps4,0.184993107,-0.406506477,3.010705399,-0.135020344,0.89259579,NA,0,0.7
Rpl13-ps6,0.666781518,-0.31819763,2.739790113,-0.116139418,0.907542049,NA,2.9,4.3
Rpl15-ps2,0.480572683,0.176862618,2.107959511,0.083902284,0.933134123,NA,0.4,0.9
Rpl17-ps3,1.611450174,-2.011783757,1.360790972,-1.478392933,0.139302636,NA,0.5,4.2
Rpl17-ps5,1.050657667,0.063298492,2.218728273,0.028529177,0.977240097,NA,1,2
Rpl17-ps7,0.91553531,-0.69259427,1.384286639,-0.500325764,0.616845716,NA,0.7,2.5
Rpl18a-ps2,0.157204166,0.582876411,3.022831272,0.192824659,0.84709629,NA,0.1,0.4
Rpl18a-ps3,0.712623692,0.752480032,1.815644049,0.414442485,0.67855008,NA,0.5,0.8
Rpl18a-ps4,0.735261752,-0.376039519,1.956053422,-0.192243992,0.847551088,NA,0.5,1.5
Rpl19-ps12,0.379473444,0.71481567,3.017157879,0.236916893,0.812721265,NA,0.3,0.5
Rpl19-ps3,0.803178664,0.97001974,2.338957801,0.414723062,0.678344648,NA,0.5,0.9
Rpl19-ps5,0.362536209,0.648077792,2.238832945,0.289471259,0.772220771,NA,0.4,3.5
Rpl19-ps9,0.693401615,-0.351330422,1.503885444,-0.233615149,0.815283766,NA,2.4,1.5
Rpl21-ps1,0.786652047,1.110092652,2.974274823,0.373231365,0.708976254,NA,0.6,0.9
Rpl21-ps10,1.214284317,0.623144681,1.318930298,0.472462178,0.636596932,NA,1.1,10.2
Rpl21-ps12,1.310251599,-0.204569923,1.306433327,-0.156586577,0.875570682,NA,5,2.5
Rpl21-ps13,1.436705986,2.169941808,1.624937181,1.335400429,0.181745325,NA,1.9,1
Rpl21-ps2,0.192288579,0.895311067,3.021436314,0.296319688,0.766985952,NA,0.2,0.4
Rpl21-ps4,0.733532918,0.459655894,1.538896505,0.298691883,0.765175151,NA,0.5,1
Rpl21-ps5,0.363332254,-0.870086931,2.442943039,-0.356163413,0.72171819,NA,0.1,1.2
Rpl21-ps6,1.217717276,1.228992125,1.839565901,0.66808812,0.504077344,NA,1.7,5.6
Rpl21-ps7,0.433763304,2.135005768,2.965716904,0.719895336,0.47158944,NA,0.7,4.7
Rpl21-ps8,0.134947883,0.867129086,3.02477809,0.286675273,0.774360972,NA,3.3,7.7
Rpl21-ps9,0.703290365,-0.693426441,1.535645586,-0.451553696,0.651590534,NA,0.4,1.6
Rpl23a-ps1,0.452191933,0.313684372,2.98332188,0.105146003,0.916259956,NA,0.4,5.3
Rpl23a-ps13,0.169895808,1.091039048,3.02395361,0.360798871,0.718249807,NA,0.2,0.3
Rpl23a-ps14,0.353659159,-0.935434869,2.986993629,-0.313169355,0.754151999,NA,0.1,1.1
Rpl23a-ps4,0.365220336,0.373661459,2.778203543,0.13449751,0.89300918,NA,0.3,0.7
Rpl26-ps2,0.936512137,1.531027041,2.565088287,0.59687109,0.55059345,NA,6,0.8
Rpl26-ps3,0.46830148,1.198121574,2.339715243,0.512080082,0.608594964,NA,0.4,0.5
Rpl26-ps5,0.291619491,2.137502308,3.017643464,0.708334942,0.478737283,NA,0.4,0.1
Rpl27-ps1,0.297193526,2.457940119,3.013666809,0.815597833,0.414730189,NA,0.5,3.6
Rpl27-ps2,0.749918811,-1.715736202,1.805680812,-0.950187979,0.342016746,NA,0.2,2.2
Rpl28-ps2,0.49472868,1.829569045,3.009293537,0.607972942,0.54320542,NA,0.4,0.4
Rpl28-ps3,1.24052683,-0.321885359,1.549395643,-0.207748976,0.835424974,NA,2.8,2.5
Rpl28-ps4,0.268599389,-0.11412667,3.002987536,-0.038004377,0.969684192,NA,0.2,0.7
Rpl29-ps2,0.241949625,0.450141392,3.014822119,0.149309437,0.881309469,NA,0.2,0.6
Rpl30-ps1,0.767099147,2.850753283,2.946564364,0.967483798,0.333302237,NA,0.8,4.4
Rpl30-ps10,0.227948007,1.19405484,3.023202701,0.39496354,0.692869796,NA,0.2,2.3
Rpl30-ps3,1.166921309,0.254164525,1.877879286,0.135346572,0.892337864,NA,0.7,1.8
Rpl30-ps5,0.61760651,-0.443718599,1.826593764,-0.242921337,0.808066336,NA,0.4,1.6
Rpl30-ps6,1.197149219,0.451628034,1.177072387,0.383687561,0.701210033,NA,1,1.8
Rpl30-ps8,0.225106393,-0.691098709,3.00149072,-0.230251823,0.817896095,NA,2.6,1
Rpl31-ps10,1.198058742,-1.259876594,2.262861377,-0.556762605,0.577689637,NA,3.9,8.5
Rpl31-ps12,1.159644707,-2.670617307,2.730177593,-0.978184464,0.327983099,NA,3.2,4.7
Rpl31-ps15,1.030296945,0.296962631,1.686997431,0.17603028,0.860270154,NA,1,1.9
Rpl31-ps16,0.315753918,0.100870895,2.999484781,0.033629407,0.973172672,NA,3.3,0.8
Rpl31-ps18,0.980924458,-0.219701237,1.715562157,-0.1280637,0.898098563,NA,0.7,1.8
Rpl31-ps20,1.201962252,0.749595839,1.291442138,0.580433158,0.56162255,NA,1.3,1.6
Rpl31-ps22,0.387894485,1.941476704,3.013002291,0.644366156,0.519338026,NA,0.5,0.3
Rpl31-ps24,0.837546937,0.375290407,1.625707294,0.230847465,0.817433305,NA,0.7,1.3
Rpl31-ps25,0.167475044,0.226545117,3.020421307,0.075004476,0.940211151,NA,0.1,0.5
Rpl31-ps3,0.140078804,2.051245456,3.023307864,0.6784772,0.497469175,NA,0.2,3.4
Rpl31-ps5,0.161875334,0.568598658,3.022712168,0.188108767,0.850791389,NA,0.1,0.4
Rpl31-ps7,0.481169777,0.352317397,2.085526386,0.168934519,0.865848147,NA,3.9,0.9
Rpl34-ps1,0.327237997,1.138713276,3.016418863,0.377505024,0.705798331,NA,3.9,3.6
Rpl34-ps2,0.629127578,1.300692766,1.99655076,0.651469921,0.514743188,NA,0.7,0.8
Rpl35a-ps4,1.07518985,-0.968463119,2.180548486,-0.444137392,0.656943254,NA,0.5,2.7
Rpl35a-ps7,1.812287415,-1.613036479,1.169878657,-1.378806656,0.167954374,NA,0.8,5.3
Rpl35-ps1,0.554924161,-1.634820409,2.974899801,-0.549537974,0.582636312,NA,0.1,1.9
Rpl36a-ps3,0.849898564,1.793065114,2.30775353,0.77697427,0.437173951,NA,2.1,0.8
Rpl36-ps10,0.267902445,-0.932914034,2.994616792,-0.311530356,0.75539747,NA,0,1.1
Rpl36-ps9,0.86639188,2.609337066,2.526392664,1.03283116,0.301682919,NA,1.1,5.1
Rpl39-ps,1.044502569,-1.452219737,1.820104909,-0.797876941,0.424941906,NA,4.7,9.3
Rpl5-ps2,1.93781705,0.003036144,1.446676172,0.002098703,0.998325478,NA,1.9,3.1
Rpl7a-ps13,0.147644357,0.609377251,3.023055072,0.201576629,0.840247718,NA,0.1,0.4
Rpl7a-ps2,0.164631386,0.404079216,3.021411629,0.133738552,0.893609319,NA,0.1,0.5
Rpl7a-ps3,0.214233682,0.028563058,3.013114983,0.009479578,0.992436505,NA,0.1,0.6
Rpl7a-ps5,0.624864181,1.837606029,3.000548914,0.612423287,0.540257739,NA,1.1,0.6
Rpl7a-ps6,0.274562985,1.092275005,3.018030463,0.361916494,0.717414434,NA,0.3,0.4
Rpl7a-ps7,0,0,0,0,1,NA,0,2.9
Rpl7a-ps8,0.608416414,2.402355958,3.011249188,0.797793809,0.424990155,NA,0.4,0.2
Rpl7a-ps9,0.14129967,-0.03596918,3.021684589,-0.011903684,0.990502458,NA,0,0.5
Rpl9-ps1,0.497775336,0.416560697,2.56435116,0.162442923,0.870957072,NA,0.5,3.1
Rpl9-ps3,1.242469021,0.080087451,2.075575874,0.038585653,0.969220741,NA,1.3,1.8
Rpl9-ps8,0.22595495,-0.063422155,3.010155332,-0.021069396,0.983190298,NA,0.1,0.6
Rpl9-ps9,0.376182369,1.19405484,3.023202701,0.39496354,0.692869796,NA,0.2,0.3
Rplp0-ps1,1.52975691,2.534342079,1.730117336,1.464838266,0.142965049,NA,1.9,0.9
Rps10-ps4,0.695351187,1.095530396,1.797332701,0.609531221,0.542172385,NA,0.7,0.7
Rps11-ps4,0.641340687,1.870390351,2.998371843,0.623802,0.532757626,NA,1.7,0.5
Rps11-ps5,0.247908397,-0.795612825,2.998380435,-0.265347524,0.790741757,NA,0,0.7
Rps12-ps1,1.548366585,0.26881585,1.12722071,0.238476678,0.811511402,NA,1.4,2.6
Rps12-ps24,0.745820674,-1.995700851,2.969862477,-0.671984264,0.501593714,NA,0.1,2.5
Rps12-ps26,0.613241372,0.560111739,2.205534361,0.253957385,0.799528481,NA,0.4,4.8
Rps13-ps4,0.396148298,1.25026625,2.718433774,0.459921541,0.645572538,NA,3.2,0.5
Rps13-ps6,1.060172745,-1.001181621,1.587073102,-0.630835228,0.528148267,NA,0.6,3.1
Rps15a-ps2,1.112251542,0.114577806,1.314397678,0.08717134,0.93053532,NA,0.8,1.9
Rps16-ps3,0.55123678,0.09119903,1.852756356,0.049223434,0.960741237,NA,0.5,1.1
Rps17-ps1,0.661094267,0.300977611,1.95939932,0.153607082,0.877919553,NA,0.7,4.7
Rps18-ps2,0.191549578,0.752622535,3.021559694,0.249084119,0.803295713,NA,0.2,0.4
Rps18-ps3,0.640952385,0.661155694,1.811225552,0.365032225,0.715087351,NA,4.4,4.3
Rps19-ps11,0.56237055,0.71241886,2.264153185,0.314651352,0.753026385,NA,0.6,0.8
Rps19-ps13,0.443462939,0.865057656,2.132844168,0.405588776,0.685044777,NA,0.5,0.7
Rps19-ps8,1.307515525,0.098165605,1.291306942,0.07602035,0.939402908,NA,5.2,5.1
Rps19-ps9,1.024609854,0.491160548,1.326709039,0.370209694,0.711226254,NA,1,1.6
Rps25-ps1,0.934510625,-1.862833958,1.491880038,-1.248648625,0.211793619,NA,4.3,2.8
Rps29-ps,0.707074369,-0.967794649,1.755559284,-0.551274262,0.581445679,NA,0.3,1.9
Rps2-ps10,0.796601486,-0.114484168,2.096965902,-0.05459515,0.956461003,NA,0.6,1.5
Rps2-ps2,0.225869503,1.427868306,3.01954037,0.472876044,0.636301617,NA,0.3,0.3
Rps2-ps3,0.21455721,-0.598902657,3.004424093,-0.199340252,0.841996594,NA,0,0.7
Rps2-ps4,1.437053688,-0.010806615,1.192187151,-0.009064529,0.992767651,NA,4.4,2.5
Rps2-ps5,1.135932204,0.126240997,1.743640094,0.072400834,0.942282921,NA,3.7,7.2
Rps2-ps6,0.402782536,-0.815801702,2.988322328,-0.272996555,0.784855864,NA,0.1,4.6
Rps2-ps7,1.254519733,0.701623853,1.157749963,0.606023645,0.544499052,NA,1.3,1.8
Rps3a3,1.695393726,-1.675132645,1.482548219,-1.129900953,0.258517962,NA,5.7,9
Rps4x-ps,1.925258177,-0.443680571,1.241792392,-0.357290457,0.720874374,NA,0.9,7.8
Rps6ka2,0.868984891,-1.420572788,2.962764813,-0.479475381,0.631600478,NA,0.5,10.1
Rps6ka4,1.228628499,-2.16927023,2.960190257,-0.732814462,0.4636716,NA,0.4,3
Rps6ka6,0.03251612,1.126524066,3.026154283,0.372262602,0.70969734,NA,0,1.7
Rps6-ps4,1.419911441,2.062455801,2.358573598,0.874450474,0.38187298,NA,2.2,5.6
Rps7-ps2,0.173093795,-0.314127081,3.013742304,-0.104231566,0.916985584,NA,0,2.9
Rps8-ps1,1.76000642,0.461551772,1.15445426,0.399800831,0.689303219,NA,1.5,2.4
Rps8-ps3,1.372954222,-0.090798462,1.223945848,-0.074185032,0.940863155,NA,0.9,2.3
Rpsa-ps2,1.844679758,0.187979822,1.452789303,0.12939235,0.8970472,NA,1.3,7.5
Rpsa-ps5,0.380332324,0.538543343,2.448007163,0.219992552,0.825876955,NA,0.4,0.8
Rpsa-ps8,0.832043259,0.690899952,1.480405054,0.466696564,0.640716988,NA,0.8,1.1
Rptoros,0,0,0,0,1,NA,3.8,3.7
Rrh,0,0,0,0,1,NA,4.2,0
Rs1,0.583304759,3.52907026,3.002777529,1.175268639,0.239887257,NA,0.6,0
Rsph10b,0,0,0,0,1,NA,0,2.3
Rsph4a,0,0,0,0,1,NA,2,0
Rsph9,1.54807167,-3.454229011,2.963250214,-1.165689281,0.243740096,NA,0,5
Rtbdn,0,0,0,0,1,NA,0,2
Rtkn,0.325161201,-1.197030027,2.988297112,-0.400572628,0.688734802,NA,0,1
Rtkn2,0.028110203,1.126524066,3.026154283,0.372262602,0.70969734,NA,2,4.7
Rtl10,0,0,0,0,1,NA,0,2.3
Rtl8c,0.45337136,2.593373737,3.009522815,0.861722571,0.388840202,NA,1.4,2.7
Rtp3,0.447309499,3.283433865,3.007531481,1.091737156,0.274948649,NA,1,0
Rubcnl,0.974464687,-2.473705777,2.966312867,-0.833932861,0.404318818,NA,7.1,2.7
Rufy4,1.015755041,-2.846027306,2.966740629,-0.95931113,0.33740203,NA,0,3.3
Runx1t1,1.856382625,4.829931026,2.973688667,1.624222159,0.104328403,NA,21.7,2.6
Runx2os2,0.270592564,-0.960134785,2.993911547,-0.320695776,0.748440949,NA,2.4,5.1
Rwdd3,0,0,0,0,1,NA,0,4.1
Ryr2,0.360391787,-1.35087578,2.985108761,-0.452538212,0.6508813,NA,0,1.2
S100a16,0,0,0,0,1,NA,0,3.7
S100a3,1.222264503,2.662014472,2.97667641,0.894290848,0.371166295,NA,0.8,0.8
S100a5,0.570621545,-2.012196015,2.974659765,-0.67644577,0.498757666,NA,0,1.8
S100z,0,0,0,0,1,NA,2.5,0
S1pr3,0,0,0,0,1,NA,0,4.1
Saa3,0.048908103,1.393414388,3.024981103,0.460635733,0.64505997,NA,1.9,0.1
Samd11,1.084630458,2.97811175,2.98659922,0.997158149,0.318687752,NA,1,5
Samd12,0.585290162,-2.047991693,2.974218382,-0.688581479,0.491086679,NA,0,4.7
Samd14,0.228962938,-0.722738311,3.000525692,-0.240870562,0.809655438,NA,3.3,3.8
Samd15,0,0,0,0,1,NA,0,2.7
Sap30bpos,0,0,0,0,1,NA,0,5.3
Sardh,0,0,0,0,1,NA,2.4,0
Sarm1,0.20850928,-0.560672915,3.00569534,-0.186536842,0.85202379,NA,3.8,0.7
Sash1,0.940889148,-2.728900701,2.967597959,-0.9195655,0.357799862,NA,23.5,15.6
Satb2,0,0,0,0,1,NA,3.2,0
Sbk2,1.277553752,-3.176682917,2.964662928,-1.071515715,0.283937608,NA,2.5,9.2
Sbspon,0,0,0,0,1,NA,0,2
Scamp5,0.11577537,0.118634297,3.023033862,0.039243456,0.968696287,NA,3.5,0.5
Scara5,0.538484932,-1.929805686,2.975717935,-0.648517678,0.516650181,NA,2.9,1.8
Scarf1,0.346297676,-1.29561408,2.986215596,-0.433864883,0.664386562,NA,3.3,1.2
Scarf2,0.02809329,1.681949511,3.024981108,0.55601984,0.578197292,NA,2.4,2
Scarna17,0.683188303,1.838501848,2.996011973,0.6136497,0.539446834,NA,1.3,0.6
Scarna3a,0.637099157,-2.174603178,2.972741572,-0.73151437,0.464465031,NA,0,7.6
Scarna3b,0,0,0,0,1,NA,3.7,0
Scd4,0,0,0,0,1,NA,2.1,2.6
Scel,0,0,0,0,1,NA,4.6,0
Scg2,0.057918105,0.837989154,3.026154276,0.276915543,0.781844958,NA,2.2,0.2
Scg5,0.671999286,2.318981861,3.000475071,0.772871564,0.439598395,NA,1.3,0.4
Scgb2a2,0,0,0,0,1,NA,0,2.9
Schip1,0,0,0,0,1,NA,5,0
Scn2a,0.168661218,-0.284899309,3.014624775,-0.094505728,0.924707432,NA,0,0.6
Scn2b,0.368598747,-1.386528711,2.984416573,-0.464589536,0.642225427,NA,0,1.3
Scn3a,0,0,0,0,1,NA,0,2.9
Scn7a,0,0,0,0,1,NA,1.6,0
Scn8a,0.630283235,-2.158323134,2.972924335,-0.725993295,0.467842881,NA,4.5,2.2
Scp2-ps2,0.514788467,-1.51940765,2.976518133,-0.510464772,0.609725889,NA,1.6,1.7
Scpep1os,0.5133813,3.435244675,3.004504194,1.143364913,0.252887114,NA,1.2,0
Scrt1,1.361579394,-1.640244075,2.957610804,-0.55458415,0.579179133,NA,4.5,4.4
Scube1,0.591879934,0.806191421,2.997865047,0.268921852,0.787989821,NA,0.5,0.8
Scube2,0.3422542,3.03820487,3.010694846,1.009137433,0.312908728,NA,0.8,0
Scx,0.252991827,-0.844993007,2.996986127,-0.281947587,0.7779837,NA,0,0.9
Sdk1,0.884217907,1.202819954,2.968117589,0.405246732,0.685296157,NA,1.4,0.8
Sdr39u1,1.141673436,-2.09684408,2.964492588,-0.707319724,0.479367811,NA,2.5,7.4
Sdsl,0,0,0,0,1,NA,3.8,4.5
Sec14l4,0.956218103,-2.755481701,2.967397273,-0.928585372,0.353104006,NA,0,7.7
Sec16b,0.505679222,3.432346743,3.004559227,1.142379459,0.253296326,NA,7,0
Sec31b,0,0,0,0,1,NA,2.6,2.6
Sectm1a,0.467229851,-0.351147152,2.979941393,-0.117836932,0.906196866,NA,0.3,6.1
Sele,0,0,0,0,1,NA,3.1,0
Selenbp1,0.678398081,1.742643926,2.993165944,0.582207588,0.560426863,NA,1.4,0.6
Selenok-ps1,0.280206167,0.222981708,3.018894031,0.073862052,0.941120151,NA,0.1,5.7
Sema3c,0.020814813,1.126524066,3.026154283,0.372262602,0.70969734,NA,10.2,7.5
Sema3e,0,0,0,0,1,NA,4.9,0
Sema3f,1.574629906,-0.07340615,1.721626187,-0.042637682,0.965990357,NA,0.7,2.6
Sema3g,1.151824895,4.479956578,2.983060895,1.501798567,0.133149138,NA,7.6,0
Sema4g,0.042781775,1.732734015,3.024778107,0.572846653,0.566748528,NA,0.1,1.7
Sema5a,1.454580351,4.802479404,2.977822389,1.612748773,0.1067991,NA,8.6,0
Sema5b,0.229143308,1.916159332,3.016740963,0.635175295,0.525314094,NA,0.4,0.2
Sema6a,0.11583621,0.211038275,3.023762114,0.06979328,0.944358196,NA,7.7,5.3
Sema6c,0.622593996,3.615295634,3.001281553,1.204583965,0.22836395,NA,1.8,0
Serhl,1.869216077,4.827343316,2.660933515,1.814154051,0.069654012,NA,5.6,3.1
Serinc2,0.680522219,3.709988815,2.999403475,1.236908887,0.21612091,NA,0.7,0
Serpina11,0.28110203,-0.996701956,2.992984548,-0.33301273,0.739124674,NA,0,1
Serpina12,0,0,0,0,1,NA,4.8,0
Serpinb8,0.0894619,2.059658844,3.023202765,0.681283726,0.495691979,NA,3.5,0
Serpinb9c,0,0,0,0,1,NA,0,2.2
Serpinb9f,1.344166754,1.476390323,1.400128122,1.054468016,0.291668697,NA,1.3,1.1
Serpinf2,0.549774499,-1.959506274,2.975329553,-0.658584617,0.510162544,NA,4.5,6.2
Serping1,0.845116471,1.732427623,2.980087117,0.581334557,0.561014995,NA,6.2,0.8
Sertad4,0.020814813,1.126524066,3.026154283,0.372262602,0.70969734,NA,10.1,2
Sez6l2,0.989366522,-2.809307739,2.967001988,-0.946850643,0.343714892,NA,2,10.1
Sfrp1,0.309781867,2.600128964,3.012147994,0.863214214,0.3880197,NA,1,0.1
Sfrp2,0,0,0,0,1,NA,1.6,0
Sfrp4,0,0,0,0,1,NA,3.9,0
Sgce,0.125098122,0.265201608,3.024208348,0.087692902,0.930120761,NA,4,0.4
Sgip1,1.863052388,-2.830405328,2.960140309,-0.956172692,0.338984994,NA,4.3,11.4
Sgms2,0.683762551,-1.853252947,2.97138175,-0.623700723,0.532824148,NA,4.8,5.7
Sgpp2,0,0,0,0,1,NA,2.7,4
Sgtb,0.49183919,-0.435990131,2.98795676,-0.14591581,0.883987851,NA,0.2,4.5
Sh3bgr,1.1978897,4.526850684,2.98222653,1.517943268,0.129028701,NA,6.5,0
Sh3bgrl2,0,0,0,0,1,NA,2.6,0
Sh3bp4,0.064324613,1.444198905,3.024778102,0.477456149,0.633037339,NA,3.5,7
Sh3gl2,0.120168976,0.549454242,3.026154269,0.181568484,0.855921384,NA,3.3,0.3
Sh3rf3,0.233502538,2.369779172,3.014680912,0.786079602,0.431820854,NA,0.5,0.1
Sh3tc1,0.641278766,-1.843769509,2.972277394,-0.620322152,0.535045714,NA,0.1,1.7
Shank1,0.819439877,2.872542377,2.998842022,0.957883862,0.338121325,NA,0.9,0.3
Shb,0.557723445,-1.982194992,2.975038159,-0.666275485,0.505235032,NA,4.4,7.3
Shc2,0,0,0,0,1,NA,0,2
Shc4,0.378306238,2.751170863,3.010680954,0.913803523,0.360820095,NA,0.8,2
Shcbp1l,0,0,0,0,1,NA,4,0
Shd,0.746781924,3.872175003,2.995892056,1.292494833,0.196185834,NA,1.7,0
She,1.577004957,3.122235015,2.96857486,1.051762264,0.292908636,NA,7.7,3.3
Shf,1.245590059,0.420478087,2.946659993,0.142696506,0.886529876,NA,5.6,6.8
Shisa2,0,0,0,0,1,NA,0,3.6
Shisa4,1.815194659,-3.681065088,2.962280772,-1.242645573,0.213998468,NA,1.6,15.6
Shoc1,0,0,0,0,1,NA,0,2.3
Shox2,0.153786512,2.031286019,3.019150671,0.672800479,0.501074233,NA,12.6,2.7
Shroom1,0.631555198,-2.152038344,2.972995438,-0.723861973,0.469150478,NA,0,1.7
Siah3,0.040056325,1.126524066,3.026154283,0.372262602,0.70969734,NA,0,2
Siglec1,0.68874926,-2.281271972,2.971593454,-0.767693161,0.4426695,NA,2.2,5.2
Siglecg,0.137906357,0.022400376,3.022317885,0.007411655,0.994086409,NA,0,0.5
Sirpb1b,1.440846768,-3.349217541,2.963753136,-1.130059552,0.258451132,NA,0,4.3
Six1,0,0,0,0,1,NA,4.3,1.5
Six3os1,0.420301605,2.443693465,3.010857105,0.811627181,0.41700559,NA,0.5,0.2
Six4,0.117561976,0.055368366,3.022558419,0.018318378,0.985384867,NA,0,0.6
Skida1,0.78911793,-0.448776191,2.962867853,-0.151466827,0.879607477,NA,5.4,5.6
Skint3,0,0,0,0,1,NA,4.9,2.2
Skint5,0.156980165,-0.140211562,3.018949238,-0.046443829,0.962956504,NA,0,0.6
Slc12a8,0.056220406,0.837989154,3.026154276,0.276915543,0.781844958,NA,0,5.4
Slc16a7,0,0,0,0,1,NA,6.9,0
Slc17a4,0,0,0,0,1,NA,0,4.8
Slc17a7,0.437653144,-0.726621017,2.990420135,-0.24298292,0.808018629,NA,3.2,0.9
Slc17a8,0.188153403,2.209289175,3.016680661,0.732357655,0.463950297,NA,3.3,0.1
Slc18a1,0,0,0,0,1,NA,0,4.3
Slc1a3,0.042861344,1.732734015,3.024778107,0.572846653,0.566748528,NA,0.1,3.7
Slc22a18,0.104074063,0.152429095,3.023295467,0.050418193,0.959789139,NA,0,0.5
Slc22a19,0,0,0,0,1,NA,3.4,0
Slc22a2,0,0,0,0,1,NA,2.8,0
Slc22a20,0,0,0,0,1,NA,0,4.5
Slc22a21,0.316355202,2.393126486,3.014406733,0.793896344,0.427255778,NA,0.4,0.1
Slc22a4,0.168559741,2.497824176,3.016680679,0.828004168,0.407668139,NA,0.6,4.7
Slc23a3,0,0,0,0,1,NA,0,3.9
Slc23a4,0.646631803,3.369023171,3.000476858,1.122829247,0.261510021,NA,1.5,0.1
Slc25a2,0,0,0,0,1,NA,0,3.7
Slc25a34,0.327799764,0.511690545,3.001737649,0.170464779,0.864644631,NA,0.5,0.9
Slc25a5-ps,0.468357652,0.075001018,2.600708654,0.028838685,0.976993247,NA,0.4,1
Slc26a3,0,0,0,0,1,NA,4,0
Slc26a8,0.085722688,2.045612598,3.023378531,0.676598242,0.498660895,NA,3,0
Slc27a5,0.058707731,0.837989154,3.026154276,0.276915543,0.781844958,NA,2,0.2
Slc27a6,0.097968313,0.194508577,3.023628819,0.064329515,0.948707852,NA,0,0.5
Slc28a3,0,0,0,0,1,NA,0,1.7
Slc30a2,0,0,0,0,1,NA,1.7,0
Slc35g2,0,0,0,0,1,NA,0,5.5
Slc36a3,0,0,0,0,1,NA,1.4,0
Slc38a11,0,0,0,0,1,NA,4.3,0
Slc39a12,0,0,0,0,1,NA,0,2.9
Slc40a1,0.168559741,2.497824176,3.016680679,0.828004168,0.407668139,NA,5.2,3.8
Slc43a1,0.263334851,0.840725594,3.015068374,0.278841303,0.780366616,NA,0.3,0.5
Slc44a3,0,0,0,0,1,NA,0,4.1
Slc45a1,0.583304759,3.52907026,3.002777529,1.175268639,0.239887257,NA,0.6,0
Slc46a1,0.183282051,1.720283559,3.019482587,0.569727928,0.568862245,NA,2,0.2
Slc4a10,0.114312519,1.764504823,3.023285387,0.583638194,0.559463758,NA,0.3,4.4
Slc4a11,0.640901207,-2.170932382,2.972782603,-0.730269472,0.465225485,NA,0,7.8
Slc4a3,0.493520734,-0.491066622,2.978065716,-0.164894488,0.869027031,NA,5.5,12.8
Slc4a4,0.140466451,2.370369898,3.018420805,0.785301338,0.432276911,NA,5.3,0
Slc51a,0.618338628,-2.140963762,2.973121483,-0.720106384,0.471459497,NA,3.9,7.4
Slc5a11,0,0,0,0,1,NA,0,1.5
Slc5a2,0,0,0,0,1,NA,2.5,0
Slc6a1,0.289817841,1.342743806,3.014797153,0.445384461,0.65604194,NA,0.4,0.4
Slc6a14,0,0,0,0,1,NA,2,0
Slc6a15,1.073542797,4.370374461,2.985116567,1.464054875,0.143178956,NA,7.3,2.1
Slc6a20b,1.101714832,-1.779999423,2.960169506,-0.601316722,0.547629054,NA,2.3,4.5
Slc6a4,0,0,0,0,1,NA,0,3.7
Slc6a7,0.322892521,-1.193655469,2.988370877,-0.39943351,0.689573807,NA,0,1.1
Slc7a3,0.08427987,2.053039984,3.023285402,0.67907581,0.497089829,NA,0.3,1.9
Slc7a4,0.424985823,-1.580067858,2.980940346,-0.530056853,0.596072513,NA,0,1.2
Slc7a7,0.483975998,-0.071642133,2.979650323,-0.024043806,0.980817667,NA,3.6,3.8
Slc9a3r2,0,0,0,0,1,NA,3.5,0
Slc9a7,1.534753492,-1.459794431,2.949411266,-0.494944346,0.620639406,NA,4.6,3.9
Slc9b1,0.280932901,2.888664355,3.012148004,0.959004787,0.337556334,NA,2.6,0
Slco1a4,0,0,0,0,1,NA,4.5,0
Slco1a5,0.252839611,2.804220994,3.013033118,0.930697036,0.352010303,NA,0.9,2.9
Slco2b1,1.947232667,-1.739217923,2.946496394,-0.590266435,0.555012038,NA,0.9,9.3
Slfn14,0,0,0,0,1,NA,0,2
Slit1,0,0,0,0,1,NA,4.2,0
Slurp1,0.124888875,0.011098855,3.022236547,0.003672398,0.997069857,NA,0,0.6
Smad6,0,0,0,0,1,NA,0,1.4
Smad9,0,0,0,0,1,NA,0,1.8
Smc1b,1.840407362,-3.35013829,2.96092749,-1.131448947,0.25786618,NA,0.1,5.6
Smco1,0,0,0,0,1,NA,0,1.5
Smim1,0,0,0,0,1,NA,0,1.4
Smo,0.553612629,3.175831539,3.003956873,1.05721609,0.290412978,NA,1.4,2.5
Smoc1,0.252839611,2.804220994,3.013033118,0.930697036,0.352010303,NA,0.9,3
Sms-ps,0.446430565,0.04645242,2.974131467,0.015618819,0.987538492,NA,4.1,4.9
Snai2,0.249777751,-0.846326915,2.996949109,-0.282396158,0.77763976,NA,12.2,1.2
Snap25,0,0,0,0,1,NA,0,3.5
Snap91,0.09721746,1.732734015,3.024778107,0.572846653,0.566748528,NA,8.7,0
Sncb,0,0,0,0,1,NA,0,4.4
Sncg,0,0,0,0,1,NA,2.4,0
Sned1,0.06503224,0.837989154,3.026154276,0.276915543,0.781844958,NA,0,3.3
Snhg10,0.89160938,-2.177087592,2.968131609,-0.733487553,0.463261117,NA,3.8,8
Snhg11,1.207698327,-2.727612117,2.964027907,-0.920238339,0.357448224,NA,0.1,4.9
Snn,1.526207521,-2.042810018,2.95323174,-0.691720189,0.489113066,NA,3.7,5.4
Snora20,0.384173345,1.649939612,3.016449637,0.546980659,0.584392019,NA,0.3,5.2
Snora21,0.639080452,1.826039597,3.000242682,0.608630631,0.542769296,NA,0.5,0.5
Snora30,0.471774162,-1.282024315,2.979215591,-0.430322773,0.666960863,NA,0.1,1.4
Snora41,0.722354633,-1.542309266,2.969956501,-0.519303655,0.603549005,NA,0.2,6
Snora43,0.245031245,-0.813936502,2.997857565,-0.271506062,0.786001838,NA,0,1.1
Snora69,0,0,0,0,1,NA,7.2,0
Snora78,1.149319479,4.111029074,2.984554063,1.377434949,0.168377814,NA,2.7,5
Snord15a,0.777739679,3.882507585,2.995662825,1.296042917,0.1949607,NA,0.8,0
Snord35a,0.214306721,2.65965382,3.014665085,0.882238572,0.377647807,NA,0.5,0
Snord37,0.028848966,1.126524066,3.026154283,0.372262602,0.70969734,NA,0,3.1
Snord49a,1.634111694,-3.533803689,2.962892695,-1.19268703,0.232991967,NA,0,6
Snord55,0.414096722,2.227008117,3.016449692,0.738287837,0.460339556,NA,2.1,1.8
Snord58b,0.159657335,2.009193949,3.019477023,0.66541124,0.505787498,NA,0.4,0.1
Snord72,0.587809881,-2.069633404,2.97395675,-0.695919133,0.486479474,NA,0,6.4
Snord83b,1.872268508,0.076715715,2.528777916,0.030337071,0.975798232,NA,1.1,4.1
Snord87,0,0,0,0,1,NA,4.9,2.4
Snord98,0,0,0,0,1,NA,0,2.2
Snrpn,0.410954117,-1.541605936,2.981594956,-0.517040698,0.605127749,NA,0,3.8
Snta1,0.400408315,0.355433312,2.991031622,0.118833017,0.90540765,NA,4.2,1.1
Sntg1,1.540143901,4.883763912,2.976672906,1.640678726,0.100864123,NA,7.7,0
Snx22,0.123739971,0.211038275,3.023762114,0.06979328,0.944358196,NA,0,3.9
Snx7,0.030032649,1.126524066,3.026154283,0.372262602,0.70969734,NA,0,3.3
Soat2,1.430988522,-1.571428966,2.950912106,-0.532523135,0.594363723,NA,0.4,4.2
Sobp,1.02453787,3.087534504,2.987415183,1.033513695,0.301363565,NA,6.5,0.4
Sod3,0.213908875,2.658314477,3.014680925,0.881789663,0.377890563,NA,15.2,0
Soga1,1.387610284,0.684142804,2.193859853,0.311844352,0.755158816,NA,6.5,5.7
Soga3,0.365212772,3.106867383,3.010073646,1.032156601,0.301998762,NA,1.3,0
Sorbs2,0.505679222,3.432346743,3.004559227,1.142379459,0.253296326,NA,5.9,0
Sorcs1,0.060065298,0.837989154,3.026154276,0.276915543,0.781844958,NA,4.8,0.2
Sorcs3,0,0,0,0,1,NA,0,2.2
Sort1,0,0,0,0,1,NA,0,4.3
Sox2,0,0,0,0,1,NA,2.4,0
Spaca1,0.902982681,-2.673971581,2.968024514,-0.90092638,0.367627464,NA,3.7,2.7
Spaca9,0,0,0,0,1,NA,0,5.8
Spag16,0,0,0,0,1,NA,0,3.5
Spag6,0.231672421,-0.715770924,3.000736422,-0.238531755,0.811468689,NA,4.5,0.8
Spag6l,0,0,0,0,1,NA,0,3.6
Spata48,1.201305957,-3.088776888,2.965169868,-1.04168632,0.297557133,NA,0,11.7
Spata5l1,1.384064257,-1.744863273,1.80764918,-0.965266542,0.334411325,NA,3.8,3.4
Spatc1l,0,0,0,0,1,NA,0,5.7
Spats2l,0.401030135,1.370411434,3.009423285,0.45537344,0.6488406,NA,0.5,4.1
Spcs2-ps,0.421518379,0.292443663,3.004556194,0.097333398,0.922461634,NA,0.3,0.7
Spdya,0.142405809,1.935211944,3.020603412,0.640670648,0.521736688,NA,0.4,0.1
Speer1,0.144244829,-0.10051636,3.020101402,-0.033282445,0.973449352,NA,0,0.5
Sphk1,0,0,0,0,1,NA,3.5,0
Spib,0.362373779,0.312525203,2.995211539,0.104341613,0.916898256,NA,10.7,4.9
Spink1,0.252839611,2.804220994,3.013033118,0.930697036,0.352010303,NA,4.7,0
Spink13,0.19443492,2.059658844,3.023202765,0.681283726,0.495691979,NA,0.2,3.9
Spink2,0.292645081,-1.044295935,2.991812147,-0.349051305,0.727050793,NA,0,0.9
Spink4,0.583304759,3.52907026,3.002777529,1.175268639,0.239887257,NA,0.6,0
Spire2,0.028110203,1.126524066,3.026154283,0.372262602,0.70969734,NA,3.6,2.4
Spns2,1.195520817,4.195282156,2.982991179,1.406401127,0.159605046,NA,7.2,2.4
Spns3,0.437841477,-0.589940458,2.993893652,-0.1970479,0.843790054,NA,7.6,4.2
Spock1,0.03251612,1.126524066,3.026154283,0.372262602,0.70969734,NA,0,2.8
Spred3,0.08556355,2.044726305,3.023389672,0.676302603,0.49884854,NA,0.2,2.3
Spry3,0,0,0,0,1,NA,0,4.5
Spry4,0.440492329,2.24543266,3.010036772,0.745981804,0.455678407,NA,0.8,3.5
Spsb4,0,0,0,0,1,NA,3.8,0
Sptb,0.130506422,0.033489543,3.022398248,0.011080453,0.991159258,NA,0,0.5
Sptbn4,0.530670663,1.982940429,3.005702262,0.659726166,0.509429572,NA,1,0.5
Srcin1,0.340760793,2.678057306,3.011373091,0.889314351,0.373834161,NA,0.9,0.1
Srl,0.603629565,-2.106240079,2.973522972,-0.708331531,0.478739401,NA,0,7.3
Srms,0,0,0,0,1,NA,2.2,0
Srpk3,0.068149616,1.393414388,3.024981103,0.460635733,0.64505997,NA,3.1,0.1
Srpx2,0.224881624,-0.675426784,3.001976468,-0.22499403,0.821983919,NA,0,3.1
Srsf12,0.31361815,-1.153340283,2.989265418,-0.385827326,0.699624556,NA,0,4.1
Ssc4d,0.381205439,-1.433245153,2.9835348,-0.480384929,0.630953709,NA,2,4.2
Ssc5d,0,0,0,0,1,NA,3.1,0
Sspn,0.5133813,3.435244675,3.004504194,1.143364913,0.252887114,NA,1.2,0
Sspnos,0,0,0,0,1,NA,0,3.3
Sstr3,0.312607631,-1.148996855,2.989363272,-0.384361735,0.700710357,NA,0,1.1
St3gal5,0.52734578,-0.148448549,2.983641896,-0.049754144,0.960318309,NA,0.3,4
St6galnac5,0.028959053,1.126524066,3.026154283,0.372262602,0.70969734,NA,3.2,0.1
St8sia6,0.670964248,3.736169481,2.998881195,1.24585445,0.212817835,NA,6.1,0
Stac3,0.265834284,-0.924398537,2.994840098,-0.308663737,0.757577331,NA,0,1.1
Stag3,1.810903751,5.113268275,2.973749747,1.71946825,0.085529144,NA,8.7,3
Stamos,0,0,0,0,1,NA,1.7,3.8
Stap2,0.642580689,0.535576023,2.975135361,0.180017363,0.857138937,NA,0.8,1
Stard6,0.580374847,0.550489831,2.830875938,0.194459186,0.84581635,NA,0.7,1.2
Stard8,0.681367138,1.925820766,2.995918817,0.642814737,0.52034432,NA,5.1,4.9
Stau2,0.841702691,3.694461053,2.993513635,1.234155412,0.217144999,NA,7.6,0.1
Stc1,0,0,0,0,1,NA,6.5,2.4
Steap1,0.37452709,0.296476886,3.009675335,0.09850793,0.921528976,NA,16.6,3.7
Steap2,0.214727459,0.032731137,3.013241936,0.010862433,0.991333203,NA,7.5,0.6
Steap3,0.635439942,-0.649192204,2.969058904,-0.218652518,0.826920739,NA,2.7,2
Stfa2l1,0,0,0,0,1,NA,0,1.3
Stk36,0.056220406,0.837989154,3.026154276,0.276915543,0.781844958,NA,0,2.5
Stmn1-rs1,0.16670897,2.031286019,3.019150671,0.672800479,0.501074233,NA,0.3,2.6
Stmn2,0,0,0,0,1,NA,2.2,0
Stmn4,0,0,0,0,1,NA,0,3.8
Ston1,0,0,0,0,1,NA,8,0
Stox2,0.517343565,-1.518183472,2.97653599,-0.510050434,0.610016129,NA,0.1,1.4
Stra6,0,0,0,0,1,NA,2.4,3.2
Stra6l,0,0,0,0,1,NA,3.9,0
Stum,0.05618658,1.884001011,3.024208933,0.622973165,0.533302156,NA,3.5,0
Stxbp6,0.646145673,3.705146082,2.999501075,1.235254127,0.21673594,NA,5.1,3.6
Sulf1,0,0,0,0,1,NA,0,3.8
Sult1a1,0.292645081,-1.044295935,2.991812147,-0.349051305,0.727050793,NA,0,3.2
Sult1b1,0.365212772,3.106867383,3.010073646,1.032156601,0.301998762,NA,1.3,0
Sult4a1,0.961970933,-2.769912366,2.967289854,-0.933482235,0.350571038,NA,0,7.1
Supt4b,1.180567414,-0.043034468,2.091681386,-0.020574103,0.983585399,NA,0.7,2
Susd2,0.769467355,0.812141077,2.984606953,0.272109892,0.785537523,NA,3.7,3.9
Svep1,1.541059339,-0.7942312,1.231832964,-0.644755598,0.51908558,NA,6.2,3.8
Svop,0.042781775,1.732734015,3.024778107,0.572846653,0.566748528,NA,0.1,1.6
Svopl,0.474442114,-1.748084723,2.97827488,-0.586945394,0.557240381,NA,0,6.5
Syce1,0.168640358,2.004938622,3.019540406,0.663988009,0.506697986,NA,3.9,0.1
Syce1l,0.128345325,2.292334427,3.019557423,0.759162389,0.447755422,NA,0.3,2.3
Sycp2l,0.235123952,-0.763905977,2.99930075,-0.254694691,0.798958917,NA,0,1.2
Sycp3,0.212492912,-0.570546697,3.005363837,-0.189842804,0.849432313,NA,0,3.8
Syde2,0,0,0,0,1,NA,2.2,0
Syn1,0.548893584,-1.199768541,2.980618535,-0.402523344,0.687298912,NA,0.1,9.3
Syn3,0.573550915,0.601451671,2.985708769,0.201443516,0.840351792,NA,3.6,0.9
Syna,0.157404996,-0.217861557,3.016714363,-0.072218159,0.942428294,NA,0,0.7
Syndig1,0,0,0,0,1,NA,3,0
Syngap1,0.48668607,2.732507089,3.010854511,0.907552019,0.364114954,NA,0.8,0.1
Syngr4,0.062444438,0.549454242,3.026154269,0.181568484,0.855921384,NA,0,4.1
Syt14,0.042781775,1.732734015,3.024778107,0.572846653,0.566748528,NA,4.4,7.4
Syt16,0.117415462,0.211038275,3.023762114,0.06979328,0.944358196,NA,5.1,0.4
Syt2,0,0,0,0,1,NA,3.7,0
Syt5,0.140466451,2.370369898,3.018420805,0.785301338,0.432276911,NA,0.5,0
Syt6,0.985810915,4.251014591,2.987534992,1.422917088,0.154760192,NA,6.7,0
Syt7,0.172338119,0.16637327,3.018925848,0.055110088,0.956050759,NA,0.1,0.5
Tac4,0.692375178,-2.294718581,2.971454616,-0.772254292,0.439963831,NA,0,6.2
Taco1os,0.138909058,-0.058215127,3.02121487,-0.019268781,0.984626689,NA,0,6.1
Taf1c,0.412681925,-1.0491324,2.98340209,-0.351656387,0.725095972,NA,4.6,1
Tafa2,0.29165238,2.515542577,3.016449717,0.833941492,0.404313955,NA,0.3,3.6
Tagln,0.096449986,1.732734015,3.024778107,0.572846653,0.566748528,NA,5.9,0
Tal1,0.040056325,1.126524066,3.026154283,0.372262602,0.70969734,NA,0,2.9
Tal2,0,0,0,0,1,NA,3.4,0
Tarbp2,1.179476029,-3.065296014,2.957186347,-1.036558287,0.299941762,NA,3.9,13
Tarm1,1.459068394,4.810323947,2.977708673,1.615444785,0.106214408,NA,4.3,8.8
Tas1r3,0,0,0,0,1,NA,0,3.4
Tas2r108,0,0,0,0,1,NA,3.2,0
Tbx1,0,0,0,0,1,NA,3,0
Tbx18,0,0,0,0,1,NA,0,4.2
Tbx19,0,0,0,0,1,NA,0,2.2
Tbx2,0.625515736,-2.156189264,2.972948442,-0.725269646,0.468286624,NA,3.5,6.8
Tbx20,0.197934249,2.059658844,3.023202765,0.681283726,0.495691979,NA,5,0
Tbx3,1.072676217,-1.442063731,2.957200448,-0.487644905,0.625801383,NA,0.7,3.7
Tbx3os1,0,0,0,0,1,NA,1.9,0
Tbx4,0.173754316,-0.318422872,3.013614033,-0.105661464,0.915850956,NA,0,0.6
Tbx5,0,0,0,0,1,NA,2.3,0
Tcaf1,1.352933931,-1.334437538,2.951389733,-0.452138707,0.651169061,NA,1,9.2
Tcea1-ps1,0.560713206,2.264844602,3.009866617,0.752473412,0.451766414,NA,0.5,0.3
Tceal3,0,0,0,0,1,NA,0,4.4
Tcf24,0.888909417,0.359040121,2.961077011,0.12125322,0.903490472,NA,1.1,1.4
Tchh,0,0,0,0,1,NA,0,1.9
Tcim,0.389380549,-1.462425734,2.982998165,-0.490253649,0.623954422,NA,9.6,1.3
Tcl1,0,0,0,0,1,NA,3.2,0
Tcp1-ps1,0.40367811,-0.543413623,2.986025049,-0.181985621,0.85559401,NA,0.2,1.1
Tcrg-V3,0.048947528,0.837989154,3.026154276,0.276915543,0.781844958,NA,0,4.3
Tcrg-V6,0,0,0,0,1,NA,0,2.3
Tctex1d1,1.071114721,-2.924414975,2.966204363,-0.985911494,0.324176546,NA,0,3.8
Tdgf1,1.455070782,-3.365785356,2.963671345,-1.135681041,0.256090078,NA,4.2,5
Tdg-ps,0.11135254,0.583703446,3.023473564,0.193057235,0.846914144,NA,0.1,0.4
Tdo2,0.209607533,2.059055565,3.018746827,0.682089517,0.495182349,NA,0.4,4.1
Tdrd5,0,0,0,0,1,NA,0,3.1
Tdrd9,0,0,0,0,1,NA,0,3.6
Tdrkh,0.203176895,-0.535725976,3.006542875,-0.178186708,0.858576348,NA,0,10
Tead3,0.337359505,0.313327854,2.998942877,0.104479434,0.916788888,NA,0.3,0.7
Tead4,0.030032649,1.126524066,3.026154283,0.372262602,0.70969734,NA,0,2
Teddm2,0.566647764,-1.99755716,2.974843425,-0.671483125,0.501912806,NA,1.4,6.4
Tenm3,1.668489226,4.997693811,2.975164838,1.679804006,0.092995456,NA,21.4,1.4
Tes3-ps,0.705993925,-2.31623774,2.971235086,-0.779553847,0.435653531,NA,3.7,11.5
Tesk1,0.850979619,4.045497691,2.992180841,1.352023125,0.176367918,NA,2.2,4
Tesmin,1.067545025,4.373027008,2.985064995,1.464968774,0.142929437,NA,10.3,4.3
Tex11,0.128345325,2.292334427,3.019557423,0.759162389,0.447755422,NA,0.3,1.4
Tex12,0,0,0,0,1,NA,2.9,0
Tex13c2,0.202713368,-0.523232806,3.006972735,-0.174006502,0.861860353,NA,0,0.7
Tex19.1,0.642533915,-2.189758474,2.972573267,-0.736654163,0.461332688,NA,0,2.5
Tex22,0.04473095,1.732734015,3.024778107,0.572846653,0.566748528,NA,0.1,2.6
Tex38,0,0,0,0,1,NA,4.3,2.8
Tfec,0.697464629,-0.385460186,2.972726142,-0.129665555,0.896831035,NA,0.3,1
Tff2,0.259640692,-0.880403656,2.996014751,-0.293858251,0.768866221,NA,0,0.9
Tff3,0,0,0,0,1,NA,1.6,0
Tgif1-ps,0,0,0,0,1,NA,0,2.5
Tgif2,0,0,0,0,1,NA,0,4
Tgm1,0,0,0,0,1,NA,0,3.7
Tgm4,0,0,0,0,1,NA,0,2.7
Tgtp1,1.251339264,-1.605760398,2.960115153,-0.542465517,0.587497856,NA,0.3,6.7
Thbd,0.09721746,1.732734015,3.024778107,0.572846653,0.566748528,NA,4.6,0
Thbs3,0.062444438,0.549454242,3.026154269,0.181568484,0.855921384,NA,4.3,7.1
Them6,0.358599917,1.249595679,3.017360586,0.414135349,0.678774986,NA,0.3,0.4
Themis3,0.160197237,0.528712968,3.022384832,0.174932379,0.861132768,NA,0.1,0.4
Thnsl2,0.447146014,-1.194407375,2.98071275,-0.400712003,0.688632173,NA,3.2,5
Thrsp,1.013566841,-2.844295952,2.966752804,-0.958723608,0.337698002,NA,0,9.3
Thsd1,0.879543267,0.384254543,2.961492194,0.129750314,0.896763974,NA,1.3,5
Thsd4,0.213908875,2.658314477,3.014680925,0.881789663,0.377890563,NA,0.5,0
Thtpa,0,0,0,0,1,NA,0,4.1
Tigd3,1.296855492,-3.203091083,2.964516551,-1.080476708,0.279929954,NA,0,5.8
Tinagl1,0.591023087,-0.556581155,2.985217291,-0.186445776,0.852095197,NA,2.4,0.9
Tktl1,0.956368862,4.189270401,2.988864186,1.401626216,0.161026894,NA,2.3,2.6
Tle2,0.898349807,-1.241724304,2.960934387,-0.419369071,0.674946424,NA,4.6,9.6
Tle6,0.019593663,1.126524066,3.026154283,0.372262602,0.70969734,NA,0,5
Tlr11,0,0,0,0,1,NA,0,4.7
Tlr5,0,0,0,0,1,NA,2.2,0
Tlr9,0.21553029,-0.640714402,3.003070977,-0.213353066,0.831051585,NA,0,1.1
Tm6sf2,0.874222128,-2.637560216,2.968316307,-0.888571144,0.374233605,NA,0,8.1
Tmbim7,1.624333961,-3.52542142,2.962929436,-1.189843193,0.234108029,NA,2.8,6.2
Tmc3,0,0,0,0,1,NA,0,3.8
Tmcc2,0.292616114,2.107396075,3.014374057,0.699115649,0.48447976,NA,5.9,0.2
Tmed10-ps,0.520081922,-0.64181426,2.517873493,-0.254903299,0.798797788,NA,3.9,1.2
Tmeff1,0,0,0,0,1,NA,3.2,0
Tmem116,0.140466451,2.370369898,3.018420805,0.785301338,0.432276911,NA,0.5,7.8
Tmem117,0.020814813,1.126524066,3.026154283,0.372262602,0.70969734,NA,2.1,0.1
Tmem141,1.575895084,-3.480284341,2.963130979,-1.174529363,0.240183058,NA,5.3,5.2
Tmem144,0,0,0,0,1,NA,5,1.4
Tmem145,0,0,0,0,1,NA,0,2.7
Tmem147os,1.034681148,-2.879916395,2.966505223,-0.970811166,0.331642321,NA,4.8,5.1
Tmem150c,0,0,0,0,1,NA,0,3.6
Tmem151a,0.104074063,0.152429095,3.023295467,0.050418193,0.959789139,NA,0,2.4
Tmem151b,0,0,0,0,1,NA,0,3.6
Tmem17,0.124888875,0.011098855,3.022236547,0.003672398,0.997069857,NA,0,0.6
Tmem181c-ps,0.028110203,1.126524066,3.026154283,0.372262602,0.70969734,NA,0,2.2
Tmem184a,0.140551015,-0.07502764,3.020789946,-0.024837093,0.980184905,NA,1.8,3.6
Tmem198,1.812555212,-1.147554217,1.72038676,-0.667032695,0.504751249,NA,1,4.3
Tmem198b,0.333092266,-1.258647193,2.986979717,-0.421377884,0.673479166,NA,0,5.7
Tmem204,0.533877903,3.344775125,3.006272195,1.112598896,0.265880735,NA,0.5,4.5
Tmem25,0.029353866,1.126524066,3.026154283,0.372262602,0.70969734,NA,0,2.2
Tmem253,0,0,0,0,1,NA,0,2.2
Tmem255a,0.186392891,0.528712968,3.022384832,0.174932379,0.861132768,NA,0.1,0.4
Tmem26,0.317487131,-0.629774821,2.992847675,-0.21042662,0.833334718,NA,2.9,0.8
Tmem274,0.951704992,-2.752983335,2.967415979,-0.927737585,0.353543707,NA,0,3.3
Tmem30b,0,0,0,0,1,NA,0,2.9
Tmem30c,0.146318353,-0.11505394,3.019675998,-0.038101419,0.96960682,NA,0,0.5
Tmem45a,0,0,0,0,1,NA,5.9,0
Tmem53,0,0,0,0,1,NA,5.1,3.7
Tmem79,1.639668061,4.657791133,2.975830342,1.565207219,0.117534329,NA,7.7,6.8
Tmem89,0,0,0,0,1,NA,0,5.9
Tmem95,0.646490909,-1.788564929,2.972122416,-0.601780371,0.547320343,NA,0.1,5.9
Tmigd3,0.782009561,2.113821727,3.011249167,0.701975031,0.482694735,NA,0.4,0.3
Tmlhe,0.50379054,1.394681654,3.000995457,0.464739675,0.642117892,NA,0.8,0.5
Tmod2,0.250929901,-0.269853212,3.003412867,-0.089848857,0.928407323,NA,16.3,1
Tmprss11g,1.003088358,4.281740453,2.986893782,1.433509447,0.151712301,NA,3.1,0
Tmprss2,1.01932837,-2.854747285,2.96667953,-0.962270194,0.335913897,NA,0,4.1
Tmprss3,0.563951156,0.276434475,2.978880447,0.09279811,0.926063953,NA,4,1
Tmsb15b1,1.26296881,-0.535941858,2.949944038,-0.181678652,0.85583492,NA,0.5,2.5
Tmtc1,0.245113544,1.762180987,3.023314479,0.582863939,0.559984898,NA,2.7,0.1
Tnc,0.91976139,0.569393491,2.96010509,0.192355836,0.847463484,NA,1.4,7.9
Tnfaip8l3,0.570137805,-1.107433428,2.975216495,-0.372219444,0.709729471,NA,3,1.2
Tnfsf15,0.030032649,1.126524066,3.026154283,0.372262602,0.70969734,NA,4.5,0.1
Tnk2os,0.8620238,1.115395016,2.969659171,0.37559698,0.707216536,NA,0.6,0.8
Tnnc1,0.184770613,2.553072765,3.015969024,0.846518232,0.397263708,NA,0.5,2.3
Tnnt2,0.140466451,2.370369898,3.018420805,0.785301338,0.432276911,NA,0.5,0
Tom1,0,0,0,0,1,NA,3.9,0
Tom1l1,0.692143396,-0.650570533,2.983233337,-0.218075645,0.827370173,NA,4,6.7
Tomm20l,0.02809329,1.681949511,3.024981108,0.55601984,0.578197292,NA,0.1,1.5
Tomm40l,0.144795263,-0.104418574,3.01998682,-0.034575838,0.972417969,NA,0,0.5
Tomm6,0.357677321,-1.33514147,2.985419662,-0.4472207,0.654715717,NA,0,1.1
Tomm6os,0.153845877,-0.16875168,3.018139004,-0.055912494,0.955411517,NA,0,6.3
Tox3,0.146769328,-0.11830382,3.019581446,-0.03917888,0.968747772,NA,0,0.5
Tpbg,0.760229005,-1.618587378,2.96893043,-0.545175246,0.585632995,NA,3.5,6.6
Tpbgl,0.432734487,-1.616928409,2.980328988,-0.542533531,0.587451015,NA,2.4,17.2
Tpcn2,1.367617255,-1.554160149,1.717876215,-0.904698566,0.365625101,NA,0.5,4.5
Tph1,0.345632769,2.673023469,3.011421969,0.887628335,0.374740707,NA,5.1,0.1
Tppp,0.048552715,0.837989154,3.026154276,0.276915543,0.781844958,NA,0,4.4
Tpt1-ps2,0.550999887,0.016248203,2.24622991,0.007233544,0.994228517,NA,0.3,1
Tpt1-ps4,0.216937689,0.652953627,3.019538544,0.216242852,0.828798452,NA,0.2,0.5
Tpt1-ps7,1.735084035,-0.411869624,1.26443017,-0.325735365,0.744624584,NA,1,3.4
Traj11,0,0,0,0,1,NA,0,7.5
Traj13,0.25669065,2.801149133,3.013066237,0.929667293,0.352543374,NA,0.6,0
Traj14,0.395245421,2.818331931,3.010073638,0.936299994,0.349118751,NA,3.7,3.4
Traj16,0,0,0,0,1,NA,0,3.5
Traj17,0.128345325,2.292334427,3.019557423,0.759162389,0.447755422,NA,3.8,0
Traj2,1.943965959,-1.879251245,1.8429499,-1.019697413,0.307871989,NA,0.4,6.2
Traj30,0,0,0,0,1,NA,0,2.5
Traj34,0,0,0,0,1,NA,0,3.6
Traj36,0,0,0,0,1,NA,2.4,0
Traj37,0.08556355,2.044726305,3.023389672,0.676302603,0.49884854,NA,4.5,0
Traj41,0,0,0,0,1,NA,0,3.6
Traj42,0,0,0,0,1,NA,0,1.9
Traj45,0,0,0,0,1,NA,0,1.4
Traj49,0.420651039,-1.103343747,2.982367097,-0.369955713,0.711415488,NA,6.7,1.3
Traj5,1.04770175,-2.891409076,2.966426632,-0.974711137,0.329703567,NA,8.5,8.1
Traj58,0.353172975,2.673023469,3.011421969,0.887628335,0.374740707,NA,0.7,0.1
Traj7,0.469995169,0.786361048,3.003997384,0.261771549,0.793497575,NA,0.3,0.6
Traj9,0.579181052,-2.037140041,2.974351044,-0.684902357,0.493405538,NA,3.9,5.9
Trank1,0.237575119,1.920753918,3.016680646,0.636711056,0.524313071,NA,0.6,0.2
Trarg1,0.058707731,0.837989154,3.026154276,0.276915543,0.781844958,NA,0,3.7
Trav1,0,0,0,0,1,NA,0,1.9
Trav10,0,0,0,0,1,NA,0,3.5
Trav12-3,1.013566841,-2.844295952,2.966752804,-0.958723608,0.337698002,NA,2.1,12.4
Trav13-2,0,0,0,0,1,NA,0,2.9
Trav14-1,0.042781775,1.732734015,3.024778107,0.572846653,0.566748528,NA,0.1,3.5
Trav14-2,1.037867421,4.236263777,2.987847552,1.417831299,0.156240024,NA,0.6,5.9
Trav16,0.102500763,0.300496751,3.024507075,0.099353959,0.920857238,NA,0,3.4
Trav16n,0.078374651,0.356075849,3.024990499,0.117711394,0.906296338,NA,6.7,3.3
Trav17,0,0,0,0,1,NA,0,7.4
Trav2,0,0,0,0,1,NA,1.8,3.2
Trav21-dv12,0.09721746,1.732734015,3.024778107,0.572846653,0.566748528,NA,0.1,36.6
Trav3-1,0,0,0,0,1,NA,2.3,0
Trav3-3,0.117561976,0.055368366,3.022558419,0.018318378,0.985384867,NA,0,4.9
Trav4-2,0,0,0,0,1,NA,0,3.9
Trav4-3,0.137155639,-0.07713362,3.02073704,-0.025534702,0.979628469,NA,4.3,0.7
Trav4-4-dv10,0,0,0,0,1,NA,4.6,1.3
Trav5-1,0.028848966,1.126524066,3.026154283,0.372262602,0.70969734,NA,3.6,0.1
Trav5-4,0,0,0,0,1,NA,2.7,2.6
Trav6-7-dv9,0,0,0,0,1,NA,3.9,0
Trav7-5,0,0,0,0,1,NA,0,1.8
Trav7-6,0.019593663,1.126524066,3.026154283,0.372262602,0.70969734,NA,0,2.4
Trav8n-2,0,0,0,0,1,NA,0,4.4
Trav9-4,0,0,0,0,1,NA,0,3.8
Trav9n-1,0,0,0,0,1,NA,0,3.5
Trbd1,0.213908875,2.658314477,3.014680925,0.881789663,0.377890563,NA,0.5,3.8
Trbd2,0.550779527,2.716953261,3.011000773,0.902342266,0.36687508,NA,0.5,0.1
Trbj1-1,0.371390249,1.117755822,3.010547773,0.371279882,0.710429081,NA,0.4,0.5
Trbj1-4,0.098985268,1.668109235,3.023953619,0.551631885,0.581200586,NA,0.2,2.3
Trbj1-5,0,0,0,0,1,NA,0,1.3
Trbj1-6,0.25204995,-0.027519353,3.005911308,-0.009155078,0.992695407,NA,0.2,3.3
Trbj2-2,0.478755689,-1.760891112,2.978084045,-0.591283216,0.554330673,NA,0,1.6
Trbj2-4,0.217784326,-0.008807053,3.011992311,-0.002923996,0.997666992,NA,3.5,0.6
Trbj2-5,1.515328898,1.762468523,2.585436287,0.681690951,0.49543439,NA,1.8,1.1
Trbj2-6,1.527265992,4.555558902,2.977225966,1.530135419,0.125983213,NA,3.4,1.8
Trbv1,1.954085255,-3.792119648,2.961858801,-1.280317498,0.200433496,NA,0,7.6
Trbv12-3,0,0,0,0,1,NA,0,1.3
Trbv13-3,0.640578711,-2.184544925,2.972630968,-0.734886015,0.462408916,NA,1.8,5.2
Trbv16,0.020814813,1.126524066,3.026154283,0.372262602,0.70969734,NA,2.9,2.9
Trbv17,1.153958631,-3.031479594,2.965517249,-1.022243116,0.306665849,NA,0,8.7
Trbv29,0,0,0,0,1,NA,1.4,0
Trbv3,0.105145422,0.250923846,3.024089298,0.082975012,0.933871409,NA,0,3.1
Trbv5,0.721224144,-2.353592449,2.970861648,-0.792225532,0.428229184,NA,0,6.8
Trcg1,0,0,0,0,1,NA,0,2.2
Trdj2,0,0,0,0,1,NA,0,3.7
Trem3,0.29670091,-1.070798707,2.99117563,-0.357985902,0.720353864,NA,0,1
Treml1,0.144795263,-0.104418574,3.01998682,-0.034575838,0.972417969,NA,0,0.5
Treml4,1.756568612,5.058688548,2.974404172,1.700740133,0.088991795,NA,3.3,3.4
Trgj1,0.486087299,3.323250921,3.006708372,1.105278767,0.269038816,NA,0.5,0
Trh,0,0,0,0,1,NA,2.5,0
Trim15,0,0,0,0,1,NA,6.8,0
Trim17,0,0,0,0,1,NA,0,7.1
Trim42,1.822313333,-3.687824766,2.962254151,-1.244938678,0.213154292,NA,2.5,5.2
Trim55,0,0,0,0,1,NA,2.8,0
Trim6,0.365212772,3.106867383,3.010073646,1.032156601,0.301998762,NA,1.3,2.4
Trim67,1.240671475,4.576604552,2.981369676,1.535067787,0.124767178,NA,5.2,0
Trim69,0.380100592,-1.411321115,2.983945104,-0.472971541,0.636233483,NA,0,5.1
Trim7,0.402578549,3.176104833,3.009474897,1.055368442,0.29125685,NA,0.9,3.7
Trmt112-ps2,0.645104147,-1.774166054,2.416538682,-0.734176559,0.462841138,NA,0.1,2
Trmt61b,1.271401926,-0.982508771,2.747933566,-0.357544586,0.720684154,NA,1.3,2.8
Trmt9b,0.3422542,3.03820487,3.010694846,1.009137433,0.312908728,NA,0.8,0
Trnp1,0.176342964,-0.36911727,3.011935838,-0.122551505,0.902462258,NA,4.9,4.5
Tro,0.255716426,0.092597189,3.015104328,0.030711106,0.975499934,NA,0.1,9.3
Trp53cor1,0.548622555,-1.970906914,2.975182565,-0.662449067,0.507683466,NA,0,8.5
Trp53-ps,1.563117758,4.878895282,2.976739986,1.639006196,0.101211969,NA,1.6,0
Trp63,0.233490747,1.128198216,3.017487837,0.373886583,0.708488699,NA,4,0.4
Trp73,0.223654749,2.69058422,3.014303045,0.892605746,0.372068341,NA,3.4,1.7
Trpc5os,0,0,0,0,1,NA,3.3,0
Trpm3,0.179285244,0.277876394,3.020229431,0.092005061,0.926694018,NA,0.1,5.5
Trpm5,0,0,0,0,1,NA,0,2.2
Trpv3,0.368942845,-1.376223652,2.984614919,-0.461105935,0.644722604,NA,0,1.1
Tshb,0.228962938,-0.722738311,3.000525692,-0.240870562,0.809655438,NA,0,1.1
Tshr,0.247908397,-0.795612825,2.998380435,-0.265347524,0.790741757,NA,0,4.6
Tshz2,1.5149064,4.852909719,2.977101786,1.630078535,0.1030849,NA,9.5,0
Tsix,0,0,0,0,1,NA,3.9,2.3
Tsks,0,0,0,0,1,NA,0,5.7
Tsku,0.542290198,1.391780479,2.998020769,0.464233101,0.642480748,NA,1.3,0.5
Tsnaxip1,0,0,0,0,1,NA,3.9,0
Tspan18,0.322892521,-1.193655469,2.988370877,-0.39943351,0.689573807,NA,0,1.1
Tspan31,0.239152907,-0.136967909,3.00778204,-0.045537844,0.963678611,NA,0.1,4.6
Tspan33,0.517002009,-0.565183545,2.976491199,-0.189882485,0.849401218,NA,0.4,4.4
Tspan4,1.366445864,1.308336015,2.945597169,0.444166646,0.656922105,NA,5.2,3.6
Tspan7,0,0,0,0,1,NA,2.8,0
Tspan8,0.149089648,-0.134392004,3.019116301,-0.044513689,0.96449494,NA,0,0.5
Tspear,0.579174543,-2.033427304,2.97439666,-0.683643621,0.494200232,NA,0,1.9
Tssk6,0.522316882,3.46618051,3.003923151,1.153884549,0.248547505,NA,3.8,2.5
Tsx,0,0,0,0,1,NA,2.6,0
Ttbk1,1.05661612,0.297656433,2.954727804,0.100739037,0.919757622,NA,1.1,8.1
Ttc21a,0,0,0,0,1,NA,1.5,2.4
Ttc25,0,0,0,0,1,NA,0,4.1
Ttc26,0.402578549,3.176104833,3.009474897,1.055368442,0.29125685,NA,5.6,0
Ttc30a1,0,0,0,0,1,NA,0,3.7
Ttc30b,0.984607788,-2.802484028,2.967051291,-0.94453508,0.344896284,NA,0,8.1
Ttc39a,0,0,0,0,1,NA,2.6,2.3
Ttll10,0.84714897,3.297190975,2.995845591,1.100587756,0.271076117,NA,0.6,2.3
Ttll11,0.039187325,0.837989154,3.026154276,0.276915543,0.781844958,NA,3.8,0.2
Ttll13,0.137155639,-0.07713362,3.02073704,-0.025534702,0.979628469,NA,0,0.7
Tub,0.224881624,-0.675426784,3.001976468,-0.22499403,0.821983919,NA,1.7,0.8
Tuba3a,0.208859084,-0.590005166,3.004717007,-0.196359645,0.84432868,NA,1.7,1
Tuba8,0.071820397,1.444198905,3.024778102,0.477456149,0.633037339,NA,1.6,0.1
Tubb2b,0,0,0,0,1,NA,6.6,0
Tubb4b-ps1,0.231184472,0.958540542,3.021847401,0.31720349,0.751089202,NA,0.2,0.4
Tubg2,1.274107825,-1.884540493,2.956256233,-0.637475355,0.523815258,NA,2.7,8.3
Tulp1,0.19095947,2.204381028,3.016745101,0.730715044,0.464953225,NA,2.2,0.1
Tusc1,0.57021577,-1.157683963,2.974885277,-0.389152473,0.697163359,NA,0.2,7.1
Tvp23a,0.172977904,1.732734015,3.024778107,0.572846653,0.566748528,NA,0.1,2.7
Twist2,1.179918186,4.513909892,2.98245415,1.513488445,0.130155634,NA,7.9,2.6
U2af1l4,0,0,0,0,1,NA,3.3,0
Uaca,1.738770314,0.000433969,2.602694594,0.000166738,0.999866962,NA,6.9,3
Uba1y,0,0,0,0,1,NA,3.3,0
Uba1y-ps2,0,0,0,0,1,NA,0,2.5
Ube2e2,0.484442727,-0.456972295,2.978750225,-0.153410746,0.878074371,NA,0.3,1.2
Ube2l3-ps1,0.195765354,0.277330252,3.020217994,0.091824581,0.926837414,NA,0.1,0.5
Uckl1os,0,0,0,0,1,NA,3.1,3.8
Ufsp1,0.146769328,-0.11830382,3.019581446,-0.03917888,0.968747772,NA,2,0.5
Uggt2,0.172977904,1.732734015,3.024778107,0.572846653,0.566748528,NA,6.7,0
Ugt1a6a,0.479088972,3.197941612,3.009244011,1.062705982,0.287915307,NA,0.5,4.8
Ugt1a7c,0,0,0,0,1,NA,4,3
Unc45b,0,0,0,0,1,NA,5.2,0
Unc45bos,0,0,0,0,1,NA,3.5,0
Unc5a,0.318263555,0.076744419,3.006632878,0.025525038,0.979636177,NA,3.7,3.5
Unc79,0,0,0,0,1,NA,3,3.1
Upp2,1.039502474,3.351192298,2.98826471,1.12145095,0.262095959,NA,8.3,2.2
Ush2a,1.116838774,-2.990206363,2.965776133,-1.008237382,0.313340516,NA,0,12
Ushbp1,0.168491941,0.52871329,3.022384835,0.174932485,0.861132685,NA,3.2,0.4
Usp13,0.354375326,3.0731821,3.010374917,1.020863575,0.307319079,NA,1,0
Usp27x,0,0,0,0,1,NA,0,1.3
Usp44,0.195936627,-0.505972622,3.007572642,-0.168232885,0.866400071,NA,0,1
Usp46os2,0,0,0,0,1,NA,4.1,0
Usp51,0,0,0,0,1,NA,0,4.1
Uts2,0.249777751,-0.846326915,2.996949109,-0.282396158,0.77763976,NA,0,1.2
Vamp9,0,0,0,0,1,NA,0,3.3
Vangl2,0.339510462,-0.521348226,2.991178635,-0.174295249,0.861633433,NA,3.8,0.8
Vax2,1.355161227,2.5451939,2.966774109,0.857899458,0.390947984,NA,0.8,0.6
Vax2os,0.030032649,1.126524066,3.026154283,0.372262602,0.70969734,NA,0,2.3
Vdac3-ps1,0.144344538,1.179120647,3.023389629,0.389999567,0.696536867,NA,0.2,0.3
Vegfc,0.02809329,1.681949511,3.024981108,0.55601984,0.578197292,NA,0.1,4.3
Vegfd,1.14192953,-0.155438539,2.950776519,-0.052677164,0.957989134,NA,4.2,6.3
Vgll3,0,0,0,0,1,NA,3.3,1.5
Vil1,0.210228542,-0.572274834,3.005306045,-0.190421483,0.848978865,NA,0,4.1
Vldlr,0.109105488,1.155663995,3.024778096,0.382065712,0.702412624,NA,7.2,2
Vmn1r174,1.210845325,4.46673084,2.983301023,1.49724443,0.134329668,NA,0.7,0
Vmn1r188,0,0,0,0,1,NA,0,1.9
Vmn1r21,0.028848966,1.126524066,3.026154283,0.372262602,0.70969734,NA,0,3.8
Vmn1r28,0,0,0,0,1,NA,0,1.3
Vmn1r4,1.936501402,-3.777360416,2.961913032,-1.275311049,0.202199168,NA,0,6.9
Vmn1r46,0,0,0,0,1,NA,0,2.2
Vmn1r80,0,0,0,0,1,NA,3.8,0
Vmn1r-ps1,0,0,0,0,1,NA,4.6,0
Vmn1r-ps140,0,0,0,0,1,NA,0,2.1
Vmn2r11,0.050168678,0.837989154,3.026154276,0.276915543,0.781844958,NA,0,2.6
Vmn2r120,0.020814813,1.126524066,3.026154283,0.372262602,0.70969734,NA,4.1,3.5
Vmn2r124,0,0,0,0,1,NA,0,4
Vmn2r18,0,0,0,0,1,NA,5.3,0
Vmn2r23,0.028848966,1.126524066,3.026154283,0.372262602,0.70969734,NA,2.1,4.3
Vmn2r3,0.253832126,2.277832623,3.015801464,0.755299263,0.450069441,NA,0.4,0.1
Vmn2r53,0.13150102,1.732734015,3.024778107,0.572846653,0.566748528,NA,4.3,0
Vmn2r57,0,0,0,0,1,NA,0,1.5
Vmn2r66,0.338492649,2.275256046,3.012522939,0.755265965,0.450089416,NA,0.9,0.2
Vmn2r70,0.129285272,0.044707404,3.022480103,0.014791629,0.988198418,NA,0,0.5
Vmn2r74,0,0,0,0,1,NA,0,1.7
Vmn2r76,0.019593663,1.126524066,3.026154283,0.372262602,0.70969734,NA,0,4.6
Vmn2r79,0.096449986,1.732734015,3.024778107,0.572846653,0.566748528,NA,0.1,1.5
Vmn2r9,0,0,0,0,1,NA,0,3.1
Vpreb1,0.131966823,1.935211944,3.020603412,0.640670648,0.521736688,NA,0.4,1.7
Vps37d,0.779994808,-0.254849863,2.963383644,-0.085999619,0.93146672,NA,0.7,4.3
Vtn,0,0,0,0,1,NA,4.1,0
Vwa1,0.804715103,-0.396093016,2.965161832,-0.133582259,0.893732914,NA,0.5,1.3
Vwa3b,0.692399818,-0.086239446,2.967064204,-0.029065581,0.976812286,NA,1,8.7
Vwa5b2,0,0,0,0,1,NA,0,1.5
Vwc2,0.174282795,2.050715888,3.023314498,0.678300551,0.49758115,NA,2.2,4
Vwf,0.162580601,-0.225356596,3.016476125,-0.074708563,0.940446595,NA,1.5,2.5
Wdpcp,0.22728194,0.528712968,3.022384832,0.174932379,0.861132768,NA,3.9,0.4
Wdr17,0,0,0,0,1,NA,2.7,0
Wdr31,0.099851031,1.155663995,3.024778096,0.382065712,0.702412624,NA,0.1,2.5
Wdr34,0.39227186,-0.454253135,2.98752725,-0.152049872,0.879147601,NA,3,1
Wdr49,0,0,0,0,1,NA,1.8,3.6
Wdr66,0.675439835,-2.268236509,2.97172928,-0.763271582,0.445301446,NA,0,8
Wdr72,0,0,0,0,1,NA,0,3.1
Wdr86,0,0,0,0,1,NA,0,3.1
Wfdc21,0.160097129,-0.208076544,3.017027169,-0.068967408,0.945015562,NA,0,0.5
Wfikkn2,0.644747881,-0.949015811,2.96962873,-0.319573892,0.749291368,NA,2.1,4.5
Wipf3,1.591474393,-3.498591371,2.963048477,-1.18074051,0.237705823,NA,0,7.6
Wnt1,0,0,0,0,1,NA,4.6,0
Wnt16,1.418993577,-3.329640361,2.963850998,-1.12341692,0.261260467,NA,0,13.8
Wnt2,0,0,0,0,1,NA,0,4.1
Wnt2b,0.161560766,1.091039048,3.02395361,0.360798871,0.718249807,NA,0.2,0.3
Wnt3,0,0,0,0,1,NA,0,4.1
Wnt4,0.03251612,1.126524066,3.026154283,0.372262602,0.70969734,NA,1.8,0.1
Wnt6,0.822027609,3.663281508,2.994165175,1.22347342,0.221150937,NA,5.8,0.1
Wnt7b,0.224746321,2.712104267,3.014055364,0.899818994,0.368216584,NA,0.8,4
Wnt8b,0,0,0,0,1,NA,4.2,0
Wnt9a,1.179918186,4.513909892,2.98245415,1.513488445,0.130155634,NA,9,0
Wt1,0,0,0,0,1,NA,0,2
Wtip,0.309026191,2.966655047,3.011372496,0.985150476,0.324550163,NA,5.8,0
Wwc1,0.393306062,3.170444675,3.009522831,1.053470884,0.292125232,NA,6.7,0
Xkr5,0.875402747,-0.737394488,2.967105697,-0.248523162,0.803729652,NA,3.2,1.3
Xlr3a,0.177077426,-0.300003239,3.014166614,-0.099531073,0.920716617,NA,0,0.5
Xlr3c,0.140466451,2.370369898,3.018420805,0.785301338,0.432276911,NA,2.9,0
Xpnpep2,0.578699918,3.520744181,3.002926507,1.172437678,0.24102138,NA,3.9,2.2
Xrra1,0.08427987,2.053039984,3.023285402,0.67907581,0.497089829,NA,8.1,0
Ybx1-ps2,0.969402401,1.342068379,2.289246598,0.586248935,0.557708242,NA,1.5,1
Ybx2,0,0,0,0,1,NA,0,1.3
Yipf2,1.491380404,-3.402447747,2.963493645,-1.14812048,0.250918831,NA,0,5.9
Yjefn3,0.761395647,0.385248199,2.652657039,0.145231062,0.884528442,NA,0.9,1.2
Ypel4,1.247576561,4.555302446,2.981733018,1.527736527,0.126577967,NA,2,2.7
Zan,1.069392059,4.331147315,2.985890072,1.450538101,0.146908522,NA,1.1,5
Zbed5,1.330445643,1.088508769,2.94404795,0.369732011,0.711582178,NA,5.7,1.6
Zbtb16,0.517642258,3.082039102,3.005757338,1.02537855,0.305184605,NA,6,0.1
Zc2hc1c,0.689509728,-2.285737913,2.9715472,-0.769208012,0.441769835,NA,0,6.1
Zcchc12,0,0,0,0,1,NA,0,1.9
Zcwpw2,0.645958925,-2.194081209,2.972525583,-0.738120211,0.460441403,NA,0,5.6
Zfhx4,0.395922414,-1.469666334,2.982866662,-0.492702658,0.622222699,NA,0,5.3
Zfp109,0.847110334,-2.586701434,2.968736338,-0.871313966,0.383582747,NA,0,7.1
Zfp111,0.807719007,3.979450836,2.993587066,1.329325237,0.183740692,NA,2.3,1.7
Zfp119b,0.521519103,0.981045838,2.990479025,0.328056418,0.742869005,NA,1.1,6
Zfp133-ps,0.401892287,-1.519591058,2.981977483,-0.509591728,0.61033752,NA,0,1.8
Zfp174,0.112373161,2.223747084,3.020603431,0.736192994,0.461613255,NA,4.1,3.6
Zfp2,0,0,0,0,1,NA,2.4,0
Zfp286,0.05618658,1.884001011,3.024208933,0.622973165,0.533302156,NA,2.3,0
Zfp334,0,0,0,0,1,NA,0,1.8
Zfp335,1.67347512,-3.276318341,2.961653508,-1.106246336,0.268619912,NA,3.3,16.2
Zfp354a,0,0,0,0,1,NA,2.4,0
Zfp366,0.95288648,3.780576791,2.991613934,1.263724824,0.206328812,NA,0.7,0.1
Zfp383,0.048552715,0.837989154,3.026154276,0.276915543,0.781844958,NA,1.4,3.1
Zfp385c,0,0,0,0,1,NA,3.8,2.5
Zfp449,0.28110203,-0.996701956,2.992984548,-0.33301273,0.739124674,NA,3.6,5.6
Zfp469,0.337119482,3.039139384,3.010686203,1.00945073,0.31275852,NA,4.3,1.5
Zfp473,0.39751993,-1.50803051,2.982180682,-0.505680464,0.613080985,NA,0,1.9
Zfp493,0.794536577,3.539796157,2.996882386,1.181159519,0.237539359,NA,1.4,4.9
Zfp503,0.300326489,-1.087567655,2.990778792,-0.363640286,0.71612664,NA,2.2,1
Zfp521,0.754099786,3.887525122,2.995552076,1.297765829,0.194367815,NA,6.9,2.7
Zfp532,0,0,0,0,1,NA,2,1.8
Zfp558,0.49058444,-1.791521849,2.977634352,-0.601659451,0.547400847,NA,0,1.5
Zfp566,0.83333527,-0.408335025,2.961209991,-0.137894653,0.890323676,NA,4.1,6.1
Zfp575,0,0,0,0,1,NA,3.4,0
Zfp583,1.071264773,-2.924158526,2.966206071,-0.985824469,0.324219256,NA,5.4,10
Zfp59,0.03251612,1.126524066,3.026154283,0.372262602,0.70969734,NA,4.8,0.1
Zfp607b,0.385036613,-0.975572446,2.984869347,-0.326839246,0.743789474,NA,2.3,7.6
Zfp608,0.355702723,2.349396571,3.011767177,0.78007244,0.435348237,NA,7.2,7.9
Zfp629,1.453993157,-3.070429822,2.962614622,-1.036391909,0.300019344,NA,7.1,5.3
Zfp704,1.61484259,-0.111411671,2.937019929,-0.037933577,0.969740642,NA,6.4,6.8
Zfp72,0.155998448,0.867129086,3.02477809,0.286675273,0.774360972,NA,0.1,5.1
Zfp759,0.205111044,1.474175653,3.023307828,0.487603558,0.625830675,NA,2.5,4.1
Zfp78,0.610957234,-2.102708924,2.973564342,-0.70713416,0.479483109,NA,0,1.6
Zfp808,1.208738729,-3.098811261,2.965110433,-1.045091349,0.295980752,NA,0,9.2
Zfp811,0.486087299,3.323250921,3.006708372,1.105278767,0.269038816,NA,0.5,0
Zfp82,0.293538655,-1.056137087,2.991526341,-0.353042884,0.724056291,NA,0,1
Zfp85os,0.956172661,-2.764531614,2.967329782,-0.931656343,0.351514155,NA,2.8,13.1
Zfp870,0.08325925,0.316813566,3.024647333,0.104743969,0.916578972,NA,4.8,0.4
Zfp9,0.215249732,1.771124303,3.023202742,0.585843708,0.557980549,NA,3,3.3
Zfp90,0.865179481,-2.615247182,2.968498773,-0.88099992,0.378317863,NA,0,6.1
Zfp93,1.805108535,-1.794658565,2.565007268,-0.699669973,0.484133433,NA,1.1,5.2
Zfp939,0.411466917,-1.559841046,2.981282446,-0.523211428,0.60082713,NA,0,6.8
Zfp940,1.027473434,-2.327748821,2.96684963,-0.784586046,0.432696314,NA,4.8,3.2
Zfp947,0.260631473,-0.885606296,2.995873998,-0.295608659,0.76752896,NA,2.1,0.9
Zfp97,0.208148126,-0.587531064,3.004798777,-0.195530918,0.844977335,NA,0,1
Zfp975,0.251239751,1.91490461,3.016757466,0.634755903,0.525587627,NA,5.1,0.2
Zfp976,0,0,0,0,1,NA,2.7,4.7
Zfp985,0.594998174,-0.841346701,2.979578375,-0.282371059,0.777659004,NA,4.8,4.3
Zfp988,0,0,0,0,1,NA,3.6,0
Zfp991,0.040056325,1.126524066,3.026154283,0.372262602,0.70969734,NA,0,4.1
Zfp992,0.646534669,-2.196732517,2.972496406,-0.739019402,0.459895216,NA,4.3,5.6
Zic5,0,0,0,0,1,NA,0,4.9
Zik1,1.232052107,-2.75484809,2.963862572,-0.929479024,0.352640891,NA,2.5,9.4
Zkscan2,0.342890753,3.039705998,3.010680965,1.009640687,0.312667469,NA,0.8,0
Zmat4,0,0,0,0,1,NA,0,2.4
Zmynd10,0.109691609,0.265201602,3.024208348,0.087692901,0.930120762,NA,0,3.8
Znf41-ps,0.403155094,-1.519488764,2.981979275,-0.509557117,0.610361773,NA,0,1.6
Zscan2,0.0894619,2.059658844,3.023202765,0.681283726,0.495691979,NA,4.1,2.8
Zscan25,0,0,0,0,1,NA,0,15.6
Zswim5,0.743569978,-2.397730286,2.970432606,-0.807199019,0.419551831,NA,0,8.6
